receive_epoch_s,odom_stamp_s,x,y,z,vx,vy,vz,solid_clearance_m,nearest_cylinder_index
1789408003.3913524,1789408003.390335,0.0,0.0,1.5,0.0,0.0,0.0,4.19999965525104,281
1789408003.4010243,1789408003.4003193,0.0,0.0,1.5,0.0,0.0,0.0,4.19999965525104,281
1789408003.4110398,1789408003.4104607,0.0,0.0,1.5,0.0,0.0,0.0,4.19999965525104,281
1789408003.4208608,1789408003.4203258,0.0,0.0,1.5,0.0,0.0,0.0,4.19999965525104,281
1789408003.4310606,1789408003.430404,0.0,0.0,1.5,0.0,0.0,0.0,4.19999965525104,281
1789408003.4408207,1789408003.4402971,0.0,0.0,1.5,0.0,0.0,0.0,4.19999965525104,281
1789408003.4508703,1789408003.4502938,0.0,0.0,1.5,0.0,0.0,0.0,4.19999965525104,281
1789408003.4608614,1789408003.460295,0.0,0.0,1.5,0.0,0.0,0.0,4.19999965525104,281
1789408003.4709938,1789408003.4703262,0.0,0.0,1.5,0.0,0.0,0.0,4.19999965525104,281
1789408003.4812403,1789408003.4803333,0.0,0.0,1.5,0.0,0.0,0.0,4.19999965525104,281
1789408003.49122,1789408003.4903343,0.0,0.0,1.5,0.0,0.0,0.0,4.19999965525104,281
1789408003.501031,1789408003.5002952,0.0,0.0,1.5,0.0,0.0,0.0,4.19999965525104,281
1789408003.5109262,1789408003.510341,0.0,0.0,1.5,0.0,0.0,0.0,4.19999965525104,281
1789408003.5209565,1789408003.5203242,0.0,0.0,1.5,0.0,0.0,0.0,4.19999965525104,281
1789408003.5312238,1789408003.5303419,0.0,0.0,1.5,0.0,0.0,0.0,4.19999965525104,281
1789408003.5411983,1789408003.5404,0.0,0.0,1.5,0.0,0.0,0.0,4.19999965525104,281
1789408003.5510874,1789408003.550294,0.0,0.0,1.5,0.0,0.0,0.0,4.19999965525104,281
1789408003.5609066,1789408003.560297,0.0,0.0,1.5,0.0,0.0,0.0,4.19999965525104,281
1789408003.5711768,1789408003.570327,0.0,0.0,1.5,0.0,0.0,0.0,4.19999965525104,281
1789408003.5811212,1789408003.5804567,0.0,0.0,1.5,0.0,0.0,0.0,4.19999965525104,281
1789408003.5910468,1789408003.5902936,0.0,0.0,1.5,0.0,0.0,0.0,4.19999965525104,281
1789408003.600999,1789408003.600297,0.0,0.0,1.5,0.0,0.0,0.0,4.19999965525104,281
1789408003.6110125,1789408003.6102948,0.0,0.0,1.5,0.0,0.0,0.0,4.19999965525104,281
1789408003.620857,1789408003.6203203,0.0,0.0,1.5,0.0,0.0,0.0,4.19999965525104,281
1789408003.6310277,1789408003.6303287,0.0,0.0,1.5,0.0,0.0,0.0,4.19999965525104,281
1789408003.640954,1789408003.640336,0.0,0.0,1.5,0.0,0.0,0.0,4.19999965525104,281
1789408003.65094,1789408003.650293,0.0,0.0,1.5,0.0,0.0,0.0,4.19999965525104,281
1789408003.6610327,1789408003.6603727,0.0,0.0,1.5,0.0,0.0,0.0,4.19999965525104,281
1789408003.6709127,1789408003.6703248,0.0,0.0,1.5,0.0,0.0,0.0,4.19999965525104,281
1789408003.6808164,1789408003.6803417,0.0,0.0,1.5,0.0,0.0,0.0,4.19999965525104,281
1789408003.6909025,1789408003.6903265,0.0,0.0,1.5,0.0,0.0,0.0,4.19999965525104,281
1789408003.7010539,1789408003.7002945,0.0,0.0,1.5,0.0,0.0,0.0,4.19999965525104,281
1789408003.711088,1789408003.710296,0.0,0.0,1.5,0.0,0.0,0.0,4.19999965525104,281
1789408003.7211106,1789408003.7203941,0.0,0.0,1.5,0.0,0.0,0.0,4.19999965525104,281
1789408003.7310295,1789408003.7303023,0.0,0.0,1.5,0.0,0.0,0.0,4.19999965525104,281
1789408003.7410665,1789408003.7402928,0.0,0.0,1.5,0.0,0.0,0.0,4.19999965525104,281
1789408003.751076,1789408003.7502992,0.0,0.0,1.5,0.0,0.0,0.0,4.19999965525104,281
1789408003.7610579,1789408003.7602932,0.0,0.0,1.5,0.0,0.0,0.0,4.19999965525104,281
1789408003.77113,1789408003.7703233,0.0,0.0,1.5,0.0,0.0,0.0,4.19999965525104,281
1789408003.7811837,1789408003.7803378,0.0,0.0,1.5,0.0,0.0,0.0,4.19999965525104,281
1789408003.7909665,1789408003.790384,0.0,0.0,1.5,0.0,0.0,0.0,4.19999965525104,281
1789408003.8009744,1789408003.8004525,0.0,0.0,1.5,0.0,0.0,0.0,4.19999965525104,281
1789408003.8109894,1789408003.8104062,0.0,0.0,1.5,0.0,0.0,0.0,4.19999965525104,281
1789408003.821013,1789408003.8204567,0.0,0.0,1.5,0.0,0.0,0.0,4.19999965525104,281
1789408003.8310506,1789408003.8304725,0.0,0.0,1.5,0.0,0.0,0.0,4.19999965525104,281
1789408003.8409662,1789408003.8402927,0.0,0.0,1.5,0.0,0.0,0.0,4.19999965525104,281
1789408003.851017,1789408003.8503878,0.0,0.0,1.5,0.0,0.0,0.0,4.19999965525104,281
1789408003.8610198,1789408003.860292,0.0,0.0,1.5,0.0,0.0,0.0,4.19999965525104,281
1789408003.8710194,1789408003.8703334,0.0,0.0,1.5,0.0,0.0,0.0,4.19999965525104,281
1789408003.881021,1789408003.880331,0.0,0.0,1.5,0.0,0.0,0.0,4.19999965525104,281
1789408003.89105,1789408003.8903227,0.0,0.0,1.5,0.0,0.0,0.0,4.19999965525104,281
1789408003.901153,1789408003.900292,0.0,0.0,1.5,0.0,0.0,0.0,4.19999965525104,281
1789408003.9110222,1789408003.910292,0.0,0.0,1.5,0.0,0.0,0.0,4.19999965525104,281
1789408003.921048,1789408003.9203315,0.0,0.0,1.5,0.0,0.0,0.0,4.19999965525104,281
1789408003.9310725,1789408003.9303308,0.0,0.0,1.5,0.0,0.0,0.0,4.19999965525104,281
1789408003.941115,1789408003.94034,0.0,0.0,1.5,0.0,0.0,0.0,4.19999965525104,281
1789408003.9510946,1789408003.9502928,0.0,0.0,1.5,0.0,0.0,0.0,4.19999965525104,281
1789408003.961003,1789408003.9602933,0.0,0.0,1.5,0.0,0.0,0.0,4.19999965525104,281
1789408003.9710855,1789408003.9703228,0.0,0.0,1.5,0.0,0.0,0.0,4.19999965525104,281
1789408003.9811459,1789408003.9803317,0.0,0.0,1.5,0.0,0.0,0.0,4.19999965525104,281
1789408003.991023,1789408003.99033,0.0,0.0,1.5,0.0,0.0,0.0,4.19999965525104,281
1789408004.0010908,1789408004.0002947,0.0,0.0,1.5,0.0,0.0,0.0,4.19999965525104,281
1789408004.011115,1789408004.010319,0.0,0.0,1.5,0.0,0.0,0.0,4.19999965525104,281
1789408004.0209844,1789408004.0203218,0.0,0.0,1.5,0.0,0.0,0.0,4.19999965525104,281
1789408004.031117,1789408004.030336,0.0,0.0,1.5,0.0,0.0,0.0,4.19999965525104,281
1789408004.0409327,1789408004.0403352,0.0,0.0,1.5,0.0,0.0,0.0,4.19999965525104,281
1789408004.0509727,1789408004.050295,0.0,0.0,1.5,0.0,0.0,0.0,4.19999965525104,281
1789408004.0611577,1789408004.0602922,0.0,0.0,1.5,0.0,0.0,0.0,4.19999965525104,281
1789408004.0708864,1789408004.0703242,0.0,0.0,1.5,0.0,0.0,0.0,4.19999965525104,281
1789408004.0808463,1789408004.0803328,0.0,0.0,1.5,0.0,0.0,0.0,4.19999965525104,281
1789408004.09099,1789408004.0903273,0.0,0.0,1.5,0.0,0.0,0.0,4.19999965525104,281
1789408004.1010795,1789408004.1004875,0.0,0.0,1.5,0.0,0.0,0.0,4.19999965525104,281
1789408004.1110842,1789408004.1103046,0.0,0.0,1.5,0.0,0.0,0.0,4.19999965525104,281
1789408004.1210673,1789408004.120321,0.0,0.0,1.5,0.0,0.0,0.0,4.19999965525104,281
1789408004.1311288,1789408004.1304026,0.0,0.0,1.5,0.0,0.0,0.0,4.19999965525104,281
1789408004.140939,1789408004.1403189,0.0,0.0,1.5,0.0,0.0,0.0,4.19999965525104,281
1789408004.1508334,1789408004.1503193,0.0,0.0,1.5,0.0,0.0,0.0,4.19999965525104,281
1789408004.160678,1789408004.1603315,0.0,0.0,1.5,0.0,0.0,0.0,4.19999965525104,281
1789408004.1708715,1789408004.170319,0.0,0.0,1.5,0.0,0.0,0.0,4.19999965525104,281
1789408004.1808898,1789408004.1803248,0.0,0.0,1.5,0.0,0.0,0.0,4.19999965525104,281
1789408004.1909668,1789408004.190335,0.0,0.0,1.5,0.0,0.0,0.0,4.19999965525104,281
1789408004.2009168,1789408004.200317,0.0,0.0,1.5,0.0,0.0,0.0,4.19999965525104,281
1789408004.2108247,1789408004.2103214,0.0,0.0,1.5,0.0,0.0,0.0,4.19999965525104,281
1789408004.220927,1789408004.2203164,0.0,0.0,1.5,0.0,0.0,0.0,4.19999965525104,281
1789408004.2309184,1789408004.230318,0.0,0.0,1.5,0.0,0.0,0.0,4.19999965525104,281
1789408004.240912,1789408004.2403216,0.0,0.0,1.5,0.0,0.0,0.0,4.19999965525104,281
1789408004.250971,1789408004.2504084,0.0,0.0,1.5,0.0,0.0,0.0,4.19999965525104,281
1789408004.2608893,1789408004.2602828,0.0,0.0,1.5,0.0,0.0,0.0,4.19999965525104,281
1789408004.270815,1789408004.270324,0.0,0.0,1.5,0.0,0.0,0.0,4.19999965525104,281
1789408004.2808838,1789408004.2803276,0.0,0.0,1.5,0.0,0.0,0.0,4.19999965525104,281
1789408004.2910736,1789408004.2903364,0.0,0.0,1.5,0.0,0.0,0.0,4.19999965525104,281
1789408004.300969,1789408004.3003302,0.0,0.0,1.5,0.0,0.0,0.0,4.19999965525104,281
1789408004.3107505,1789408004.3103201,0.0,0.0,1.5,0.0,0.0,0.0,4.19999965525104,281
1789408004.3208985,1789408004.3203247,0.0,0.0,1.5,0.0,0.0,0.0,4.19999965525104,281
1789408004.330889,1789408004.330324,0.0,0.0,1.5,0.0,0.0,0.0,4.19999965525104,281
1789408004.3408074,1789408004.3403184,0.0,0.0,1.5,0.0,0.0,0.0,4.19999965525104,281
1789408004.3508286,1789408004.3503156,0.0,0.0,1.5,0.0,0.0,0.0,4.19999965525104,281
1789408004.360675,1789408004.3603256,0.0,0.0,1.5,0.0,0.0,0.0,4.19999965525104,281
1789408004.3709972,1789408004.3703256,0.0,0.0,1.5,0.0,0.0,0.0,4.19999965525104,281
1789408004.3810337,1789408004.3803248,0.0,0.0,1.5,0.0,0.0,0.0,4.19999965525104,281
1789408004.3909802,1789408004.3903174,0.0,0.0,1.5,0.0,0.0,0.0,4.19999965525104,281
1789408004.4011986,1789408004.400321,0.0,0.0,1.5,0.0,0.0,0.0,4.19999965525104,281
1789408004.4113905,1789408004.4103262,0.0,0.0,1.5,0.0,0.0,0.0,4.19999965525104,281
1789408004.4212303,1789408004.4203548,0.0,0.0,1.5,0.0,0.0,0.0,4.19999965525104,281
1789408004.4310856,1789408004.4303215,0.0,0.0,1.5,0.0,0.0,0.0,4.19999965525104,281
1789408004.4411452,1789408004.4403272,0.0,0.0,1.5,0.0,0.0,0.0,4.19999965525104,281
1789408004.451092,1789408004.4502838,0.0,0.0,1.5,0.0,0.0,0.0,4.19999965525104,281
1789408004.4612591,1789408004.4604113,0.0,0.0,1.5,0.0,0.0,0.0,4.19999965525104,281
1789408004.4712377,1789408004.4704049,0.0,0.0,1.5,0.0,0.0,0.0,4.19999965525104,281
1789408004.4810941,1789408004.4804454,0.0,0.0,1.5,0.0,0.0,0.0,4.19999965525104,281
1789408004.4910736,1789408004.4904509,0.0,0.0,1.5,0.0,0.0,0.0,4.19999965525104,281
1789408004.5012991,1789408004.5004117,0.0,0.0,1.5,0.0,0.0,0.0,4.19999965525104,281
1789408004.5111299,1789408004.5104084,0.0,0.0,1.5,0.0,0.0,0.0,4.19999965525104,281
1789408004.5212255,1789408004.5204036,0.0,0.0,1.5,0.0,0.0,0.0,4.19999965525104,281
1789408004.5309632,1789408004.5303283,0.0,0.0,1.5,0.0,0.0,0.0,4.19999965525104,281
1789408004.5412543,1789408004.5404594,0.0,0.0,1.5,0.0,0.0,0.0,4.19999965525104,281
1789408004.5511663,1789408004.5503526,0.0,0.0,1.5,0.0,0.0,0.0,4.19999965525104,281
1789408004.561137,1789408004.5602937,0.0,0.0,1.5,0.0,0.0,0.0,4.19999965525104,281
1789408004.5711496,1789408004.5703297,0.0,0.0,1.5,0.0,0.0,0.0,4.19999965525104,281
1789408004.5812275,1789408004.5803306,0.0,0.0,1.5,0.0,0.0,0.0,4.19999965525104,281
1789408004.591191,1789408004.5903275,0.0,0.0,1.5,0.0,0.0,0.0,4.19999965525104,281
1789408004.6009378,1789408004.6003265,0.0,0.0,1.5,0.0,0.0,0.0,4.19999965525104,281
1789408004.6109154,1789408004.6103024,0.0,0.0,1.5,0.0,0.0,0.0,4.19999965525104,281
1789408004.6211264,1789408004.6203287,0.0,0.0,1.5,0.0,0.0,0.0,4.19999965525104,281
1789408004.6312163,1789408004.6303267,0.0,0.0,1.5,0.0,0.0,0.0,4.19999965525104,281
1789408004.6409676,1789408004.6403196,0.0,0.0,1.5,0.0,0.0,0.0,4.19999965525104,281
1789408004.6510024,1789408004.6503234,0.0,0.0,1.5,0.0,0.0,0.0,4.19999965525104,281
1789408004.6611102,1789408004.6603162,0.0,0.0,1.5,0.0,0.0,0.0,4.19999965525104,281
1789408004.6710916,1789408004.6703284,0.0,0.0,1.5,0.0,0.0,0.0,4.19999965525104,281
1789408004.681165,1789408004.6803293,0.0,0.0,1.5,0.0,0.0,0.0,4.19999965525104,281
1789408004.6911619,1789408004.6903327,0.0,0.0,1.5,0.0,0.0,0.0,4.19999965525104,281
1789408004.7009187,1789408004.7002835,0.0,0.0,1.5,0.0,0.0,0.0,4.19999965525104,281
1789408004.710994,1789408004.7103326,0.0,0.0,1.5,0.0,0.0,0.0,4.19999965525104,281
1789408004.7210982,1789408004.720326,0.0,0.0,1.5,0.0,0.0,0.0,4.19999965525104,281
1789408004.731063,1789408004.7303195,0.0,0.0,1.5,0.0,0.0,0.0,4.19999965525104,281
1789408004.741113,1789408004.740315,0.0,0.0,1.5,0.0,0.0,0.0,4.19999965525104,281
1789408004.7510104,1789408004.7503183,0.0,0.0,1.5,0.0,0.0,0.0,4.19999965525104,281
1789408004.7610288,1789408004.7603178,0.0,0.0,1.5,0.0,0.0,0.0,4.19999965525104,281
1789408004.7710547,1789408004.770316,0.0,0.0,1.5,0.0,0.0,0.0,4.19999965525104,281
1789408004.7811375,1789408004.7803228,0.0,0.0,1.5,0.0,0.0,0.0,4.19999965525104,281
1789408004.79108,1789408004.7903187,0.0,0.0,1.5,0.0,0.0,0.0,4.19999965525104,281
1789408004.8009472,1789408004.8003163,0.0,0.0,1.5,0.0,0.0,0.0,4.19999965525104,281
1789408004.811087,1789408004.8103235,0.0,0.0,1.5,0.0,0.0,0.0,4.19999965525104,281
1789408004.8210993,1789408004.8203173,0.0,0.0,1.5,0.0,0.0,0.0,4.19999965525104,281
1789408004.831106,1789408004.8303194,0.0,0.0,1.5,0.0,0.0,0.0,4.19999965525104,281
1789408004.8409598,1789408004.840291,0.0,0.0,1.5,0.0,0.0,0.0,4.19999965525104,281
1789408004.8511333,1789408004.8504279,0.0,0.0,1.5,0.0,0.0,0.0,4.19999965525104,281
1789408004.8610485,1789408004.8602817,0.0,0.0,1.5,0.0,0.0,0.0,4.19999965525104,281
1789408004.8712146,1789408004.8703187,0.0,0.0,1.5,0.0,0.0,0.0,4.19999965525104,281
1789408004.8810782,1789408004.8803208,0.0,0.0,1.5,0.0,0.0,0.0,4.19999965525104,281
1789408004.891176,1789408004.8903594,0.0,0.0,1.5,0.0,0.0,0.0,4.19999965525104,281
1789408004.9010756,1789408004.9003203,0.0,0.0,1.5,0.0,0.0,0.0,4.19999965525104,281
1789408004.910884,1789408004.9103005,0.0,0.0,1.5,0.0,0.0,0.0,4.19999965525104,281
1789408004.9209352,1789408004.9203174,0.0,0.0,1.5,0.0,0.0,0.0,4.19999965525104,281
1789408004.9309492,1789408004.9303174,0.0,0.0,1.5,0.0,0.0,0.0,4.19999965525104,281
1789408004.9408617,1789408004.9403226,0.0,0.0,1.5,0.0,0.0,0.0,4.19999965525104,281
1789408004.9508207,1789408004.9503224,0.0,0.0,1.5,0.0,0.0,0.0,4.19999965525104,281
1789408004.9607015,1789408004.9603174,0.0,0.0,1.5,0.0,0.0,0.0,4.19999965525104,281
1789408004.9708388,1789408004.9703171,0.0,0.0,1.5,0.0,0.0,0.0,4.19999965525104,281
1789408004.9814315,1789408004.9804,0.0,0.0,1.5,0.0,0.0,0.0,4.19999965525104,281
1789408004.9912632,1789408004.9903185,0.0,0.0,1.5,0.0,0.0,0.0,4.19999965525104,281
1789408005.0012362,1789408005.0004005,0.0,0.0,1.5,0.0,0.0,0.0,4.19999965525104,281
1789408005.0112727,1789408005.0104742,0.0,0.0,1.5,0.0,0.0,0.0,4.19999965525104,281
1789408005.0212429,1789408005.0204515,0.0,0.0,1.5,0.0,0.0,0.0,4.19999965525104,281
1789408005.031175,1789408005.0304012,0.0,0.0,1.5,0.0,0.0,0.0,4.19999965525104,281
1789408005.0411668,1789408005.0404096,0.0,0.0,1.5,0.0,0.0,0.0,4.19999965525104,281
1789408005.0513134,1789408005.0504227,0.0,0.0,1.5,0.0,0.0,0.0,4.19999965525104,281
1789408005.0612268,1789408005.0603652,0.0,0.0,1.5,0.0,0.0,0.0,4.19999965525104,281
1789408005.0711334,1789408005.0703175,0.0,0.0,1.5,0.0,0.0,0.0,4.19999965525104,281
1789408005.0812182,1789408005.080324,0.0,0.0,1.5,0.0,0.0,0.0,4.19999965525104,281
1789408005.0912166,1789408005.090319,0.0,0.0,1.5,0.0,0.0,0.0,4.19999965525104,281
1789408005.1011777,1789408005.100316,0.0,0.0,1.5,0.0,0.0,0.0,4.19999965525104,281
1789408005.1112807,1789408005.110311,0.0,0.0,1.5,0.0,0.0,0.0,4.19999965525104,281
1789408005.1210895,1789408005.1203175,0.0,0.0,1.5,0.0,0.0,0.0,4.19999965525104,281
1789408005.131189,1789408005.1303172,0.0,0.0,1.5,0.0,0.0,0.0,4.19999965525104,281
1789408005.1411426,1789408005.1403167,0.0,0.0,1.5,0.0,0.0,0.0,4.19999965525104,281
1789408005.1510663,1789408005.150324,0.0,0.0,1.5,0.0,0.0,0.0,4.19999965525104,281
1789408005.1610577,1789408005.1602845,0.0,0.0,1.5,0.0,0.0,0.0,4.19999965525104,281
1789408005.1710906,1789408005.1703174,0.0,0.0,1.5,0.0,0.0,0.0,4.19999965525104,281
1789408005.1812084,1789408005.1803281,0.0,0.0,1.5,0.0,0.0,0.0,4.19999965525104,281
1789408005.1911032,1789408005.190314,0.0,0.0,1.5,0.0,0.0,0.0,4.19999965525104,281
1789408005.2012272,1789408005.2003205,0.0,0.0,1.5,0.0,0.0,0.0,4.19999965525104,281
1789408005.2113018,1789408005.210321,0.0,0.0,1.5,0.0,0.0,0.0,4.19999965525104,281
1789408005.2212732,1789408005.2204022,0.0,0.0,1.5,0.0,0.0,0.0,4.19999965525104,281
1789408005.2312505,1789408005.2303176,0.0,0.0,1.5,0.0,0.0,0.0,4.19999965525104,281
1789408005.2410524,1789408005.2403185,0.0,0.0,1.5,0.0,0.0,0.0,4.19999965525104,281
1789408005.2511003,1789408005.2503173,0.0,0.0,1.5,0.0,0.0,0.0,4.19999965525104,281
1789408005.261103,1789408005.2603242,0.0,0.0,1.5,0.0,0.0,0.0,4.19999965525104,281
1789408005.271142,1789408005.2703142,0.0,0.0,1.5,0.0,0.0,0.0,4.19999965525104,281
1789408005.2811446,1789408005.280326,0.0,0.0,1.5,0.0,0.0,0.0,4.19999965525104,281
1789408005.29122,1789408005.290399,0.0,0.0,1.5,0.0,0.0,0.0,4.19999965525104,281
1789408005.301161,1789408005.300316,0.0,0.0,1.5,0.0,0.0,0.0,4.19999965525104,281
1789408005.3111594,1789408005.3103244,0.0,0.0,1.5,0.0,0.0,0.0,4.19999965525104,281
1789408005.3211489,1789408005.3203154,0.0,0.0,1.5,0.0,0.0,0.0,4.19999965525104,281
1789408005.3312516,1789408005.3303213,0.0,0.0,1.5,0.0,0.0,0.0,4.19999965525104,281
1789408005.3411202,1789408005.3403163,0.0,0.0,1.5,0.0,0.0,0.0,4.19999965525104,281
1789408005.3512065,1789408005.3504007,0.0,0.0,1.5,0.0,0.0,0.0,4.19999965525104,281
1789408005.361238,1789408005.360396,0.0,0.0,1.5,0.0,0.0,0.0,4.19999965525104,281
1789408005.3712137,1789408005.3703196,0.0,0.0,1.5,0.0,0.0,0.0,4.19999965525104,281
1789408005.3812404,1789408005.380317,0.0,0.0,1.5,0.0,0.0,0.0,4.19999965525104,281
1789408005.3911128,1789408005.3903177,0.0,0.0,1.5,0.0,0.0,0.0,4.19999965525104,281
1789408005.4010448,1789408005.400314,0.0,0.0,1.5,0.0,0.0,0.0,4.19999965525104,281
1789408005.411132,1789408005.4103153,0.0,0.0,1.5,0.0,0.0,0.0,4.19999965525104,281
1789408005.4211884,1789408005.4203215,0.0,0.0,1.5,0.0,0.0,0.0,4.19999965525104,281
1789408005.4312658,1789408005.430319,0.0,0.0,1.5,0.0,0.0,0.0,4.19999965525104,281
1789408005.441119,1789408005.440323,0.0,0.0,1.5,0.0,0.0,0.0,4.19999965525104,281
1789408005.451088,1789408005.4503157,0.0,0.0,1.5,0.0,0.0,0.0,4.19999965525104,281
1789408005.4611151,1789408005.4603176,0.0,0.0,1.5,0.0,0.0,0.0,4.19999965525104,281
1789408005.4711475,1789408005.4703147,0.0,0.0,1.5,0.0,0.0,0.0,4.19999965525104,281
1789408005.480989,1789408005.480317,0.0,0.0,1.5,0.0,0.0,0.0,4.19999965525104,281
1789408005.4909928,1789408005.490317,0.0,0.0,1.5,0.0,0.0,0.0,4.19999965525104,281
1789408005.5008364,1789408005.5003183,0.0,0.0,1.5,0.0,0.0,0.0,4.19999965525104,281
1789408005.5108552,1789408005.510285,0.0,0.0,1.5,0.0,0.0,0.0,4.19999965525104,281
1789408005.5208735,1789408005.520398,0.0,0.0,1.5,0.0,0.0,0.0,4.19999965525104,281
1789408005.5308135,1789408005.5303175,0.0,0.0,1.5,0.0,0.0,0.0,4.19999965525104,281
1789408005.5409417,1789408005.5403147,0.0,0.0,1.5,0.0,0.0,0.0,4.19999965525104,281
1789408005.5510776,1789408005.5503151,0.0,0.0,1.5,0.0,0.0,0.0,4.19999965525104,281
1789408005.5611057,1789408005.5602922,0.0,0.0,1.5,0.0,0.0,0.0,4.19999965525104,281
1789408005.5710728,1789408005.5703151,0.0,0.0,1.5,0.0,0.0,0.0,4.19999965525104,281
1789408005.5811057,1789408005.5803485,0.0,0.0,1.5,0.0,0.0,0.0,4.19999965525104,281
1789408005.590881,1789408005.590282,0.0,0.0,1.5,0.0,0.0,0.0,4.19999965525104,281
1789408005.600758,1789408005.6003156,0.0,0.0,1.5,0.0,0.0,0.0,4.19999965525104,281
1789408005.610768,1789408005.6102793,0.0,0.0,1.5,0.0,0.0,0.0,4.19999965525104,281
1789408005.6206992,1789408005.620337,0.0,0.0,1.5,0.0,0.0,0.0,4.19999965525104,281
1789408005.6310484,1789408005.6303496,0.0,0.0,1.5,0.0,0.0,0.0,4.19999965525104,281
1789408005.640997,1789408005.640332,0.0,0.0,1.5,0.0,0.0,0.0,4.19999965525104,281
1789408005.6514065,1789408005.6502976,0.0,0.0,1.5,0.0,0.0,0.0,4.19999965525104,281
1789408005.6614099,1789408005.6603365,0.0,0.0,1.5,0.0,0.0,0.0,4.19999965525104,281
1789408005.6717627,1789408005.6703482,0.0,0.0,1.5,0.0,0.0,0.0,4.19999965525104,281
1789408005.6814384,1789408005.6803377,0.0,0.0,1.5,0.0,0.0,0.0,4.19999965525104,281
1789408005.6913586,1789408005.6903481,0.0,0.0,1.5,0.0,0.0,0.0,4.19999965525104,281
1789408005.7010114,1789408005.7003183,0.0,0.0,1.5,0.0,0.0,0.0,4.19999965525104,281
1789408005.7111733,1789408005.7103312,0.0,0.0,1.5,0.0,0.0,0.0,4.19999965525104,281
1789408005.7221806,1789408005.7206142,0.0,0.0,1.5,0.0,0.0,0.0,4.19999965525104,281
1789408005.7317312,1789408005.73045,0.0,0.0,1.5,0.0,0.0,0.0,4.19999965525104,281
1789408005.7420602,1789408005.7405632,0.0,0.0,1.5,0.0,0.0,0.0,4.19999965525104,281
1789408005.7516475,1789408005.7505162,0.0,0.0,1.5,0.0,0.0,0.0,4.19999965525104,281
1789408005.761692,1789408005.7604504,0.0,0.0,1.5,0.0,0.0,0.0,4.19999965525104,281
1789408005.7720873,1789408005.7704897,0.0,0.0,1.5,0.0,0.0,0.0,4.19999965525104,281
1789408005.781441,1789408005.7803333,0.0,0.0,1.5,0.0,0.0,0.0,4.19999965525104,281
1789408005.791115,1789408005.7904315,0.0,0.0,1.5,0.0,0.0,0.0,4.19999965525104,281
1789408005.8009768,1789408005.8003476,0.0,0.0,1.5,0.0,0.0,0.0,4.19999965525104,281
1789408005.8112538,1789408005.8103034,0.0,0.0,1.5,0.0,0.0,0.0,4.19999965525104,281
1789408005.8219314,1789408005.8203328,0.0,0.0,1.5,0.0,0.0,0.0,4.19999965525104,281
1789408005.831782,1789408005.8303351,0.0,0.0,1.5,0.0,0.0,0.0,4.19999965525104,281
1789408005.8419127,1789408005.8404531,0.0,0.0,1.5,0.0,0.0,0.0,4.19999965525104,281
1789408005.8518097,1789408005.8503418,0.0,0.0,1.5,0.0,0.0,0.0,4.19999965525104,281
1789408005.8614433,1789408005.8603432,0.0,0.0,1.5,0.0,0.0,0.0,4.19999965525104,281
1789408005.8715405,1789408005.8703513,0.0,0.0,1.5,0.0,0.0,0.0,4.19999965525104,281
1789408005.8814607,1789408005.8803604,0.0,0.0,1.5,0.0,0.0,0.0,4.19999965525104,281
1789408005.8917124,1789408005.890537,0.0,0.0,1.5,0.0,0.0,0.0,4.19999965525104,281
1789408005.901101,1789408005.900315,0.0,0.0,1.5,0.0,0.0,0.0,4.19999965525104,281
1789408005.9115412,1789408005.9103944,0.0,0.0,1.5,0.0,0.0,0.0,4.19999965525104,281
1789408005.9217207,1789408005.9204035,0.0,0.0,1.5,0.0,0.0,0.0,4.19999965525104,281
1789408005.9318879,1789408005.930515,0.0,0.0,1.5,0.0,0.0,0.0,4.19999965525104,281
1789408005.9418132,1789408005.9403307,0.0,0.0,1.5,0.0,0.0,0.0,4.19999965525104,281
1789408005.9515882,1789408005.9502914,0.0,0.0,1.5,0.0,0.0,0.0,4.19999965525104,281
1789408005.9620097,1789408005.9603033,0.0,0.0,1.5,0.0,0.0,0.0,4.19999965525104,281
1789408005.97161,1789408005.970327,0.0,0.0,1.5,0.0,0.0,0.0,4.19999965525104,281
1789408005.981572,1789408005.980331,0.0,0.0,1.5,0.0,0.0,0.0,4.19999965525104,281
1789408005.9916027,1789408005.990398,0.0,0.0,1.5,0.0,0.0,0.0,4.19999965525104,281
1789408006.0012856,1789408006.000397,0.0,0.0,1.5,0.0,0.0,0.0,4.19999965525104,281
1789408006.0115247,1789408006.01052,0.0,0.0,1.5,0.0,0.0,0.0,4.19999965525104,281
1789408006.02179,1789408006.0207279,0.0,0.0,1.5,0.0,0.0,0.0,4.19999965525104,281
1789408006.0310504,1789408006.0303721,0.0,0.0,1.5,0.0,0.0,0.0,4.19999965525104,281
1789408006.0407617,1789408006.0402863,0.0,0.0,1.5,0.0,0.0,0.0,4.19999965525104,281
1789408006.0510056,1789408006.0503156,0.0,0.0,1.5,0.0,0.0,0.0,4.19999965525104,281
1789408006.060839,1789408006.0603383,0.0,0.0,1.5,0.0,0.0,0.0,4.19999965525104,281
1789408006.0708084,1789408006.070342,0.0,0.0,1.5,0.0,0.0,0.0,4.19999965525104,281
1789408006.0809693,1789408006.0803206,0.0,0.0,1.5,0.0,0.0,0.0,4.19999965525104,281
1789408006.0908406,1789408006.090322,0.0,0.0,1.5,0.0,0.0,0.0,4.19999965525104,281
1789408006.10086,1789408006.1003282,0.0,0.0,1.5,0.0,0.0,0.0,4.19999965525104,281
1789408006.1108537,1789408006.110331,0.0,0.0,1.5,0.0,0.0,0.0,4.19999965525104,281
1789408006.1208465,1789408006.1203206,0.0,0.0,1.5,0.0,0.0,0.0,4.19999965525104,281
1789408006.1309397,1789408006.1303315,0.0,0.0,1.5,0.0,0.0,0.0,4.19999965525104,281
1789408006.1409762,1789408006.140321,0.0,0.0,1.5,0.0,0.0,0.0,4.19999965525104,281
1789408006.150844,1789408006.1503203,0.0,0.0,1.5,0.0,0.0,0.0,4.19999965525104,281
1789408006.1611004,1789408006.1603656,0.0,0.0,1.5,0.0,0.0,0.0,4.19999965525104,281
1789408006.17085,1789408006.1703193,0.0,0.0,1.5,0.0,0.0,0.0,4.19999965525104,281
1789408006.1809864,1789408006.1803358,0.0,0.0,1.5,0.0,0.0,0.0,4.19999965525104,281
1789408006.19143,1789408006.1903422,0.0,0.0,1.5,0.0,0.0,0.0,4.19999965525104,281
1789408006.2009778,1789408006.2003229,0.0,0.0,1.5,0.0,0.0,0.0,4.19999965525104,281
1789408006.2108855,1789408006.2103274,0.0,0.0,1.5,0.0,0.0,0.0,4.19999965525104,281
1789408006.2210603,1789408006.2202964,0.0,0.0,1.5,0.0,0.0,0.0,4.19999965525104,281
1789408006.2309232,1789408006.2303221,0.0,0.0,1.5,0.0,0.0,0.0,4.19999965525104,281
1789408006.2408493,1789408006.24034,0.0,0.0,1.5,0.0,0.0,0.0,4.19999965525104,281
1789408006.2511797,1789408006.2503908,0.0,0.0,1.5,0.0,0.0,0.0,4.19999965525104,281
1789408006.2608638,1789408006.2602868,0.0,0.0,1.5,0.0,0.0,0.0,4.19999965525104,281
1789408006.2708669,1789408006.2702882,0.0,0.0,1.5,0.0,0.0,0.0,4.19999965525104,281
1789408006.2813468,1789408006.2804933,0.0,0.0,1.5,0.0,0.0,0.0,4.19999965525104,281
1789408006.291269,1789408006.2904549,0.0,0.0,1.5,0.0,0.0,0.0,4.19999965525104,281
1789408006.3011634,1789408006.3004296,0.0,0.0,1.5,0.0,0.0,0.0,4.19999965525104,281
1789408006.310909,1789408006.3104036,0.0,0.0,1.5,0.0,0.0,0.0,4.19999965525104,281
1789408006.321061,1789408006.3204207,0.0,0.0,1.5,0.0,0.0,0.0,4.19999965525104,281
1789408006.331288,1789408006.3303936,0.0,0.0,1.5,0.0,0.0,0.0,4.19999965525104,281
1789408006.340866,1789408006.340333,0.0,0.0,1.5,0.0,0.0,0.0,4.19999965525104,281
1789408006.350958,1789408006.3503194,0.0,0.0,1.5,0.0,0.0,0.0,4.19999965525104,281
1789408006.3611426,1789408006.3603585,0.0,0.0,1.5,0.0,0.0,0.0,4.19999965525104,281
1789408006.3710005,1789408006.3704658,0.0,0.0,1.5,0.0,0.0,0.0,4.19999965525104,281
1789408006.3811011,1789408006.3803313,0.0,0.0,1.5,0.0,0.0,0.0,4.19999965525104,281
1789408006.3912902,1789408006.3904493,0.0,0.0,1.5,0.0,0.0,0.0,4.19999965525104,281
1789408006.4011214,1789408006.4004023,0.0,0.0,1.5,0.0,0.0,0.0,4.19999965525104,281
1789408006.411066,1789408006.4104705,0.0,0.0,1.5,0.0,0.0,0.0,4.19999965525104,281
1789408006.4209235,1789408006.4203007,0.0,0.0,1.5,0.0,0.0,0.0,4.19999965525104,281
1789408006.4310694,1789408006.4303143,0.0,0.0,1.5,0.0,0.0,0.0,4.19999965525104,281
1789408006.44097,1789408006.440321,0.0,0.0,1.5,0.0,0.0,0.0,4.19999965525104,281
1789408006.4510174,1789408006.450324,0.0,0.0,1.5,0.0,0.0,0.0,4.19999965525104,281
1789408006.461234,1789408006.4602942,0.0,0.0,1.5,0.0,0.0,0.0,4.19999965525104,281
1789408006.4708185,1789408006.4702828,0.0,0.0,1.5,0.0,0.0,0.0,4.19999965525104,281
1789408006.4812152,1789408006.480339,0.0,0.0,1.5,0.0,0.0,0.0,4.19999965525104,281
1789408006.4908335,1789408006.4903462,0.0,0.0,1.5,0.0,0.0,0.0,4.19999965525104,281
1789408006.500997,1789408006.5003366,0.0,0.0,1.5,0.0,0.0,0.0,4.19999965525104,281
1789408006.5109744,1789408006.5103,0.0,0.0,1.5,0.0,0.0,0.0,4.19999965525104,281
1789408006.520863,1789408006.5202909,0.0,0.0,1.5,0.0,0.0,0.0,4.19999965525104,281
1789408006.5311644,1789408006.5303328,0.0,0.0,1.5,0.0,0.0,0.0,4.19999965525104,281
1789408006.5410395,1789408006.540324,0.0,0.0,1.5,0.0,0.0,0.0,4.19999965525104,281
1789408006.5509486,1789408006.5503228,0.0,0.0,1.5,0.0,0.0,0.0,4.19999965525104,281
1789408006.5609853,1789408006.5602915,0.0,0.0,1.5,0.0,0.0,0.0,4.19999965525104,281
1789408006.570871,1789408006.5703216,0.0,0.0,1.5,0.0,0.0,0.0,4.19999965525104,281
1789408006.5810533,1789408006.5803316,0.0,0.0,1.5,0.0,0.0,0.0,4.19999965525104,281
1789408006.5912201,1789408006.5903282,0.0,0.0,1.5,0.0,0.0,0.0,4.19999965525104,281
1789408006.6011212,1789408006.600339,0.0,0.0,1.5,0.0,0.0,0.0,4.19999965525104,281
1789408006.6111457,1789408006.61028,0.0,0.0,1.5,0.0,0.0,0.0,4.19999965525104,281
1789408006.6210582,1789408006.620308,0.0,0.0,1.5,0.0,0.0,0.0,4.19999965525104,281
1789408006.631106,1789408006.6303084,0.0,0.0,1.5,0.0,0.0,0.0,4.19999965525104,281
1789408006.6409547,1789408006.6403315,0.0,0.0,1.5,0.0,0.0,0.0,4.19999965525104,281
1789408006.6509228,1789408006.650317,0.0,0.0,1.5,0.0,0.0,0.0,4.19999965525104,281
1789408006.6609802,1789408006.6603312,0.0,0.0,1.5,0.0,0.0,0.0,4.19999965525104,281
1789408006.67116,1789408006.6703258,0.0,0.0,1.5,0.0,0.0,0.0,4.19999965525104,281
1789408006.6813235,1789408006.6803327,0.0,0.0,1.5,0.0,0.0,0.0,4.19999965525104,281
1789408006.6910415,1789408006.6902947,0.0,0.0,1.5,0.0,0.0,0.0,4.19999965525104,281
1789408006.7012286,1789408006.7003417,0.0,0.0,1.5,0.0,0.0,0.0,4.19999965525104,281
1789408006.7111247,1789408006.7102916,0.0,0.0,1.5,0.0,0.0,0.0,4.19999965525104,281
1789408006.7211077,1789408006.7203014,0.0,0.0,1.5,0.0,0.0,0.0,4.19999965525104,281
1789408006.731091,1789408006.7303214,0.0,0.0,1.5,0.0,0.0,0.0,4.19999965525104,281
1789408006.7411568,1789408006.740332,0.0,0.0,1.5,0.0,0.0,0.0,4.19999965525104,281
1789408006.7511277,1789408006.750326,0.0,0.0,1.5,0.0,0.0,0.0,4.19999965525104,281
1789408006.7610798,1789408006.7603571,0.05371500073487843,0.04983899983346475,1.51986972927238,0.6343368408246839,0.5611920206478095,-0.11435787841887869,4.127024472396166,279
1789408006.7709537,1789408006.7703202,0.060520394422351395,0.055881290111711404,1.5186412631793187,0.7318408895242582,0.6520172425347207,-0.13227004546247081,4.117982025085416,279
1789408006.781223,1789408006.7803316,0.06839908998923672,0.0629266156513873,1.5172154627038454,0.836199962298614,0.7504152595425828,-0.15151190976938647,4.107476462669035,279
1789408006.7911618,1789408006.7903323,0.0772452693583369,0.07089494636253393,1.5156106101881635,0.9448069104932182,0.8541227806348624,-0.17160900651555272,4.095638109228369,279
1789408006.801192,1789408006.8003185,0.0772452693583369,0.07089494636253393,1.5156106101881635,0.9448069104932182,0.8541227806348624,-0.17160900651555272,4.095638109228369,279
1789408006.8109632,1789408006.8102973,0.09845708793558831,0.09022250871681185,1.5117482313455366,1.1778213558880704,1.0811857157033922,-0.21495273390474406,4.067088498921656,279
1789408006.8208468,1789408006.820301,0.1109325916863677,0.10172078288669471,1.5094687738359054,1.3010913683508931,1.2038987382614899,-0.23799572076464187,4.0502005979776525,279
1789408006.831125,1789408006.8303444,0.12459955490503326,0.11441889810371592,1.5069659868080807,1.4269960521514597,1.3311660053547725,-0.26160399531423384,4.0316246754567215,279
1789408006.8408082,1789408006.840301,0.1395071086989571,0.1283837826525578,1.5042300979789294,1.5551732320024334,1.4628210487208058,-0.2857073185859823,4.011278194287288,279
1789408006.8509367,1789408006.8504303,0.15556980668929263,0.14355702764920292,1.501276123924539,1.6841951661347099,1.597581270681502,-0.3100324713475463,3.9892617349717545,279
1789408006.8610098,1789408006.8603377,0.1730006016899438,0.16016382386543265,1.4980642679129121,1.8150536331834144,1.7366857709211034,-0.3347601218507938,3.9652655756269706,279
1789408006.870975,1789408006.8703218,0.1918626718755367,0.17829287609729186,1.4945822271737954,1.9473668975050455,1.879984634518377,-0.35981052170649763,3.9391815576474434,279
1789408006.8810902,1789408006.8803186,0.21200471822249425,0.19782746191814057,1.4908574590327586,2.0793568719337907,2.0257827326377122,-0.38483613895773466,3.911197554797492,279
1789408006.8911927,1789408006.890326,0.23344809231349292,0.21881662030211183,1.4868857615903572,2.210592670390175,2.173801686181015,-0.40974115282449075,3.881262780908438,279
1789408006.9008853,1789408006.9002943,0.23344809231349292,0.21881662030211183,1.4868857615903572,2.210592670390175,2.173801686181015,-0.40974115282449075,3.881262780908438,279
1789408006.9109268,1789408006.9103212,0.28023551402863056,0.2652769230990873,1.4782020277182388,2.4686358562956303,2.474847339886255,-0.4587077086115286,3.815454781097653,279
1789408006.9208007,1789408006.9202945,0.30563295514821237,0.29086682651040213,1.473480499581565,2.5947041463415954,2.627426919101962,-0.48258571539129397,3.7794572634217167,279
1789408006.9311633,1789408006.9303286,0.3322504779048345,0.3179590324881291,1.4685280871575905,2.7176180885067382,2.7802109945898428,-0.505801140833803,3.74152714331272,279
1789408006.9408643,1789408006.9403248,0.3599105076579199,0.3464044014356786,1.463378769558975,2.836282028171202,2.931963551156866,-0.5281180612027293,3.7018937055341676,279
1789408006.9510305,1789408006.9503207,0.38893839541135045,0.3765733561622359,1.4579732044230784,2.9517510254920767,3.0841980509067857,-0.5497013702742188,3.660063806367319,279
1789408006.9609818,1789408006.9603395,0.41898824652094097,0.4081439187612217,1.4523773779066582,3.0623209708135417,3.234833537111007,-0.5701950604746677,3.6165076439496224,279
1789408006.9708765,1789408006.9703174,0.45041951260717544,0.4415337810392263,1.446526354495087,3.16899026047717,3.385401769074983,-0.5897415813681748,3.570674032407981,279
1789408006.9811003,1789408006.9803283,0.4823403185520172,0.4758281999940333,1.4405885026820522,3.268626203487588,3.5315237963971846,-0.6077260161167984,3.523838817840121,279
1789408006.9912238,1789408006.990323,0.5154649700315034,0.5118260878279682,1.4344337025890213,3.363418508548893,3.6764073409225952,-0.6245008733093826,3.4749301500804006,279
1789408007.0009856,1789408007.0003285,0.5154649700315034,0.5118260878279682,1.4344337025890213,3.363418508548893,3.6764073409225952,-0.6245008733093826,3.4749301500804006,279
1789408007.0113182,1789408007.0103302,0.5846507200390865,0.5883674621817561,1.4216128102418333,3.535659647067151,3.9586508392803754,-0.6537014466910867,3.371761967815139,279
1789408007.0210512,1789408007.0203474,0.620248713426464,0.6284701447620495,1.4150406277881158,3.61185588284338,4.093939257383107,-0.665807593295235,3.3181391174309844,279
1789408007.0312011,1789408007.0303051,0.6569159113426228,0.6702948941229188,1.408293433652676,3.6822194639546533,4.226712697009311,-0.6762946467283677,3.262517464117027,279
1789408007.040971,1789408007.0403218,0.6937720065198428,0.7128702205424121,1.4015385636852828,3.7451201355375465,4.353753911402176,-0.6848640285633357,3.2062079366381897,279
1789408007.0508754,1789408007.0502908,0.7316248314923472,0.7571623524878608,1.3946340238025046,3.8020140706578207,4.4778200861126205,-0.6916561646512557,3.1479516912815266,279
1789408007.060827,1789408007.0602922,0.7700898160539219,0.8027657423082951,1.3876574325825175,3.8522658331112605,4.597497390622691,-0.6965141874203313,3.0883075691192774,279
1789408007.0710907,1789408007.070321,0.8086135592909263,0.8490487443306919,1.380716083202703,3.895366573411155,4.711125820109096,-0.6993484295941004,3.0281158155438836,279
1789408007.0813797,1789408007.080302,0.8479177902019439,0.8969082640814541,1.3736880575187949,3.9322856763741356,4.8208363467903705,-0.7001727072433204,2.966227110467117,279
1789408007.091336,1789408007.0903006,0.8479177902019439,0.8969082640814541,1.3736880575187949,3.9322856763741356,4.8208363467903705,-0.7001727072433204,2.966227110467117,279
1789408007.1013064,1789408007.1003025,0.931167082838986,1.0004559233496142,1.3590159104342714,3.988664636704857,5.033262787299797,-0.6951121661452071,2.8335189562041054,279
1789408007.1112027,1789408007.1102946,0.931167082838986,1.0004559233496142,1.3590159104342714,3.988664636704857,5.033262787299797,-0.6951121661452071,2.8335189562041054,279
1789408007.1211474,1789408007.1203113,1.0070314450844546,1.0974639338226817,1.3459538317808002,4.016572698833419,5.204180233858848,-0.6825244347199412,2.710619757452246,279
1789408007.1309676,1789408007.1303222,1.047462888087767,1.1502209040441755,1.3391373351182922,4.023192376861687,5.286737001312119,-0.6727231677774077,2.644341649915136,279
1789408007.1408486,1789408007.1403263,1.087580101367341,1.203307501466314,1.3324884197190119,4.02456420648871,5.3629170064869545,-0.660874166082156,2.5780364251286256,279
1789408007.1508424,1789408007.1502948,1.1277241252682861,1.2571758997643419,1.3259621527801884,4.021127917614587,5.433513463648845,-0.6468983599782818,2.511142934889156,279
1789408007.1606934,1789408007.160321,1.168326263637426,1.3124258438744483,1.319504918722976,4.0131486722043075,5.499258151182672,-0.6306051354779132,2.4429310023211377,279
1789408007.170938,1789408007.1703198,1.2084155742547655,1.3677398319340373,1.3132860216646263,4.001224641276197,5.558657566762363,-0.61238691182947,2.3750335651922083,279
1789408007.1809144,1789408007.1803122,1.247843848445885,1.4228827341015622,1.3073374335880927,3.985976858747856,5.611792213635617,-0.5924038520931203,2.307728663709114,279
1789408007.191141,1789408007.1903143,1.2880182955870478,1.4798244725190215,1.3014647251786053,3.967277188826989,5.660598926449888,-0.5699386960266577,2.238618841279219,279
1789408007.201147,1789408007.2003224,1.2880182955870478,1.4798244725190215,1.3014647251786053,3.967277188826989,5.660598926449888,-0.5699386960266577,2.238618841279219,279
1789408007.2111602,1789408007.2103298,1.2880182955870478,1.4798244725190215,1.3014647251786053,3.967277188826989,5.660598926449888,-0.5699386960266577,2.238618841279219,279
1789408007.2211375,1789408007.2203197,1.2880182955870478,1.4798244725190215,1.3014647251786053,3.967277188826989,5.660598926449888,-0.5699386960266577,2.238618841279219,279
1789408007.2310052,1789408007.2303216,1.2880182955870478,1.4798244725190215,1.3014647251786053,3.967277188826989,5.660598926449888,-0.5699386960266577,2.238618841279219,279
1789408007.2410305,1789408007.2403305,1.2880182955870478,1.4798244725190215,1.3014647251786053,3.967277188826989,5.660598926449888,-0.5699386960266577,2.238618841279219,279
1789408007.251143,1789408007.2503374,1.2880182955870478,1.4798244725190215,1.3014647251786053,3.967277188826989,5.660598926449888,-0.5699386960266577,2.238618841279219,279
1789408007.2613256,1789408007.2603514,1.2880182955870478,1.4798244725190215,1.3014647251786053,3.967277188826989,5.660598926449888,-0.5699386960266577,2.238618841279219,279
1789408007.2711546,1789408007.2703207,1.2880182955870478,1.4798244725190215,1.3014647251786053,3.967277188826989,5.660598926449888,-0.5699386960266577,2.238618841279219,279
1789408007.2810092,1789408007.2803311,1.2880182955870478,1.4798244725190215,1.3014647251786053,3.967277188826989,5.660598926449888,-0.5699386960266577,2.238618841279219,279
1789408007.2912977,1789408007.2903335,1.2880182955870478,1.4798244725190215,1.3014647251786053,3.967277188826989,5.660598926449888,-0.5699386960266577,2.238618841279219,279
1789408007.3011541,1789408007.3003163,1.2880182955870478,1.4798244725190215,1.3014647251786053,3.967277188826989,5.660598926449888,-0.5699386960266577,2.238618841279219,279
1789408007.3110812,1789408007.310282,1.2880182955870478,1.4798244725190215,1.3014647251786053,3.967277188826989,5.660598926449888,-0.5699386960266577,2.238618841279219,279
1789408007.32119,1789408007.3203151,1.2880182955870478,1.4798244725190215,1.3014647251786053,3.967277188826989,5.660598926449888,-0.5699386960266577,2.238618841279219,279
1789408007.3310246,1789408007.33031,1.2880182955870478,1.4798244725190215,1.3014647251786053,3.967277188826989,5.660598926449888,-0.5699386960266577,2.238618841279219,279
1789408007.3409674,1789408007.3403134,1.2880182955870478,1.4798244725190215,1.3014647251786053,3.967277188826989,5.660598926449888,-0.5699386960266577,2.238618841279219,279
1789408007.351055,1789408007.3503087,1.2880182955870478,1.4798244725190215,1.3014647251786053,3.967277188826989,5.660598926449888,-0.5699386960266577,2.238618841279219,279
1789408007.361055,1789408007.3603177,1.2880182955870478,1.4798244725190215,1.3014647251786053,3.967277188826989,5.660598926449888,-0.5699386960266577,2.238618841279219,279
1789408007.3709562,1789408007.3703122,1.2880182955870478,1.4798244725190215,1.3014647251786053,3.967277188826989,5.660598926449888,-0.5699386960266577,2.238618841279219,279
1789408007.3811126,1789408007.3803244,1.2880182955870478,1.4798244725190215,1.3014647251786053,3.967277188826989,5.660598926449888,-0.5699386960266577,2.238618841279219,279
1789408007.3912508,1789408007.3903382,1.2880182955870478,1.4798244725190215,1.3014647251786053,3.967277188826989,5.660598926449888,-0.5699386960266577,2.238618841279219,279
1789408007.4010713,1789408007.400316,1.2880182955870478,1.4798244725190215,1.3014647251786053,3.967277188826989,5.660598926449888,-0.5699386960266577,2.238618841279219,279
1789408007.4108531,1789408007.4103236,1.2880182955870478,1.4798244725190215,1.3014647251786053,3.967277188826989,5.660598926449888,-0.5699386960266577,2.238618841279219,279
1789408007.4211643,1789408007.4203157,1.2880182955870478,1.4798244725190215,1.3014647251786053,3.967277188826989,5.660598926449888,-0.5699386960266577,2.238618841279219,279
1789408007.4311013,1789408007.430312,1.2880182955870478,1.4798244725190215,1.3014647251786053,3.967277188826989,5.660598926449888,-0.5699386960266577,2.238618841279219,279
1789408007.4410172,1789408007.440277,1.2880182955870478,1.4798244725190215,1.3014647251786053,3.967277188826989,5.660598926449888,-0.5699386960266577,2.238618841279219,279
1789408007.4511135,1789408007.4503129,1.2880182955870478,1.4798244725190215,1.3014647251786053,3.967277188826989,5.660598926449888,-0.5699386960266577,2.238618841279219,279
1789408007.460973,1789408007.460281,1.2880182955870478,1.4798244725190215,1.3014647251786053,3.967277188826989,5.660598926449888,-0.5699386960266577,2.238618841279219,279
1789408007.4709814,1789408007.4703143,1.2880182955870478,1.4798244725190215,1.3014647251786053,3.967277188826989,5.660598926449888,-0.5699386960266577,2.238618841279219,279
1789408007.481093,1789408007.48031,1.2880182955870478,1.4798244725190215,1.3014647251786053,3.967277188826989,5.660598926449888,-0.5699386960266577,2.238618841279219,279
1789408007.4910748,1789408007.4903238,1.2880182955870478,1.4798244725190215,1.3014647251786053,3.967277188826989,5.660598926449888,-0.5699386960266577,2.238618841279219,279
1789408007.5009239,1789408007.5003295,1.2880182955870478,1.4798244725190215,1.3014647251786053,3.967277188826989,5.660598926449888,-0.5699386960266577,2.238618841279219,279
1789408007.511156,1789408007.5103188,1.2880182955870478,1.4798244725190215,1.3014647251786053,3.967277188826989,5.660598926449888,-0.5699386960266577,2.238618841279219,279
1789408007.5210605,1789408007.5203292,1.2880182955870478,1.4798244725190215,1.3014647251786053,3.967277188826989,5.660598926449888,-0.5699386960266577,2.238618841279219,279
1789408007.531025,1789408007.530314,1.2880182955870478,1.4798244725190215,1.3014647251786053,3.967277188826989,5.660598926449888,-0.5699386960266577,2.238618841279219,279
1789408007.5410066,1789408007.5403152,1.2880182955870478,1.4798244725190215,1.3014647251786053,3.967277188826989,5.660598926449888,-0.5699386960266577,2.238618841279219,279
1789408007.5510757,1789408007.5503178,1.2880182955870478,1.4798244725190215,1.3014647251786053,3.967277188826989,5.660598926449888,-0.5699386960266577,2.238618841279219,279
1789408007.5611508,1789408007.560324,1.2880182955870478,1.4798244725190215,1.3014647251786053,3.967277188826989,5.660598926449888,-0.5699386960266577,2.238618841279219,279
1789408007.5709143,1789408007.570311,1.2880182955870478,1.4798244725190215,1.3014647251786053,3.967277188826989,5.660598926449888,-0.5699386960266577,2.238618841279219,279
1789408007.5809393,1789408007.5804107,1.2880182955870478,1.4798244725190215,1.3014647251786053,3.967277188826989,5.660598926449888,-0.5699386960266577,2.238618841279219,279
1789408007.5909717,1789408007.590313,1.2880182955870478,1.4798244725190215,1.3014647251786053,3.967277188826989,5.660598926449888,-0.5699386960266577,2.238618841279219,279
1789408007.6010878,1789408007.6002805,1.2880182955870478,1.4798244725190215,1.3014647251786053,3.967277188826989,5.660598926449888,-0.5699386960266577,2.238618841279219,279
1789408007.6109583,1789408007.6103122,1.2880182955870478,1.4798244725190215,1.3014647251786053,3.967277188826989,5.660598926449888,-0.5699386960266577,2.238618841279219,279
1789408007.620807,1789408007.6203218,1.2880182955870478,1.4798244725190215,1.3014647251786053,3.967277188826989,5.660598926449888,-0.5699386960266577,2.238618841279219,279
1789408007.630822,1789408007.6302762,1.2880182955870478,1.4798244725190215,1.3014647251786053,0.0,0.0,0.0,2.238618841279219,279
1789408007.6409934,1789408007.6403193,1.2880182955870478,1.4798244725190215,1.3014647251786053,0.0,0.0,0.0,2.238618841279219,279
1789408007.650872,1789408007.650326,1.2880182955870478,1.4798244725190215,1.3014647251786053,0.0,0.0,0.0,2.238618841279219,279
1789408007.6609352,1789408007.6603644,1.2880182955870478,1.4798244725190215,1.3014647251786053,0.0,0.0,0.0,2.238618841279219,279
1789408007.670899,1789408007.6703315,1.2880182955870478,1.4798244725190215,1.3014647251786053,0.0,0.0,0.0,2.238618841279219,279
1789408007.68111,1789408007.680288,1.2880182955870478,1.4798244725190215,1.3014647251786053,0.0,0.0,0.0,2.238618841279219,279
1789408007.6910713,1789408007.6903505,1.2880182955870478,1.4798244725190215,1.3014647251786053,0.0,0.0,0.0,2.238618841279219,279
1789408007.7009776,1789408007.7003286,1.2880182955870478,1.4798244725190215,1.3014647251786053,0.0,0.0,0.0,2.238618841279219,279
1789408007.7108333,1789408007.7103043,1.2880182955870478,1.4798244725190215,1.3014647251786053,0.0,0.0,0.0,2.238618841279219,279
1789408007.7210858,1789408007.720309,1.2880182955870478,1.4798244725190215,1.3014647251786053,0.0,0.0,0.0,2.238618841279219,279
1789408007.7310963,1789408007.7303267,1.2880182955870478,1.4798244725190215,1.3014647251786053,0.0,0.0,0.0,2.238618841279219,279
1789408007.7409685,1789408007.740335,1.2880182955870478,1.4798244725190215,1.3014647251786053,0.0,0.0,0.0,2.238618841279219,279
1789408007.75097,1789408007.7503276,1.283730103940743,1.4882583235558955,1.322557407665805,0.2553091301863067,0.4077335412037619,-0.0666827099432911,2.235339519151002,279
1789408007.760928,1789408007.760296,1.2865444486335174,1.4928014051189447,1.3218341863451475,0.3074552572469359,0.501370747503155,-0.07776937942610372,2.2300952183345584,279
1789408007.7708786,1789408007.7703197,1.2898918349838249,1.4983200878087182,1.321002319458004,0.3632450495315514,0.6051258160991752,-0.08871777746638568,2.2237738049234155,279
1789408007.7810442,1789408007.7803292,1.2938836020262836,1.5050460118739946,1.3200464193872081,0.423264764004581,0.720967630193189,-0.09940135118994392,2.2161302477874822,279
1789408007.791067,1789408007.7903266,1.2984110282676515,1.512846366567717,1.3190056273074064,0.4848591204639791,0.8445768151315595,-0.10911843343716543,2.207336467147139,279
1789408007.8009155,1789408007.8003366,1.2984110282676515,1.512846366567717,1.3190056273074064,0.4848591204639791,0.8445768151315595,-0.10911843343716543,2.207336467147139,279
1789408007.810979,1789408007.8102899,1.3093226680418342,1.5323140228534553,1.3166688034562013,0.6130845014125353,1.11852149051323,-0.12486495518596573,2.185660703225222,279
1789408007.8211143,1789408007.8203118,1.3157808925349292,1.5442415748610485,1.3153917597809808,0.678973701556718,1.2689604162717898,-0.1302880209944072,2.1725408125604178,279
1789408007.8311245,1789408007.8303182,1.322911765570505,1.5577368582778301,1.3140684226593968,0.745098930409092,1.427419366435025,-0.13361851890569632,2.157822483679912,279
1789408007.8409555,1789408007.8403327,1.3307231446620393,1.5728950282279988,1.312720190217573,0.8108837189170379,1.5933956059714736,-0.13453632075782773,2.1414338363412244,279
1789408007.8509634,1789408007.850323,1.3391859062146705,1.5897443032432914,1.3113767415082067,0.8755237987289046,1.7656970749583671,-0.13273989646751663,2.1233779590187813,279
1789408007.8609407,1789408007.8602953,1.348226442083997,1.6082213743160174,1.3100746439712354,0.9380559808505453,1.9424266622690172,-0.12800332885296659,2.103755872722975,279
1789408007.8709702,1789408007.8703206,1.3579633123975658,1.6286623609175557,1.308825385474442,0.9988799225915836,2.1254732586533787,-0.1200044171413386,2.08224800579961,279
1789408007.8814514,1789408007.8803272,1.368344305067306,1.651065139148006,1.307668974865202,1.0572065664477712,2.313366124500834,-0.108496125555663,2.05889943147733,279
1789408007.8914275,1789408007.8904078,1.378943387202858,1.6745830951136604,1.3066770001490031,1.1106202036927677,2.4983774261470653,-0.093856160498212,2.0346233686803177,279
1789408007.9012141,1789408007.9003067,1.378943387202858,1.6745830951136604,1.3066770001490031,1.1106202036927677,2.4983774261470653,-0.093856160498212,2.0346233686803177,279
1789408007.91122,1789408007.9102986,1.402302917349098,1.7287139683404138,1.305180410424169,1.2095114969621918,2.885086217332706,-0.052352618716667215,1.9795893528998143,279
1789408007.9210439,1789408007.9203148,1.41454218098834,1.7583491018730446,1.3047877708591091,1.252318796597647,3.077512312538492,-0.025992488483681964,1.9499231586363026,279
1789408007.9311209,1789408007.9303236,1.4272571158023253,1.790077310781886,1.3046769489970682,1.291023388827839,3.270745364625377,0.0044833711638184726,1.9185039094742449,279
1789408007.9410806,1789408007.9403126,1.4402787559475907,1.8235811117156357,1.3048889806530724,1.3250980695120282,3.4620354539569362,0.03878359014134125,1.8856959996779465,279
1789408007.9511802,1789408007.9503262,1.4538483375093931,1.8596033682920952,1.305475094081884,1.3551204934423255,3.6546333568613663,0.07768704383759162,1.850831678040372,279
1789408007.961171,1789408007.9603024,1.4673809146569545,1.8966785405681355,1.3064476128866915,1.379943715782671,3.840130038073399,0.11954594231529381,1.8153794858302754,279
1789408007.97076,1789408007.970327,1.4814935351380987,1.9365960754044333,1.30789472271674,1.400837980801234,4.026785282879747,0.16630789114513234,1.7776873126938952,279
1789408007.9808588,1789408007.980331,1.4954334483394023,1.9773115762072953,1.3097801688263693,1.4168925470631308,4.204466452235467,0.2154736375305656,1.7397432713679033,279
1789408007.9909961,1789408007.990315,1.5097258716282378,2.0204164142827588,1.31220888664204,1.4290421763320307,4.379780563652652,0.26880973904842165,1.700117473576847,279
1789408008.0009792,1789408008.0003247,1.5097258716282378,2.0204164142827588,1.31220888664204,1.4290421763320307,4.379780563652652,0.26880973904842165,1.700117473576847,279
1789408008.0108168,1789408008.0102866,1.5383293309564114,2.110942485661791,1.3186866579526209,1.4419176300643528,4.709575171958193,0.38384234751892743,1.6187050665844123,279
1789408008.0207386,1789408008.0203257,1.5529226010387691,2.1593736749113868,1.3228830400202647,1.4434889384355922,4.866728100261417,0.44644176689213677,1.5701164726257055,280
1789408008.0309298,1789408008.030311,1.5672860098185315,2.208550616002775,1.3276428529854605,1.4423474905441198,5.013779011554606,0.5103695770278704,1.5192257145894466,280
1789408008.0408382,1789408008.0403137,1.5815575215355968,2.258903228620521,1.3330212242874115,1.4390556281437143,5.1520988137617545,0.5759298006541752,1.467307358362279,280
1789408008.0509813,1789408008.0503101,1.595968136808878,2.3112480358998813,1.3391379055086998,1.434072125739516,5.283533923971469,0.6439213925743442,1.4135271695563778,280
1789408008.060886,1789408008.0603113,1.610261921845079,2.3646350457116503,1.3459125624637347,1.4280401755319723,5.405333733841205,0.7128267630482329,1.3588677786787675,280
1789408008.070796,1789408008.0703073,1.6247165962225683,2.42005821788562,1.353502971575559,1.42172184759603,5.519124786568594,0.7837237852128389,1.3023174897805314,280
1789408008.0810332,1789408008.080323,1.6386702161392566,2.4748080948307423,1.3615493447814115,1.417778747050416,5.617874776754798,0.8535657763962033,1.2466327640198795,280
1789408008.0911372,1789408008.090322,1.6531376699265845,2.5326024749181935,1.37063656111481,1.4186084546104045,5.706206138322476,0.9276569545386097,1.1880174913477919,280
1789408008.1009407,1789408008.100344,1.6531376699265845,2.5326024749181935,1.37063656111481,1.4186084546104045,5.706206138322476,0.9276569545386097,1.1880174913477919,280
1789408008.110961,1789408008.110318,1.6531376699265845,2.5326024749181935,1.37063656111481,1.4186084546104045,5.706206138322476,0.9276569545386097,1.1880174913477919,280
1789408008.1211438,1789408008.1203096,1.6531376699265845,2.5326024749181935,1.37063656111481,1.4186084546104045,5.706206138322476,0.9276569545386097,1.1880174913477919,280
1789408008.1310065,1789408008.130405,1.6531376699265845,2.5326024749181935,1.37063656111481,1.4186084546104045,5.706206138322476,0.9276569545386097,1.1880174913477919,280
1789408008.141052,1789408008.1403434,1.6531376699265845,2.5326024749181935,1.37063656111481,1.4186084546104045,5.706206138322476,0.9276569545386097,1.1880174913477919,280
1789408008.1511893,1789408008.1503143,1.6531376699265845,2.5326024749181935,1.37063656111481,1.4186084546104045,5.706206138322476,0.9276569545386097,1.1880174913477919,280
1789408008.1615798,1789408008.160325,1.6531376699265845,2.5326024749181935,1.37063656111481,1.4186084546104045,5.706206138322476,0.9276569545386097,1.1880174913477919,280
1789408008.1717002,1789408008.1703272,1.6531376699265845,2.5326024749181935,1.37063656111481,1.4186084546104045,5.706206138322476,0.9276569545386097,1.1880174913477919,280
1789408008.1816092,1789408008.1803317,1.6531376699265845,2.5326024749181935,1.37063656111481,1.4186084546104045,5.706206138322476,0.9276569545386097,1.1880174913477919,280
1789408008.1915262,1789408008.190313,1.6531376699265845,2.5326024749181935,1.37063656111481,1.4186084546104045,5.706206138322476,0.9276569545386097,1.1880174913477919,280
1789408008.2014468,1789408008.200324,1.6531376699265845,2.5326024749181935,1.37063656111481,1.4186084546104045,5.706206138322476,0.9276569545386097,1.1880174913477919,280
1789408008.211506,1789408008.2103133,1.6531376699265845,2.5326024749181935,1.37063656111481,1.4186084546104045,5.706206138322476,0.9276569545386097,1.1880174913477919,280
1789408008.2214918,1789408008.2203202,1.6531376699265845,2.5326024749181935,1.37063656111481,1.4186084546104045,5.706206138322476,0.9276569545386097,1.1880174913477919,280
1789408008.2316816,1789408008.2304437,1.6531376699265845,2.5326024749181935,1.37063656111481,1.4186084546104045,5.706206138322476,0.9276569545386097,1.1880174913477919,280
1789408008.2418962,1789408008.240489,1.6531376699265845,2.5326024749181935,1.37063656111481,1.4186084546104045,5.706206138322476,0.9276569545386097,1.1880174913477919,280
1789408008.2517548,1789408008.2505195,1.6531376699265845,2.5326024749181935,1.37063656111481,1.4186084546104045,5.706206138322476,0.9276569545386097,1.1880174913477919,280
1789408008.2616825,1789408008.2603078,1.6531376699265845,2.5326024749181935,1.37063656111481,1.4186084546104045,5.706206138322476,0.9276569545386097,1.1880174913477919,280
1789408008.2719173,1789408008.2705047,1.6531376699265845,2.5326024749181935,1.37063656111481,1.4186084546104045,5.706206138322476,0.9276569545386097,1.1880174913477919,280
1789408008.281691,1789408008.2804642,1.6531376699265845,2.5326024749181935,1.37063656111481,1.4186084546104045,5.706206138322476,0.9276569545386097,1.1880174913477919,280
1789408008.2912114,1789408008.2903173,1.6531376699265845,2.5326024749181935,1.37063656111481,1.4186084546104045,5.706206138322476,0.9276569545386097,1.1880174913477919,280
1789408008.3011642,1789408008.3003147,1.6531376699265845,2.5326024749181935,1.37063656111481,1.4186084546104045,5.706206138322476,0.9276569545386097,1.1880174913477919,280
1789408008.3115559,1789408008.3103194,1.6531376699265845,2.5326024749181935,1.37063656111481,1.4186084546104045,5.706206138322476,0.9276569545386097,1.1880174913477919,280
1789408008.32193,1789408008.3203266,1.6531376699265845,2.5326024749181935,1.37063656111481,1.4186084546104045,5.706206138322476,0.9276569545386097,1.1880174913477919,280
1789408008.331642,1789408008.3304753,1.6531376699265845,2.5326024749181935,1.37063656111481,1.4186084546104045,5.706206138322476,0.9276569545386097,1.1880174913477919,280
1789408008.3415341,1789408008.3404918,1.6531376699265845,2.5326024749181935,1.37063656111481,1.4186084546104045,5.706206138322476,0.9276569545386097,1.1880174913477919,280
1789408008.3512707,1789408008.3504605,1.6531376699265845,2.5326024749181935,1.37063656111481,1.4186084546104045,5.706206138322476,0.9276569545386097,1.1880174913477919,280
1789408008.361583,1789408008.3603306,1.6531376699265845,2.5326024749181935,1.37063656111481,1.4186084546104045,5.706206138322476,0.9276569545386097,1.1880174913477919,280
1789408008.3715653,1789408008.3703318,1.6531376699265845,2.5326024749181935,1.37063656111481,1.4186084546104045,5.706206138322476,0.9276569545386097,1.1880174913477919,280
1789408008.381772,1789408008.380583,1.6531376699265845,2.5326024749181935,1.37063656111481,1.4186084546104045,5.706206138322476,0.9276569545386097,1.1880174913477919,280
1789408008.391079,1789408008.3903203,1.6531376699265845,2.5326024749181935,1.37063656111481,1.4186084546104045,5.706206138322476,0.9276569545386097,1.1880174913477919,280
1789408008.4010785,1789408008.4003022,1.6531376699265845,2.5326024749181935,1.37063656111481,1.4186084546104045,5.706206138322476,0.9276569545386097,1.1880174913477919,280
1789408008.4110994,1789408008.4104173,1.6531376699265845,2.5326024749181935,1.37063656111481,1.4186084546104045,5.706206138322476,0.9276569545386097,1.1880174913477919,280
1789408008.4209652,1789408008.4202878,1.6531376699265845,2.5326024749181935,1.37063656111481,1.4186084546104045,5.706206138322476,0.9276569545386097,1.1880174913477919,280
1789408008.431081,1789408008.4304378,1.6531376699265845,2.5326024749181935,1.37063656111481,1.4186084546104045,5.706206138322476,0.9276569545386097,1.1880174913477919,280
1789408008.4411356,1789408008.4403293,1.6531376699265845,2.5326024749181935,1.37063656111481,1.4186084546104045,5.706206138322476,0.9276569545386097,1.1880174913477919,280
1789408008.4508393,1789408008.4503043,1.6531376699265845,2.5326024749181935,1.37063656111481,1.4186084546104045,5.706206138322476,0.9276569545386097,1.1880174913477919,280
1789408008.461018,1789408008.4603016,1.6531376699265845,2.5326024749181935,1.37063656111481,1.4186084546104045,5.706206138322476,0.9276569545386097,1.1880174913477919,280
1789408008.4710608,1789408008.4704015,1.6531376699265845,2.5326024749181935,1.37063656111481,1.4186084546104045,5.706206138322476,0.9276569545386097,1.1880174913477919,280
1789408008.4810112,1789408008.480391,1.6531376699265845,2.5326024749181935,1.37063656111481,1.4186084546104045,5.706206138322476,0.9276569545386097,1.1880174913477919,280
1789408008.4908879,1789408008.4903255,1.6531376699265845,2.5326024749181935,1.37063656111481,1.4186084546104045,5.706206138322476,0.9276569545386097,1.1880174913477919,280
1789408008.5012977,1789408008.5004086,1.6531376699265845,2.5326024749181935,1.37063656111481,1.4186084546104045,5.706206138322476,0.9276569545386097,1.1880174913477919,280
1789408008.511164,1789408008.5103123,1.6531376699265845,2.5326024749181935,1.37063656111481,1.4186084546104045,5.706206138322476,0.9276569545386097,1.1880174913477919,280
1789408008.5210545,1789408008.5203223,1.6531376699265845,2.5326024749181935,1.37063656111481,1.4186084546104045,5.706206138322476,0.9276569545386097,1.1880174913477919,280
1789408008.5310671,1789408008.5303433,1.6531376699265845,2.5326024749181935,1.37063656111481,0.0,0.0,0.0,1.1880174913477919,280
1789408008.5408678,1789408008.5403233,1.6531376699265845,2.5326024749181935,1.37063656111481,0.0,0.0,0.0,1.1880174913477919,280
1789408008.5508392,1789408008.5503175,1.6531376699265845,2.5326024749181935,1.37063656111481,0.0,0.0,0.0,1.1880174913477919,280
1789408008.5608752,1789408008.560346,1.6531376699265845,2.5326024749181935,1.37063656111481,0.0,0.0,0.0,1.1880174913477919,280
1789408008.5708277,1789408008.570395,1.6531376699265845,2.5326024749181935,1.37063656111481,0.0,0.0,0.0,1.1880174913477919,280
1789408008.5811558,1789408008.5804305,1.674523474741625,2.525506107821308,1.3748232146322383,-0.03610105013079741,0.039190161668086795,-0.01365489636664124,1.1857350815138197,280
1789408008.5911157,1789408008.5903788,1.6740566549931806,2.5260189778306437,1.374644753949109,-0.05883892403084278,0.065311084639046,-0.022700509380564685,1.1854543363930896,280
1789408008.600828,1789408008.6003156,1.6733221669135723,2.52684444958249,1.374358219935151,-0.0884117627594459,0.10045802418993888,-0.034830554197382416,1.184996139015807,280
1789408008.6112301,1789408008.610498,1.6722588842584882,2.528068140582937,1.3739344988311286,-0.12455676262401662,0.14500668323770774,-0.050152683970936106,1.1843076271986035,280
1789408008.6208835,1789408008.6203148,1.67080301131506,2.5297855249597854,1.3733412832026304,-0.16701894583058086,0.1994115855361668,-0.06880040689861236,1.183328650564803,280
1789408008.6308775,1789408008.6303298,1.6689110495442008,2.5320751647422433,1.3725523197244174,-0.21495474031142697,0.2634211433943857,-0.09066476940488458,1.1820071694357759,280
1789408008.6408796,1789408008.6403937,1.6665161374255133,2.535051511618311,1.371529203203791,-0.26814701855203577,0.3376600727063027,-0.11593610037737558,1.180269058030598,280
1789408008.6509585,1789408008.6503112,1.6635066888380934,2.538897889914784,1.3702102232440874,-0.3270298824975198,0.42389477534893283,-0.1451885653362079,1.177997570966056,280
1789408008.660833,1789408008.6602771,1.659985071086184,2.543531877782205,1.3686249792667071,-0.38802742816248803,0.5179833912175014,-0.1769942091448781,1.1752322163338695,280
1789408008.670806,1789408008.6702776,1.6557140473133227,2.549326401342483,1.3666474811846936,-0.4536703711543157,0.6251303979895044,-0.2130875242462598,1.1717403617042448,280
1789408008.6810098,1789408008.680319,1.6508661583696087,2.5561182668536113,1.3643351659196283,-0.5198202743041447,0.7400264509792753,-0.2516550675356829,1.1676101374738275,280
1789408008.6910532,1789408008.6903255,1.645334856029639,2.5641311112795435,1.361613600066742,-0.5868545654954838,0.8646330288941256,-0.2933359846319523,1.162696744193852,280
1789408008.7008157,1789408008.7003155,1.639199567126094,2.5733352420453075,1.3584947068955797,-0.6527790893778909,0.9967064481614323,-0.3373604969577426,1.1570098105094446,280
1789408008.71077,1789408008.7103133,1.632364301357729,2.583973101864952,1.3548983170779278,-0.7176473728899116,1.1379877290481004,-0.3842900520069461,1.1503912706100514,280
1789408008.7210178,1789408008.720405,1.624860139403425,2.59611517987277,1.3508028548514497,-0.7801122895729627,1.2875434390068379,-0.43378889014824673,1.1427887418623348,280
1789408008.7307913,1789408008.7303126,1.6167700204604458,2.6097509421621847,1.346214830243807,-0.8389152991793302,1.443340346421463,-0.4849610288357802,1.1342024381687812,280
1789408008.740782,1789408008.7403743,1.6080930461783933,2.6250046343738824,1.3410991212696934,-0.8938775321645549,1.6048698269203157,-0.5371368196325278,1.124552166947882,280
1789408008.7508583,1789408008.750286,1.5988027266585667,2.6420578842934725,1.3354070347005311,-0.9447829964055935,1.7723288358742175,-0.5898292451248875,1.1137248001549354,280
1789408008.7608397,1789408008.7602785,1.5891923425062278,2.660491428310378,1.3292949323264676,-0.9897954754733063,1.9406008153377603,-0.640929415623781,1.1019925020092296,280
1789408008.7708125,1789408008.7702763,1.5789572790043394,2.6810323819737345,1.322543977489889,-1.029935886411725,2.1153864632093025,-0.691656406565868,1.0889002904840128,280
1789408008.7807982,1789408008.780279,1.5685909938331515,2.7028342982549165,1.3154580236336648,-1.0629073219110328,2.2888775115324402,-0.7393011445773344,1.0749968009346282,280
1789408008.7912607,1789408008.7904515,1.5578673116216541,2.726510826531356,1.307865643133631,-1.089205808012311,2.46572898874162,-0.7848043857351947,1.059900762083376,280
1789408008.8011277,1789408008.8004503,1.5578673116216541,2.726510826531356,1.307865643133631,-1.089205808012311,2.46572898874162,-0.7848043857351947,1.059900762083376,280
1789408008.810628,1789408008.8103163,1.5578673116216541,2.726510826531356,1.307865643133631,-1.089205808012311,2.46572898874162,-0.7848043857351947,1.059900762083376,280
1789408008.8211055,1789408008.8203244,1.5578673116216541,2.726510826531356,1.307865643133631,-1.089205808012311,2.46572898874162,-0.7848043857351947,1.059900762083376,280
1789408008.8312776,1789408008.8303242,1.5578673116216541,2.726510826531356,1.307865643133631,-1.089205808012311,2.46572898874162,-0.7848043857351947,1.059900762083376,280
1789408008.841736,1789408008.8405583,1.5578673116216541,2.726510826531356,1.307865643133631,-1.089205808012311,2.46572898874162,-0.7848043857351947,1.059900762083376,280
1789408008.8515174,1789408008.8503344,1.5578673116216541,2.726510826531356,1.307865643133631,-1.089205808012311,2.46572898874162,-0.7848043857351947,1.059900762083376,280
1789408008.861446,1789408008.860381,1.5578673116216541,2.726510826531356,1.307865643133631,-1.089205808012311,2.46572898874162,-0.7848043857351947,1.059900762083376,280
1789408008.8718622,1789408008.8703315,1.5578673116216541,2.726510826531356,1.307865643133631,-1.089205808012311,2.46572898874162,-0.7848043857351947,1.059900762083376,280
1789408008.881698,1789408008.8803952,1.5578673116216541,2.726510826531356,1.307865643133631,-1.089205808012311,2.46572898874162,-0.7848043857351947,1.059900762083376,280
1789408008.8910162,1789408008.89031,1.5578673116216541,2.726510826531356,1.307865643133631,-1.089205808012311,2.46572898874162,-0.7848043857351947,1.059900762083376,280
1789408008.901068,1789408008.9002926,1.5578673116216541,2.726510826531356,1.307865643133631,-1.089205808012311,2.46572898874162,-0.7848043857351947,1.059900762083376,280
1789408008.9113238,1789408008.9104447,1.5578673116216541,2.726510826531356,1.307865643133631,-1.089205808012311,2.46572898874162,-0.7848043857351947,1.059900762083376,280
1789408008.921907,1789408008.9206448,1.5578673116216541,2.726510826531356,1.307865643133631,-1.089205808012311,2.46572898874162,-0.7848043857351947,1.059900762083376,280
1789408008.9311833,1789408008.9304125,1.5578673116216541,2.726510826531356,1.307865643133631,-1.089205808012311,2.46572898874162,-0.7848043857351947,1.059900762083376,280
1789408008.9410942,1789408008.940347,1.5578673116216541,2.726510826531356,1.307865643133631,-1.089205808012311,2.46572898874162,-0.7848043857351947,1.059900762083376,280
1789408008.9514005,1789408008.9504657,1.5578673116216541,2.726510826531356,1.307865643133631,-1.089205808012311,2.46572898874162,-0.7848043857351947,1.059900762083376,280
1789408008.962314,1789408008.9604928,1.5578673116216541,2.726510826531356,1.307865643133631,-1.089205808012311,2.46572898874162,-0.7848043857351947,1.059900762083376,280
1789408008.971347,1789408008.9704757,1.5578673116216541,2.726510826531356,1.307865643133631,-1.089205808012311,2.46572898874162,-0.7848043857351947,1.059900762083376,280
1789408008.981157,1789408008.9803274,1.5578673116216541,2.726510826531356,1.307865643133631,-1.089205808012311,2.46572898874162,-0.7848043857351947,1.059900762083376,280
1789408008.9910529,1789408008.9902866,1.5578673116216541,2.726510826531356,1.307865643133631,-1.089205808012311,2.46572898874162,-0.7848043857351947,1.059900762083376,280
1789408009.000964,1789408009.0003958,1.5578673116216541,2.726510826531356,1.307865643133631,-1.089205808012311,2.46572898874162,-0.7848043857351947,1.059900762083376,280
1789408009.0108397,1789408009.0103986,1.5578673116216541,2.726510826531356,1.307865643133631,-1.089205808012311,2.46572898874162,-0.7848043857351947,1.059900762083376,280
1789408009.0210962,1789408009.0204854,1.5578673116216541,2.726510826531356,1.307865643133631,-1.089205808012311,2.46572898874162,-0.7848043857351947,1.059900762083376,280
1789408009.0312674,1789408009.0304365,1.5578673116216541,2.726510826531356,1.307865643133631,-1.089205808012311,2.46572898874162,-0.7848043857351947,1.059900762083376,280
1789408009.041205,1789408009.040321,1.5578673116216541,2.726510826531356,1.307865643133631,-1.089205808012311,2.46572898874162,-0.7848043857351947,1.059900762083376,280
1789408009.0516887,1789408009.0503519,1.5578673116216541,2.726510826531356,1.307865643133631,-1.089205808012311,2.46572898874162,-0.7848043857351947,1.059900762083376,280
1789408009.0614793,1789408009.0603495,1.5578673116216541,2.726510826531356,1.307865643133631,-1.089205808012311,2.46572898874162,-0.7848043857351947,1.059900762083376,280
1789408009.0720391,1789408009.0703769,1.5578673116216541,2.726510826531356,1.307865643133631,-1.089205808012311,2.46572898874162,-0.7848043857351947,1.059900762083376,280
1789408009.0816407,1789408009.0803297,1.5578673116216541,2.726510826531356,1.307865643133631,-1.089205808012311,2.46572898874162,-0.7848043857351947,1.059900762083376,280
1789408009.0916586,1789408009.0904675,1.5578673116216541,2.726510826531356,1.307865643133631,-1.089205808012311,2.46572898874162,-0.7848043857351947,1.059900762083376,280
1789408009.1013744,1789408009.1004252,1.5578673116216541,2.726510826531356,1.307865643133631,-1.089205808012311,2.46572898874162,-0.7848043857351947,1.059900762083376,280
1789408009.1117992,1789408009.1105523,1.5578673116216541,2.726510826531356,1.307865643133631,-1.089205808012311,2.46572898874162,-0.7848043857351947,1.059900762083376,280
1789408009.1213195,1789408009.120424,1.5578673116216541,2.726510826531356,1.307865643133631,-1.089205808012311,2.46572898874162,-0.7848043857351947,1.059900762083376,280
1789408009.1316664,1789408009.1303499,1.5578673116216541,2.726510826531356,1.307865643133631,-1.089205808012311,2.46572898874162,-0.7848043857351947,1.059900762083376,280
1789408009.141603,1789408009.1403122,1.5578673116216541,2.726510826531356,1.307865643133631,-1.089205808012311,2.46572898874162,-0.7848043857351947,1.059900762083376,280
1789408009.1511974,1789408009.150279,1.5578673116216541,2.726510826531356,1.307865643133631,-1.089205808012311,2.46572898874162,-0.7848043857351947,1.059900762083376,280
1789408009.1609585,1789408009.160287,1.5578673116216541,2.726510826531356,1.307865643133631,-1.089205808012311,2.46572898874162,-0.7848043857351947,1.059900762083376,280
1789408009.171339,1789408009.1704977,1.5578673116216541,2.726510826531356,1.307865643133631,-1.089205808012311,2.46572898874162,-0.7848043857351947,1.059900762083376,280
1789408009.181053,1789408009.1803432,1.5578673116216541,2.726510826531356,1.307865643133631,-1.089205808012311,2.46572898874162,-0.7848043857351947,1.059900762083376,280
1789408009.191132,1789408009.190406,1.5578673116216541,2.726510826531356,1.307865643133631,-1.089205808012311,2.46572898874162,-0.7848043857351947,1.059900762083376,280
1789408009.2008424,1789408009.2003407,1.5578673116216541,2.726510826531356,1.307865643133631,-1.089205808012311,2.46572898874162,-0.7848043857351947,1.059900762083376,280
1789408009.2108746,1789408009.2102995,1.5578673116216541,2.726510826531356,1.307865643133631,-1.089205808012311,2.46572898874162,-0.7848043857351947,1.059900762083376,280
1789408009.2208548,1789408009.220321,1.5578673116216541,2.726510826531356,1.307865643133631,0.0,0.0,0.0,1.059900762083376,280
1789408009.2309787,1789408009.2303193,1.5578673116216541,2.726510826531356,1.307865643133631,0.0,0.0,0.0,1.059900762083376,280
1789408009.2408419,1789408009.2403078,1.5578673116216541,2.726510826531356,1.307865643133631,0.0,0.0,0.0,1.059900762083376,280
1789408009.2508323,1789408009.2503102,1.5578673116216541,2.726510826531356,1.307865643133631,0.0,0.0,0.0,1.059900762083376,280
1789408009.2608225,1789408009.260288,1.5578673116216541,2.726510826531356,1.307865643133631,0.0,0.0,0.0,1.059900762083376,280
1789408009.2709,1789408009.270427,1.5578673116216541,2.726510826531356,1.307865643133631,0.0,0.0,0.0,1.059900762083376,280
1789408009.2809272,1789408009.2802835,1.5746024295423873,2.725471535092832,1.3254206476872354,-0.025297206412639356,0.0303259411236546,0.027123461179053326,1.0523717445451,280
1789408009.2910686,1789408009.290344,1.5742879239962164,2.7258503874340456,1.32575987321831,-0.03852919053838913,0.04660973848056799,0.041775115561891674,1.052200705829321,280
1789408009.3009188,1789408009.3003068,1.573814348230091,2.726426193101311,1.3262765378824573,-0.055519794229816954,0.06781149699809029,0.06090736096298381,1.0519387881216515,280
1789408009.310988,1789408009.3102856,1.5731531212833398,2.7272380153090436,1.32700651927903,-0.07607741823713807,0.09384661941207931,0.08447020758561807,1.0515667944697953,280
1789408009.3212664,1789408009.3203018,1.5723014375973103,2.7282940558955615,1.3279580598254852,-0.09938598594338781,0.12382199867461052,0.11167725875810319,1.051079549599297,280
1789408009.3309853,1789408009.3303347,1.571161791228426,2.7297217721132667,1.3292471494205647,-0.12710827210689246,0.16005913900877053,0.14466253513655344,1.050416489176049,280
1789408009.3407798,1789408009.340341,1.569753038079232,2.7315057011445876,1.330861187140139,-0.15778503948331038,0.2008631265946274,0.18191232197008297,1.049582873443203,280
1789408009.3508427,1789408009.3503146,1.567991333432448,2.733761681406312,1.3329065041455999,-0.19234670745105906,0.24769548671449781,0.2247885601368685,1.0485226701629775,280
1789408009.3608108,1789408009.3603187,1.5659104495060114,2.7364574995115767,1.3353555406234872,-0.22932260344719327,0.29879841719974787,0.2717082288078157,1.047249262887948,280
1789408009.3711898,1789408009.3703249,1.5633503091732752,2.7398149433356744,1.3384118188801704,-0.2706588452539434,0.35715871956304923,0.32544425154073814,1.0456560725753852,280
1789408009.3812737,1789408009.3803341,1.5604360050611437,2.743685932400116,1.3419426583493315,-0.313539415857359,0.4191050742041117,0.3826438270368376,1.0438119686119343,280
1789408009.3911276,1789408009.3903532,1.5569727860321316,2.7483478823414633,1.3462034112198766,-0.36008218081919846,0.48802746761062654,0.4464629220295268,1.041583867910546,280
1789408009.4010532,1789408009.4003131,1.5569727860321316,2.7483478823414633,1.3462034112198766,-0.36008218081919846,0.48802746761062654,0.4464629220295268,1.041583867910546,280
1789408009.4110687,1789408009.4103274,1.5489677518447755,2.7593557791531222,1.3562935151906854,-0.4543414187881166,0.6334241041129749,0.581640977820404,1.0363050032663381,280
1789408009.4208143,1789408009.4203103,1.544188230721259,2.7660708880114075,1.3624654392623752,-0.503950154766053,0.7134101559781072,0.6562886595860172,1.0330791200355531,280
1789408009.4309955,1789408009.4303067,1.5389416545726062,2.7735579937191095,1.3693593225308385,-0.5539395875031404,0.7967484175589791,0.7342564351552586,1.029481692759169,280
1789408009.440684,1789408009.440332,1.533207368741557,2.781875207241758,1.377030936669782,-0.6040733934785986,0.8834251299416193,0.815538003143729,1.025487762748506,280
1789408009.4509354,1789408009.4503274,1.5268985181256396,2.791183891019191,1.3856317027079688,-0.6545902939660748,0.9743464122135983,0.9009906014847785,1.021023879757086,280
1789408009.4609253,1789408009.460401,1.5200090870297385,2.8015357565824357,1.3952122388025083,-0.7049518211456375,1.0691550461824293,0.9902849445518651,1.0160706073660444,280
1789408009.4708257,1789408009.470379,1.512843624943178,2.8125078971210296,1.4053828951779541,-0.7526641662855267,1.163534434960572,1.0793455369601235,1.0108359688110926,280
1789408009.4810688,1789408009.4803176,1.5049803464846159,2.8247905676500378,1.4167855395662847,-0.8001592887945249,1.2628395682359992,1.173215020200802,1.004997775192756,280
1789408009.4910529,1789408009.4903183,1.496760511351951,2.837904165007612,1.4289771131040292,-0.8449117157267105,1.3625057593538008,1.2675663110884914,0.9987924465543416,280
1789408009.5007734,1789408009.5002704,1.496760511351951,2.837904165007612,1.4289771131040292,-0.8449117157267105,1.3625057593538008,1.2675663110884914,0.9987924465543416,280
1789408009.5109022,1789408009.510274,1.496760511351951,2.837904165007612,1.4289771131040292,-0.8449117157267105,1.3625057593538008,1.2675663110884914,0.9987924465543416,280
1789408009.520986,1789408009.5203419,1.496760511351951,2.837904165007612,1.4289771131040292,-0.8449117157267105,1.3625057593538008,1.2675663110884914,0.9987924465543416,280
1789408009.5313034,1789408009.530347,1.496760511351951,2.837904165007612,1.4289771131040292,-0.8449117157267105,1.3625057593538008,1.2675663110884914,0.9987924465543416,280
1789408009.541107,1789408009.540342,1.496760511351951,2.837904165007612,1.4289771131040292,-0.8449117157267105,1.3625057593538008,1.2675663110884914,0.9987924465543416,280
1789408009.55124,1789408009.5503,1.496760511351951,2.837904165007612,1.4289771131040292,-0.8449117157267105,1.3625057593538008,1.2675663110884914,0.9987924465543416,280
1789408009.5613472,1789408009.560327,1.496760511351951,2.837904165007612,1.4289771131040292,-0.8449117157267105,1.3625057593538008,1.2675663110884914,0.9987924465543416,280
1789408009.5716488,1789408009.5705347,1.496760511351951,2.837904165007612,1.4289771131040292,-0.8449117157267105,1.3625057593538008,1.2675663110884914,0.9987924465543416,280
1789408009.5814457,1789408009.580325,1.496760511351951,2.837904165007612,1.4289771131040292,-0.8449117157267105,1.3625057593538008,1.2675663110884914,0.9987924465543416,280
1789408009.5914745,1789408009.5902872,1.496760511351951,2.837904165007612,1.4289771131040292,-0.8449117157267105,1.3625057593538008,1.2675663110884914,0.9987924465543416,280
1789408009.6015003,1789408009.6003199,1.496760511351951,2.837904165007612,1.4289771131040292,-0.8449117157267105,1.3625057593538008,1.2675663110884914,0.9987924465543416,280
1789408009.6116853,1789408009.6102953,1.496760511351951,2.837904165007612,1.4289771131040292,-0.8449117157267105,1.3625057593538008,1.2675663110884914,0.9987924465543416,280
1789408009.6211646,1789408009.6203268,1.496760511351951,2.837904165007612,1.4289771131040292,-0.8449117157267105,1.3625057593538008,1.2675663110884914,0.9987924465543416,280
1789408009.6316075,1789408009.6304739,1.496760511351951,2.837904165007612,1.4289771131040292,-0.8449117157267105,1.3625057593538008,1.2675663110884914,0.9987924465543416,280
1789408009.641308,1789408009.6404707,1.496760511351951,2.837904165007612,1.4289771131040292,-0.8449117157267105,1.3625057593538008,1.2675663110884914,0.9987924465543416,280
1789408009.6515722,1789408009.65036,1.496760511351951,2.837904165007612,1.4289771131040292,-0.8449117157267105,1.3625057593538008,1.2675663110884914,0.9987924465543416,280
1789408009.6640341,1789408009.660349,1.496760511351951,2.837904165007612,1.4289771131040292,-0.8449117157267105,1.3625057593538008,1.2675663110884914,0.9987924465543416,280
1789408009.672341,1789408009.6704984,1.496760511351951,2.837904165007612,1.4289771131040292,-0.8449117157267105,1.3625057593538008,1.2675663110884914,0.9987924465543416,280
1789408009.6811488,1789408009.6804404,1.496760511351951,2.837904165007612,1.4289771131040292,-0.8449117157267105,1.3625057593538008,1.2675663110884914,0.9987924465543416,280
1789408009.6910014,1789408009.6903253,1.496760511351951,2.837904165007612,1.4289771131040292,-0.8449117157267105,1.3625057593538008,1.2675663110884914,0.9987924465543416,280
1789408009.700963,1789408009.7003121,1.496760511351951,2.837904165007612,1.4289771131040292,-0.8449117157267105,1.3625057593538008,1.2675663110884914,0.9987924465543416,280
1789408009.711104,1789408009.7102869,1.496760511351951,2.837904165007612,1.4289771131040292,-0.8449117157267105,1.3625057593538008,1.2675663110884914,0.9987924465543416,280
1789408009.7214355,1789408009.7203348,1.496760511351951,2.837904165007612,1.4289771131040292,-0.8449117157267105,1.3625057593538008,1.2675663110884914,0.9987924465543416,280
1789408009.7315345,1789408009.7304654,1.496760511351951,2.837904165007612,1.4289771131040292,-0.8449117157267105,1.3625057593538008,1.2675663110884914,0.9987924465543416,280
1789408009.7409995,1789408009.7404215,1.496760511351951,2.837904165007612,1.4289771131040292,-0.8449117157267105,1.3625057593538008,1.2675663110884914,0.9987924465543416,280
1789408009.7508826,1789408009.7502742,1.496760511351951,2.837904165007612,1.4289771131040292,-0.8449117157267105,1.3625057593538008,1.2675663110884914,0.9987924465543416,280
1789408009.7609653,1789408009.7603445,1.496760511351951,2.837904165007612,1.4289771131040292,-0.8449117157267105,1.3625057593538008,1.2675663110884914,0.9987924465543416,280
1789408009.771623,1789408009.7703295,1.496760511351951,2.837904165007612,1.4289771131040292,-0.8449117157267105,1.3625057593538008,1.2675663110884914,0.9987924465543416,280
1789408009.7812738,1789408009.7803404,1.496760511351951,2.837904165007612,1.4289771131040292,-0.8449117157267105,1.3625057593538008,1.2675663110884914,0.9987924465543416,280
1789408009.7911828,1789408009.790292,1.496760511351951,2.837904165007612,1.4289771131040292,-0.8449117157267105,1.3625057593538008,1.2675663110884914,0.9987924465543416,280
1789408009.800972,1789408009.8003173,1.496760511351951,2.837904165007612,1.4289771131040292,-0.8449117157267105,1.3625057593538008,1.2675663110884914,0.9987924465543416,280
1789408009.8110204,1789408009.8103113,1.496760511351951,2.837904165007612,1.4289771131040292,-0.8449117157267105,1.3625057593538008,1.2675663110884914,0.9987924465543416,280
1789408009.8210719,1789408009.8203156,1.496760511351951,2.837904165007612,1.4289771131040292,-0.8449117157267105,1.3625057593538008,1.2675663110884914,0.9987924465543416,280
1789408009.8309038,1789408009.8303185,1.496760511351951,2.837904165007612,1.4289771131040292,0.0,0.0,0.0,0.9987924465543416,280
1789408009.8408148,1789408009.8404264,1.496760511351951,2.837904165007612,1.4289771131040292,0.0,0.0,0.0,0.9987924465543416,280
1789408009.8508263,1789408009.8502717,1.496760511351951,2.837904165007612,1.4289771131040292,0.0,0.0,0.0,0.9987924465543416,280
1789408009.860758,1789408009.860274,1.496760511351951,2.837904165007612,1.4289771131040292,0.0,0.0,0.0,0.9987924465543416,280
1789408009.8707492,1789408009.870278,1.496760511351951,2.837904165007612,1.4289771131040292,0.0,0.0,0.0,0.9987924465543416,280
1789408009.8808458,1789408009.8802733,1.496760511351951,2.837904165007612,1.4289771131040292,0.0,0.0,0.0,0.9987924465543416,280
1789408009.8910072,1789408009.890313,1.496760511351951,2.837904165007612,1.4289771131040292,0.0,0.0,0.0,0.9987924465543416,280
1789408009.9010143,1789408009.9003427,1.496760511351951,2.837904165007612,1.4289771131040292,0.0,0.0,0.0,0.9987924465543416,280
1789408009.9109836,1789408009.9103227,1.496760511351951,2.837904165007612,1.4289771131040292,0.0,0.0,0.0,0.9987924465543416,280
1789408009.920873,1789408009.9202857,1.496760511351951,2.837904165007612,1.4289771131040292,0.0,0.0,0.0,0.9987924465543416,280
1789408009.9312649,1789408009.930331,1.496760511351951,2.837904165007612,1.4289771131040292,0.0,0.0,0.0,0.9987924465543416,280
1789408009.9413857,1789408009.9403205,1.496760511351951,2.837904165007612,1.4289771131040292,0.0,0.0,0.0,0.9987924465543416,280
1789408009.951139,1789408009.9503298,1.496760511351951,2.837904165007612,1.4289771131040292,0.0,0.0,0.0,0.9987924465543416,280
1789408009.9614599,1789408009.9602973,1.496760511351951,2.837904165007612,1.4289771131040292,0.0,0.0,0.0,0.9987924465543416,280
1789408009.9715018,1789408009.9703162,1.496760511351951,2.837904165007612,1.4289771131040292,0.0,0.0,0.0,0.9987924465543416,280
1789408009.9814658,1789408009.9803288,1.496760511351951,2.837904165007612,1.4289771131040292,0.0,0.0,0.0,0.9987924465543416,280
1789408009.9909854,1789408009.9902706,1.496760511351951,2.837904165007612,1.4289771131040292,0.0,0.0,0.0,0.9987924465543416,280
1789408010.0013134,1789408010.0003285,1.496760511351951,2.837904165007612,1.4289771131040292,0.0,0.0,0.0,0.9987924465543416,280
1789408010.0112848,1789408010.010312,1.496760511351951,2.837904165007612,1.4289771131040292,0.0,0.0,0.0,0.9987924465543416,280
1789408010.021471,1789408010.0204225,1.496760511351951,2.837904165007612,1.4289771131040292,0.0,0.0,0.0,0.9987924465543416,280
1789408010.0316005,1789408010.0304973,1.496760511351951,2.837904165007612,1.4289771131040292,0.0,0.0,0.0,0.9987924465543416,280
1789408010.0414596,1789408010.0403666,1.496760511351951,2.837904165007612,1.4289771131040292,0.0,0.0,0.0,0.9987924465543416,280
1789408010.0514507,1789408010.0505078,1.496760511351951,2.837904165007612,1.4289771131040292,0.0,0.0,0.0,0.9987924465543416,280
1789408010.0610003,1789408010.06031,1.496760511351951,2.837904165007612,1.4289771131040292,0.0,0.0,0.0,0.9987924465543416,280
1789408010.0710938,1789408010.0703256,1.496760511351951,2.837904165007612,1.4289771131040292,0.0,0.0,0.0,0.9987924465543416,280
1789408010.0811572,1789408010.0803263,1.496760511351951,2.837904165007612,1.4289771131040292,0.0,0.0,0.0,0.9987924465543416,280
1789408010.0911775,1789408010.0903955,1.496760511351951,2.837904165007612,1.4289771131040292,0.0,0.0,0.0,0.9987924465543416,280
1789408010.10125,1789408010.1003375,1.496760511351951,2.837904165007612,1.4289771131040292,0.0,0.0,0.0,0.9987924465543416,280
1789408010.1112115,1789408010.1103215,1.496760511351951,2.837904165007612,1.4289771131040292,0.0,0.0,0.0,0.9987924465543416,280
1789408010.1212401,1789408010.1203501,1.496760511351951,2.837904165007612,1.4289771131040292,0.0,0.0,0.0,0.9987924465543416,280
1789408010.1312253,1789408010.130321,1.496760511351951,2.837904165007612,1.4289771131040292,0.0,0.0,0.0,0.9987924465543416,280
1789408010.1411347,1789408010.1403723,1.496760511351951,2.837904165007612,1.4289771131040292,0.0,0.0,0.0,0.9987924465543416,280
1789408010.1513286,1789408010.1503384,1.496760511351951,2.837904165007612,1.4289771131040292,0.0,0.0,0.0,0.9987924465543416,280
1789408010.1615837,1789408010.160411,1.496760511351951,2.837904165007612,1.4289771131040292,0.0,0.0,0.0,0.9987924465543416,280
1789408010.1711717,1789408010.170448,1.496760511351951,2.837904165007612,1.4289771131040292,0.0,0.0,0.0,0.9987924465543416,280
1789408010.181129,1789408010.180282,1.496760511351951,2.837904165007612,1.4289771131040292,0.0,0.0,0.0,0.9987924465543416,280
1789408010.1910052,1789408010.1903489,1.496760511351951,2.837904165007612,1.4289771131040292,0.0,0.0,0.0,0.9987924465543416,280
1789408010.2009187,1789408010.2002804,1.496760511351951,2.837904165007612,1.4289771131040292,0.0,0.0,0.0,0.9987924465543416,280
1789408010.2111206,1789408010.21031,1.496760511351951,2.837904165007612,1.4289771131040292,0.0,0.0,0.0,0.9987924465543416,280
1789408010.2213953,1789408010.220368,1.496760511351951,2.837904165007612,1.4289771131040292,0.0,0.0,0.0,0.9987924465543416,280
1789408010.2312174,1789408010.2303517,1.496760511351951,2.837904165007612,1.4289771131040292,0.0,0.0,0.0,0.9987924465543416,280
1789408010.2410903,1789408010.2403848,1.496760511351951,2.837904165007612,1.4289771131040292,0.0,0.0,0.0,0.9987924465543416,280
1789408010.2510948,1789408010.2503376,1.496760511351951,2.837904165007612,1.4289771131040292,0.0,0.0,0.0,0.9987924465543416,280
1789408010.2609637,1789408010.2602813,1.496760511351951,2.837904165007612,1.4289771131040292,0.0,0.0,0.0,0.9987924465543416,280
1789408010.2715054,1789408010.2703452,1.496760511351951,2.837904165007612,1.4289771131040292,0.0,0.0,0.0,0.9987924465543416,280
1789408010.28169,1789408010.2805102,1.496760511351951,2.837904165007612,1.4289771131040292,0.0,0.0,0.0,0.9987924465543416,280
1789408010.291113,1789408010.290309,1.496760511351951,2.837904165007612,1.4289771131040292,0.0,0.0,0.0,0.9987924465543416,280
1789408010.3011143,1789408010.3003366,1.496760511351951,2.837904165007612,1.4289771131040292,0.0,0.0,0.0,0.9987924465543416,280
1789408010.3113363,1789408010.3104224,1.496760511351951,2.837904165007612,1.4289771131040292,0.0,0.0,0.0,0.9987924465543416,280
1789408010.3213005,1789408010.3203256,1.496760511351951,2.837904165007612,1.4289771131040292,0.0,0.0,0.0,0.9987924465543416,280
1789408010.331308,1789408010.3303654,1.496760511351951,2.837904165007612,1.4289771131040292,0.0,0.0,0.0,0.9987924465543416,280
1789408010.3410912,1789408010.3403153,1.496760511351951,2.837904165007612,1.4289771131040292,0.0,0.0,0.0,0.9987924465543416,280
1789408010.350756,1789408010.3502731,1.496760511351951,2.837904165007612,1.4289771131040292,0.0,0.0,0.0,0.9987924465543416,280
1789408010.3607042,1789408010.3603203,1.496760511351951,2.837904165007612,1.4289771131040292,0.0,0.0,0.0,0.9987924465543416,280
1789408010.3707192,1789408010.3702726,1.496760511351951,2.837904165007612,1.4289771131040292,0.0,0.0,0.0,0.9987924465543416,280
1789408010.3808804,1789408010.3802733,1.496760511351951,2.837904165007612,1.4289771131040292,0.0,0.0,0.0,0.9987924465543416,280
1789408010.390939,1789408010.3903189,1.496760511351951,2.837904165007612,1.4289771131040292,0.0,0.0,0.0,0.9987924465543416,280
1789408010.4008434,1789408010.4003181,1.496760511351951,2.837904165007612,1.4289771131040292,0.0,0.0,0.0,0.9987924465543416,280
1789408010.4108763,1789408010.4104168,1.496760511351951,2.837904165007612,1.4289771131040292,0.0,0.0,0.0,0.9987924465543416,280
1789408010.4207692,1789408010.4202886,1.496760511351951,2.837904165007612,1.4289771131040292,0.0,0.0,0.0,0.9987924465543416,280
1789408010.430912,1789408010.4303133,1.4703234965879048,2.8237921602189617,1.424611888963435,-0.19230926664350378,-0.04566336521446325,-0.014834703699377455,1.025467553381165,280
1789408010.4408548,1789408010.440378,1.468091623245704,2.8232759585377587,1.4244435234505821,-0.25305137904017416,-0.057087759427731304,-0.01869274150138813,1.0271725111265748,280
1789408010.4509933,1789408010.4503264,1.4652168525964107,2.8226455844590634,1.4242361404848698,-0.3225026230592516,-0.06881572708750916,-0.022745856545154385,1.0293425527195408,280
1789408010.4613755,1789408010.4603357,1.4616272765429645,2.821902885657616,1.4239892745383655,-0.40015664730325773,-0.08035385539875946,-0.026860382855998424,1.032019411662059,280
1789408010.471682,1789408010.4704802,1.4571158620741895,2.821027826251685,1.423694732234778,-0.4880461917152323,-0.0915011166629932,-0.031017442874569007,1.0353417308191164,280
1789408010.4814005,1789408010.480345,1.4518158239282604,2.8200706739178485,1.423367594834988,-0.5815553186429069,-0.10119906366529896,-0.034882817986331326,1.0391952268543025,280
1789408010.491703,1789408010.4903166,1.4455410956476862,2.819023576884161,1.4230029984639407,-0.6823571644779161,-0.10919277900533864,-0.038424283959709093,1.0436989498703875,280
1789408010.501079,1789408010.5002882,1.4455410956476862,2.819023576884161,1.4230029984639407,-0.6823571644779161,-0.10919277900533864,-0.038424283959709093,1.0436989498703875,280
1789408010.5112662,1789408010.510361,1.4297773096849775,2.8167428796570455,1.4221779334818734,-0.9032967079396145,-0.11774154788346612,-0.04395246913480912,1.0547862142075635,280
1789408010.5215187,1789408010.520353,1.4200440900482467,2.8155528425514698,1.4217242990678398,-1.0233251861468982,-0.11708059625770986,-0.0456626727541097,1.061496736370758,280
1789408010.531378,1789408010.5303063,1.4092672502714148,2.8144087256395793,1.4212656909383299,-1.1454680135595692,-0.11238982703497089,-0.046445147835068736,1.068824350492391,280
1789408010.5411053,1789408010.5402815,1.3972318395310028,2.813331164863946,1.4208032479324022,-1.2710559293046921,-0.10312067666656362,-0.0462085800885771,1.0768940441789916,280
1789408010.5510752,1789408010.550322,1.3837830654258725,2.812361392774298,1.4203439256060817,-1.4002812998392289,-0.08857316953032451,-0.04481364931285119,1.0857834749084974,280
1789408010.560953,1789408010.5602834,1.3693008360001666,2.8115787952440123,1.4199125440923814,-1.5284916509001962,-0.0687295725202407,-0.04220997292549352,1.0952187427317372,280
1789408010.5709963,1789408010.5703206,1.35332518191271,2.8110157959409796,1.419508182610329,-1.6587932702666908,-0.04253867424362942,-0.03823307150911122,1.1054756873948166,280
1789408010.5809662,1789408010.5803351,1.3361274432738828,2.8107482375353645,1.4191522635146065,-1.7878909629630653,-0.009974869657720906,-0.03286192730243111,1.116353391178141,280
1789408010.591154,1789408010.5903802,1.3361274432738828,2.8107482375353645,1.4191522635146065,-1.7878909629630653,-0.009974869657720906,-0.03286192730243111,1.116353391178141,280
1789408010.6009235,1789408010.600311,1.2974794881492897,2.811375650225637,1.4186342312586913,-2.0430919514958594,0.0770757970606452,-0.017483921064891193,1.1402347187500232,280
1789408010.6123855,1789408010.6103156,1.2764975544060493,2.812407839959861,1.4185079870940955,-2.1645984940270955,0.13120698659158445,-0.007581080091542407,1.152898502799722,280
1789408010.620959,1789408010.6203146,1.2542152148563805,2.814026990250695,1.4184883211172046,-2.282388403956212,0.19329124273184395,0.003912610920908248,1.16613027616953,280
1789408010.631037,1789408010.630279,1.2309228164505663,2.8162915606856784,1.4185904824958646,-2.3943629411045513,0.2627923382957082,0.016853408265588992,1.1676428281964728,281
1789408010.640888,1789408010.64032,1.2067477017078,2.8192594968783635,1.4188254757522105,-2.499633474537346,0.339419228739864,0.030790292324281373,1.168210240940286,281
1789408010.6509547,1789408010.6503248,1.1812603622133613,2.823070557235189,1.4192018688717252,-2.5996084916009172,0.42445690978304107,0.04426732766967971,1.1685094898584787,281
1789408010.660909,1789408010.6603234,1.1547983978655842,2.82776975300974,1.4197024357204948,-2.6924235086631287,0.5167040677766631,0.055326967880114854,1.1684989229573872,281
1789408010.6708643,1789408010.6703157,1.1270110085148783,2.833522255343701,1.420305038308737,-2.7787369828398303,0.617346552848639,0.06257283752136489,1.1681385085657212,281
1789408010.681002,1789408010.6803188,1.098801384585513,2.840226390271166,1.4209463110079958,-2.8554513210047463,0.7230150327483809,0.06461200411313321,1.1674079309004333,281
1789408010.6909342,1789408010.6902807,1.0703405334035665,2.8478838006740745,1.4215690283375073,-2.922355136965534,0.8328338596083436,0.060822497981494986,1.1662974773021648,281
1789408010.7008376,1789408010.7003133,1.0703405334035665,2.8478838006740745,1.4215690283375073,-2.922355136965534,0.8328338596083436,0.060822497981494986,1.1662974773021648,281
1789408010.7108467,1789408010.710318,1.039553133217058,2.8571958660026504,1.4221524796916851,-2.386770918253464,0.7639623141613694,0.039929037854848845,1.1646695074613242,281
1789408010.7209277,1789408010.7203085,1.0151599427374773,2.8653500695021727,1.422505698764974,-2.4191848688403983,0.8433444834791273,0.02909241747850394,1.163058655343898,281
1789408010.7309558,1789408010.73032,0.9911921342488369,2.874049300842486,1.4227269006157641,-2.4458709853236225,0.9231986820817923,0.015282952255483179,1.1611908056832958,281
1789408010.7407372,1789408010.740313,0.9666716057098046,2.8836765391766352,1.4227962787744899,-2.468096728518523,1.0069110622166773,-0.0019046966440235387,1.1589759090141507,281
1789408010.7508104,1789408010.7503147,0.9414716109497416,2.8943653108275518,1.4226742147514646,-2.485781570864956,1.0951529902881227,-0.02262213863875322,1.156364222201436,281
1789408010.760842,1789408010.7602844,0.9165049729729264,2.9057823082284093,1.42233273175261,-2.4983053701681115,1.184844656017957,-0.0460481595145728,1.153423707774406,281
1789408010.770911,1789408010.770311,0.8915972151531492,2.9180296231227167,1.4217467440875453,-2.505967097357191,1.2766086931171514,-0.07216235057024065,1.150120125921828,281
1789408010.7811882,1789408010.7804348,0.8664316115651602,2.9313149746027296,1.4208790838510552,-2.5089010052875778,1.3716575570765115,-0.10121058398869198,1.1463847624254508,281
1789408010.7911558,1789408010.7903836,0.8415534113430666,2.945394619648898,1.4197223578181462,-2.507118110632685,1.4679307697970059,-0.13245626780119532,1.142275255713597,281
1789408010.8010242,1789408010.8003042,0.8415534113430666,2.945394619648898,1.4197223578181462,-2.507118110632685,1.4679307697970059,-0.13245626780119532,1.142275255713597,281
1789408010.8109858,1789408010.8103054,0.8415534113430666,2.945394619648898,1.4197223578181462,-2.507118110632685,1.4679307697970059,-0.13245626780119532,1.142275255713597,281
1789408010.8210378,1789408010.82031,0.8415534113430666,2.945394619648898,1.4197223578181462,-2.507118110632685,1.4679307697970059,-0.13245626780119532,1.142275255713597,281
1789408010.831027,1789408010.830313,0.8415534113430666,2.945394619648898,1.4197223578181462,-2.507118110632685,1.4679307697970059,-0.13245626780119532,1.142275255713597,281
1789408010.8411596,1789408010.840321,0.8415534113430666,2.945394619648898,1.4197223578181462,-2.507118110632685,1.4679307697970059,-0.13245626780119532,1.142275255713597,281
1789408010.8509953,1789408010.85029,0.8415534113430666,2.945394619648898,1.4197223578181462,-2.507118110632685,1.4679307697970059,-0.13245626780119532,1.142275255713597,281
1789408010.8608687,1789408010.8603132,0.8415534113430666,2.945394619648898,1.4197223578181462,-2.507118110632685,1.4679307697970059,-0.13245626780119532,1.142275255713597,281
1789408010.8709679,1789408010.8703396,0.8415534113430666,2.945394619648898,1.4197223578181462,-2.507118110632685,1.4679307697970059,-0.13245626780119532,1.142275255713597,281
1789408010.8812077,1789408010.880325,0.8415534113430666,2.945394619648898,1.4197223578181462,-2.507118110632685,1.4679307697970059,-0.13245626780119532,1.142275255713597,281
1789408010.891122,1789408010.8903115,0.8415534113430666,2.945394619648898,1.4197223578181462,-2.507118110632685,1.4679307697970059,-0.13245626780119532,1.142275255713597,281
1789408010.9008257,1789408010.9002712,0.8415534113430666,2.945394619648898,1.4197223578181462,-2.507118110632685,1.4679307697970059,-0.13245626780119532,1.142275255713597,281
1789408010.9109573,1789408010.9103193,0.8415534113430666,2.945394619648898,1.4197223578181462,-2.507118110632685,1.4679307697970059,-0.13245626780119532,1.142275255713597,281
1789408010.921532,1789408010.9204597,0.8415534113430666,2.945394619648898,1.4197223578181462,-2.507118110632685,1.4679307697970059,-0.13245626780119532,1.142275255713597,281
1789408010.931592,1789408010.9303775,0.8415534113430666,2.945394619648898,1.4197223578181462,-2.507118110632685,1.4679307697970059,-0.13245626780119532,1.142275255713597,281
1789408010.9413538,1789408010.9403374,0.8415534113430666,2.945394619648898,1.4197223578181462,-2.507118110632685,1.4679307697970059,-0.13245626780119532,1.142275255713597,281
1789408010.9516516,1789408010.950537,0.8415534113430666,2.945394619648898,1.4197223578181462,-2.507118110632685,1.4679307697970059,-0.13245626780119532,1.142275255713597,281
1789408010.9616203,1789408010.9605734,0.8415534113430666,2.945394619648898,1.4197223578181462,-2.507118110632685,1.4679307697970059,-0.13245626780119532,1.142275255713597,281
1789408010.971695,1789408010.9704926,0.8415534113430666,2.945394619648898,1.4197223578181462,-2.507118110632685,1.4679307697970059,-0.13245626780119532,1.142275255713597,281
1789408010.9813654,1789408010.9803486,0.8415534113430666,2.945394619648898,1.4197223578181462,-2.507118110632685,1.4679307697970059,-0.13245626780119532,1.142275255713597,281
1789408010.991574,1789408010.9904804,0.8415534113430666,2.945394619648898,1.4197223578181462,-2.507118110632685,1.4679307697970059,-0.13245626780119532,1.142275255713597,281
1789408011.0012538,1789408011.0003204,0.8415534113430666,2.945394619648898,1.4197223578181462,-2.507118110632685,1.4679307697970059,-0.13245626780119532,1.142275255713597,281
1789408011.0109222,1789408011.0103252,0.8415534113430666,2.945394619648898,1.4197223578181462,-2.507118110632685,1.4679307697970059,-0.13245626780119532,1.142275255713597,281
1789408011.0214336,1789408011.0205393,0.8415534113430666,2.945394619648898,1.4197223578181462,-2.507118110632685,1.4679307697970059,-0.13245626780119532,1.142275255713597,281
1789408011.0315182,1789408011.0303369,0.8415534113430666,2.945394619648898,1.4197223578181462,-2.507118110632685,1.4679307697970059,-0.13245626780119532,1.142275255713597,281
1789408011.0412965,1789408011.0403566,0.8415534113430666,2.945394619648898,1.4197223578181462,-2.507118110632685,1.4679307697970059,-0.13245626780119532,1.142275255713597,281
1789408011.0520315,1789408011.050615,0.8415534113430666,2.945394619648898,1.4197223578181462,-2.507118110632685,1.4679307697970059,-0.13245626780119532,1.142275255713597,281
1789408011.0621748,1789408011.0605881,0.8415534113430666,2.945394619648898,1.4197223578181462,-2.507118110632685,1.4679307697970059,-0.13245626780119532,1.142275255713597,281
1789408011.071329,1789408011.0703366,0.8415534113430666,2.945394619648898,1.4197223578181462,-2.507118110632685,1.4679307697970059,-0.13245626780119532,1.142275255713597,281
1789408011.0813308,1789408011.0803227,0.8415534113430666,2.945394619648898,1.4197223578181462,-2.507118110632685,1.4679307697970059,-0.13245626780119532,1.142275255713597,281
1789408011.0915048,1789408011.0903096,0.8415534113430666,2.945394619648898,1.4197223578181462,-2.507118110632685,1.4679307697970059,-0.13245626780119532,1.142275255713597,281
1789408011.1012316,1789408011.1003556,0.8415534113430666,2.945394619648898,1.4197223578181462,-2.507118110632685,1.4679307697970059,-0.13245626780119532,1.142275255713597,281
1789408011.1118917,1789408011.1103287,0.8415534113430666,2.945394619648898,1.4197223578181462,-2.507118110632685,1.4679307697970059,-0.13245626780119532,1.142275255713597,281
1789408011.1216633,1789408011.1203365,0.8415534113430666,2.945394619648898,1.4197223578181462,-2.507118110632685,1.4679307697970059,-0.13245626780119532,1.142275255713597,281
1789408011.1315105,1789408011.1303475,0.8415534113430666,2.945394619648898,1.4197223578181462,-2.507118110632685,1.4679307697970059,-0.13245626780119532,1.142275255713597,281
1789408011.141278,1789408011.1403482,0.8415534113430666,2.945394619648898,1.4197223578181462,0.0,0.0,0.0,1.142275255713597,281
1789408011.1508312,1789408011.1503177,0.8415534113430666,2.945394619648898,1.4197223578181462,0.0,0.0,0.0,1.142275255713597,281
1789408011.1610558,1789408011.160479,0.8415534113430666,2.945394619648898,1.4197223578181462,0.0,0.0,0.0,1.142275255713597,281
1789408011.1710372,1789408011.170486,0.8415534113430666,2.945394619648898,1.4197223578181462,0.0,0.0,0.0,1.142275255713597,281
1789408011.1810787,1789408011.1804605,0.8415534113430666,2.945394619648898,1.4197223578181462,0.0,0.0,0.0,1.142275255713597,281
1789408011.190995,1789408011.1903176,0.8415534113430666,2.945394619648898,1.4197223578181462,0.0,0.0,0.0,1.142275255713597,281
1789408011.2008405,1789408011.2003136,0.8415534113430666,2.945394619648898,1.4197223578181462,0.0,0.0,0.0,1.142275255713597,281
1789408011.2110784,1789408011.210492,0.8415534113430666,2.945394619648898,1.4197223578181462,0.0,0.0,0.0,1.142275255713597,281
1789408011.2209659,1789408011.2203107,0.8415534113430666,2.945394619648898,1.4197223578181462,0.0,0.0,0.0,1.142275255713597,281
1789408011.2311258,1789408011.2304454,0.8415534113430666,2.945394619648898,1.4197223578181462,0.0,0.0,0.0,1.142275255713597,281
1789408011.2410662,1789408011.2403765,0.8415534113430666,2.945394619648898,1.4197223578181462,0.0,0.0,0.0,1.142275255713597,281
1789408011.2511194,1789408011.250356,0.8415534113430666,2.945394619648898,1.4197223578181462,0.0,0.0,0.0,1.142275255713597,281
1789408011.261367,1789408011.2603002,0.8415534113430666,2.945394619648898,1.4197223578181462,0.0,0.0,0.0,1.142275255713597,281
1789408011.2718196,1789408011.2703378,0.8415534113430666,2.945394619648898,1.4197223578181462,0.0,0.0,0.0,1.142275255713597,281
1789408011.2816174,1789408011.2805564,0.8415534113430666,2.945394619648898,1.4197223578181462,0.0,0.0,0.0,1.142275255713597,281
1789408011.2915099,1789408011.290313,0.8415534113430666,2.945394619648898,1.4197223578181462,0.0,0.0,0.0,1.142275255713597,281
1789408011.301376,1789408011.300335,0.8415534113430666,2.945394619648898,1.4197223578181462,0.0,0.0,0.0,1.142275255713597,281
1789408011.3113546,1789408011.3102999,0.8415534113430666,2.945394619648898,1.4197223578181462,0.0,0.0,0.0,1.142275255713597,281
1789408011.321574,1789408011.32035,0.8415534113430666,2.945394619648898,1.4197223578181462,0.0,0.0,0.0,1.142275255713597,281
1789408011.3313842,1789408011.3303387,0.8415534113430666,2.945394619648898,1.4197223578181462,0.0,0.0,0.0,1.142275255713597,281
1789408011.3414638,1789408011.340354,0.8415534113430666,2.945394619648898,1.4197223578181462,0.0,0.0,0.0,1.142275255713597,281
1789408011.3517296,1789408011.350344,0.8415534113430666,2.945394619648898,1.4197223578181462,0.0,0.0,0.0,1.142275255713597,281
1789408011.3611972,1789408011.3603966,0.8415534113430666,2.945394619648898,1.4197223578181462,0.0,0.0,0.0,1.142275255713597,281
1789408011.3713193,1789408011.3705559,0.8415534113430666,2.945394619648898,1.4197223578181462,0.0,0.0,0.0,1.142275255713597,281
1789408011.3812032,1789408011.3803449,0.8415534113430666,2.945394619648898,1.4197223578181462,0.0,0.0,0.0,1.142275255713597,281
1789408011.3909988,1789408011.390305,0.8415534113430666,2.945394619648898,1.4197223578181462,0.0,0.0,0.0,1.142275255713597,281
1789408011.4010432,1789408011.400472,0.8415534113430666,2.945394619648898,1.4197223578181462,0.0,0.0,0.0,1.142275255713597,281
1789408011.411076,1789408011.410293,0.8415534113430666,2.945394619648898,1.4197223578181462,0.0,0.0,0.0,1.142275255713597,281
1789408011.4218085,1789408011.4205577,0.8415534113430666,2.945394619648898,1.4197223578181462,0.0,0.0,0.0,1.142275255713597,281
1789408011.4315338,1789408011.4303432,0.8415534113430666,2.945394619648898,1.4197223578181462,0.0,0.0,0.0,1.142275255713597,281
1789408011.441881,1789408011.4405303,0.8415534113430666,2.945394619648898,1.4197223578181462,0.0,0.0,0.0,1.142275255713597,281
1789408011.451598,1789408011.4506013,0.8415534113430666,2.945394619648898,1.4197223578181462,0.0,0.0,0.0,1.142275255713597,281
1789408011.4609776,1789408011.4602947,0.8415534113430666,2.945394619648898,1.4197223578181462,0.0,0.0,0.0,1.142275255713597,281
1789408011.4709523,1789408011.4703188,0.8415534113430666,2.945394619648898,1.4197223578181462,0.0,0.0,0.0,1.142275255713597,281
1789408011.4812331,1789408011.480325,0.8415534113430666,2.945394619648898,1.4197223578181462,0.0,0.0,0.0,1.142275255713597,281
1789408011.4910183,1789408011.4903095,0.8415534113430666,2.945394619648898,1.4197223578181462,0.0,0.0,0.0,1.142275255713597,281
1789408011.5011153,1789408011.5004616,0.8415534113430666,2.945394619648898,1.4197223578181462,0.0,0.0,0.0,1.142275255713597,281
1789408011.510791,1789408011.5103214,0.8415534113430666,2.945394619648898,1.4197223578181462,0.0,0.0,0.0,1.142275255713597,281
1789408011.5209923,1789408011.5203233,0.8415534113430666,2.945394619648898,1.4197223578181462,0.0,0.0,0.0,1.142275255713597,281
1789408011.5314326,1789408011.5304809,0.8415534113430666,2.945394619648898,1.4197223578181462,0.0,0.0,0.0,1.142275255713597,281
1789408011.5413268,1789408011.540354,0.8415534113430666,2.945394619648898,1.4197223578181462,0.0,0.0,0.0,1.142275255713597,281
1789408011.5512395,1789408011.5503175,0.8415534113430666,2.945394619648898,1.4197223578181462,0.0,0.0,0.0,1.142275255713597,281
1789408011.5611758,1789408011.5603056,0.8415534113430666,2.945394619648898,1.4197223578181462,0.0,0.0,0.0,1.142275255713597,281
1789408011.5712605,1789408011.5703201,0.8415534113430666,2.945394619648898,1.4197223578181462,0.0,0.0,0.0,1.142275255713597,281
1789408011.5814052,1789408011.580344,0.8415534113430666,2.945394619648898,1.4197223578181462,0.0,0.0,0.0,1.142275255713597,281
1789408011.5912695,1789408011.590331,0.8415534113430666,2.945394619648898,1.4197223578181462,0.0,0.0,0.0,1.142275255713597,281
1789408011.601281,1789408011.6003358,0.8415534113430666,2.945394619648898,1.4197223578181462,0.0,0.0,0.0,1.142275255713597,281
1789408011.61133,1789408011.6103272,0.8415534113430666,2.945394619648898,1.4197223578181462,0.0,0.0,0.0,1.142275255713597,281
1789408011.621358,1789408011.6202855,0.8415534113430666,2.945394619648898,1.4197223578181462,0.0,0.0,0.0,1.142275255713597,281
1789408011.6313276,1789408011.6303108,0.8415534113430666,2.945394619648898,1.4197223578181462,0.0,0.0,0.0,1.142275255713597,281
1789408011.64119,1789408011.6403427,0.8415534113430666,2.945394619648898,1.4197223578181462,0.0,0.0,0.0,1.142275255713597,281
1789408011.6516476,1789408011.6503747,0.8415534113430666,2.945394619648898,1.4197223578181462,0.0,0.0,0.0,1.142275255713597,281
1789408011.6613579,1789408011.660312,0.8415534113430666,2.945394619648898,1.4197223578181462,0.0,0.0,0.0,1.142275255713597,281
1789408011.6709895,1789408011.6703057,0.8415534113430666,2.945394619648898,1.4197223578181462,0.0,0.0,0.0,1.142275255713597,281
1789408011.6810296,1789408011.680305,0.8415534113430666,2.945394619648898,1.4197223578181462,0.0,0.0,0.0,1.142275255713597,281
1789408011.6910906,1789408011.690306,0.8415534113430666,2.945394619648898,1.4197223578181462,0.0,0.0,0.0,1.142275255713597,281
1789408011.7010276,1789408011.7003005,0.8415534113430666,2.945394619648898,1.4197223578181462,0.0,0.0,0.0,1.142275255713597,281
1789408011.710985,1789408011.710303,0.8415534113430666,2.945394619648898,1.4197223578181462,0.0,0.0,0.0,1.142275255713597,281
1789408011.7211363,1789408011.7203512,0.8240087175989281,2.925448689070507,1.4248439696170971,-0.05370745062710909,0.02491741773082388,-0.008414480346723598,1.1673211179391105,281
1789408011.7311015,1789408011.7303634,0.8233486174439425,2.9257578513855913,1.42474074551083,-0.07746484982039252,0.036587034837147266,-0.012092959558228042,1.1672821294540092,281
1789408011.7410471,1789408011.7403522,0.822435498480589,2.926193198469318,1.4245984803665337,-0.10599275595581283,0.05096521971644997,-0.016483843581763098,1.1672215865601496,281
1789408011.751053,1789408011.7503076,0.821203130426262,2.9267914572985823,1.4244072266201862,-0.13987278175542803,0.06849760931782206,-0.02166466312666508,1.167130902221574,281
1789408011.761275,1789408011.7603085,0.8196136868357725,2.927577343012528,1.4241615852916707,-0.17872628383898145,0.08915719251192382,-0.027563731188599283,1.1670023231864317,281
1789408011.7713528,1789408011.770288,0.8176021511376379,2.928590630653207,1.423852091590618,-0.22281752306904382,0.11326614980173032,-0.034205743333391055,1.1668249010752942,281
1789408011.7815278,1789408011.780463,0.8151296205183208,2.9298599531256566,1.423473471079462,-0.27174264420619265,0.14079997081251877,-0.04151255825331176,1.1665888163978415,281
1789408011.7910213,1789408011.7903159,0.8122438159296765,2.9313697167617483,1.4230337578769214,-0.3236640369284143,0.17088525427116386,-0.04919464341093146,1.1662927874744768,281
1789408011.800904,1789408011.8004117,0.8086651657716404,2.9332786146447556,1.4224913868937907,-0.38242849972495535,0.20598492649478695,-0.05779909056364869,1.1659003546607047,281
1789408011.8106794,1789408011.8102703,0.8045355015930938,2.9355258455256164,1.4218691195767,-0.4444795740223203,0.244244175440031,-0.06677907731624512,1.1654183440273014,281
1789408011.8208144,1789408011.8203044,0.7998157761435906,2.938146178454792,1.4211622751090025,-0.5096452762219894,0.28574913829323256,-0.07608942404144481,1.1648351786673137,281
1789408011.830855,1789408011.8303196,0.7943791973833727,2.9412266727344534,1.42035337773507,-0.5787962296843824,0.3312969031019151,-0.08582869142645214,1.1641270894715372,281
1789408011.8409843,1789408011.840338,0.7882570111726781,2.9447685231454415,1.4194488368434055,-0.6506656300535505,0.3803168607944078,-0.09578954986764295,1.1632897370955575,281
1789408011.8508625,1789408011.8503094,0.7813037994386252,2.9488776028597297,1.4184292457554502,-0.726090073486068,0.4336699580340551,-0.10605515496279252,1.162294452671918,281
1789408011.8607895,1789408011.8603072,0.7736297208403817,2.953512181413781,1.4173130567942265,-0.8030866692639217,0.49024376058240043,-0.11632150928581152,1.161148624917894,281
1789408011.870846,1789408011.870313,0.765211636620556,2.9587089587260347,1.4160992256053835,-0.8813112236520484,0.5500248145262355,-0.12651239984981885,1.1598419801119617,281
1789408011.880948,1789408011.8803046,0.7559460815485689,2.964558284961449,1.4147755931742558,-0.9610891578727045,0.6135464275391437,-0.13663387925708598,1.1583512559339832,281
1789408011.891111,1789408011.8903031,0.7460779414599161,2.9709303421851887,1.4133798330774006,-1.0398958144256647,0.6789907495425491,-0.14633395210973987,1.156710538086957,281
1789408011.901084,1789408011.9002676,0.7460779414599161,2.9709303421851887,1.4133798330774006,-1.0398958144256647,0.6789907495425491,-0.14633395210973987,1.156710538086957,281
1789408011.9110973,1789408011.9103222,0.7237581523238235,2.985843374492178,1.410275421900415,-1.200567072197115,0.819364417560359,-0.16501020448683026,1.152842200872841,281
1789408011.9211028,1789408011.9203198,0.7113165412879059,2.994424239645239,1.4085770072895414,-1.282229015263792,0.893241595993391,-0.17383341333838814,1.150625981535052,281
1789408011.9311988,1789408011.9304323,0.6980498128498515,3.0037570050225586,1.406791918164648,-1.364449882480884,0.9688118743613002,-0.1821926403923909,1.1482448074424918,281
1789408011.9407327,1789408011.9403057,0.684045160133417,3.013790227618061,1.4049373060112433,-1.4465956400069364,1.0452258427719832,-0.18996630797695765,1.1457350784270852,281
1789408011.9508939,1789408011.950315,0.6688747002786063,3.0248439254807935,1.4029636367837752,-1.5308806734160363,1.1243834653403233,-0.1972844403721808,1.143046680279747,281
1789408011.960975,1789408011.9602768,0.6533842304216406,3.036305296881602,1.4009875737026602,-1.612636166761069,1.2014426607453015,-0.2035141924756136,1.1403593145707032,281
1789408011.9709113,1789408011.9703398,0.6367595407095734,3.0487694356839437,1.398917656153546,-1.696785996917606,1.2794315277856778,-0.2081460460538227,1.1310702002133157,282
1789408011.9811528,1789408011.9803164,0.619220827717177,3.0620576901150747,1.3968064219318297,-1.7824918895483064,1.3561579240903079,-0.21013190745564103,1.1164454348968829,282
1789408011.9910522,1789408011.990358,0.6012140839804623,3.0758003902546793,1.3947370296937092,-1.8677288244794448,1.429124041704711,-0.20872914445149826,1.1015010368825704,282
1789408012.0009418,1789408012.0002751,0.5818924664235563,3.0906099097428945,1.3926518458234876,-1.9563138915631153,1.5013078631106063,-0.20320055457344152,1.0855992023047378,282
1789408012.010946,1789408012.010279,0.5622061878052268,3.105723807080484,1.3906964184474462,-2.0435207923780245,1.5689951715667105,-0.19331118465395639,1.0695881755875842,282
1789408012.0210056,1789408012.0203097,0.5412142100584991,3.121832381958192,1.3888247161662581,-2.1329920078713394,1.6354558217617268,-0.1782092712802608,1.0527701806870995,282
1789408012.0310783,1789408012.0303347,0.5194173886660061,3.1385199147326763,1.3871372916118674,-2.22195387032981,1.6978948179713054,-0.15813027213939737,1.0356245644893984,282
1789408012.0409849,1789408012.0403762,0.4965421354663592,3.1559489524425564,1.3856635215258262,-2.3110165363064654,1.7547849368757549,-0.13316038109128023,1.0180300478867383,282
1789408012.0508368,1789408012.0502777,0.4731869187157698,3.1736028587974623,1.3844822601501623,-2.3974009446702054,1.8030504149097715,-0.10430384428123143,1.0005515616485192,282
1789408012.060858,1789408012.0602834,0.4488715682617662,3.191775546482818,1.383604235252855,-2.4824365951756113,1.8427336320162706,-0.07125862193251108,0.9829438486612803,282
1789408012.0709147,1789408012.070311,0.423716410056739,3.210299425182584,1.383074893578257,-2.5651232552519643,1.8729260988119931,-0.034335287959839526,0.9654289036296826,282
1789408012.0810926,1789408012.0803192,0.39755104609649294,3.2292192323882216,1.3829326799438268,-2.6454000819554278,1.8934870573323819,0.006629916127219669,0.9480319213649937,282
1789408012.09111,1789408012.0903761,0.3707545655155849,3.2481864619496514,1.3832173581427143,-2.721582039644956,1.904315519290144,0.050999482070920275,0.9311407916425278,282
1789408012.10126,1789408012.1004968,0.3432393342811259,3.267202593713851,1.3839625844422379,-2.7938386605704166,1.9065995041586148,0.09902208694058884,0.9148171882121992,282
1789408012.1108997,1789408012.1102798,0.3145512383669799,3.2865175512026954,1.3852305906526752,-2.86324252453123,1.9014860002561418,0.15170293936363538,0.8989321611840453,282
1789408012.1209157,1789408012.1203077,0.28559435923753185,3.3054806163404917,1.3870233216024737,-2.9275927820528693,1.8902982658809526,0.20748546993952038,0.8840931183026017,282
1789408012.1310215,1789408012.1303084,0.25635300421515317,3.3240936362445956,1.3893625670958498,-2.987131723500723,1.8743076807627423,0.2663427280527461,0.8703360216093248,282
1789408012.1409745,1789408012.1403136,0.22630553264455477,3.3426733658899614,1.3923273029815317,-3.0429366843716283,1.854211827999557,0.3293030630387504,0.8574855981511769,282
1789408012.1510804,1789408012.1503093,0.19538033635520288,3.3612396905109776,1.3959809692944316,-3.0949682074852536,1.8307484980584579,0.39653313615829927,0.8456136642901739,282
1789408012.1610608,1789408012.1603153,0.16432217991555434,3.3793455170759965,1.400274562719054,-3.1419496293756572,1.8052793027064424,0.4663197274129392,0.8350588259033593,282
1789408012.1710613,1789408012.1703112,0.13266978279732083,3.3972726552870163,1.405303918076491,-3.1845987054831904,1.778160459013173,0.5395481924805947,0.8256923452413985,282
1789408012.181071,1789408012.180321,0.1001698152184223,3.4151648099556864,1.411165359896547,-3.223071499641053,1.7497971397574739,0.6166995250959171,0.8175087298200505,282
1789408012.1909578,1789408012.190289,0.06796974454176911,3.4324157863862186,1.4176807777374119,-3.256015246720636,1.7217624443083364,0.6948444677397453,0.8108020742593556,282
1789408012.2009025,1789408012.2002676,0.06796974454176911,3.4324157863862186,1.4176807777374119,-3.256015246720636,1.7217624443083364,0.6948444677397453,0.8108020742593556,282
1789408012.2111204,1789408012.2103016,0.06796974454176911,3.4324157863862186,1.4176807777374119,-3.256015246720636,1.7217624443083364,0.6948444677397453,0.8108020742593556,282
1789408012.2212815,1789408012.2203093,0.06796974454176911,3.4324157863862186,1.4176807777374119,-3.256015246720636,1.7217624443083364,0.6948444677397453,0.8108020742593556,282
1789408012.2311487,1789408012.2303214,0.06796974454176911,3.4324157863862186,1.4176807777374119,-3.256015246720636,1.7217624443083364,0.6948444677397453,0.8108020742593556,282
1789408012.241094,1789408012.240368,0.06796974454176911,3.4324157863862186,1.4176807777374119,-3.256015246720636,1.7217624443083364,0.6948444677397453,0.8108020742593556,282
1789408012.2511036,1789408012.250332,0.06796974454176911,3.4324157863862186,1.4176807777374119,-3.256015246720636,1.7217624443083364,0.6948444677397453,0.8108020742593556,282
1789408012.2610135,1789408012.260311,0.06796974454176911,3.4324157863862186,1.4176807777374119,-3.256015246720636,1.7217624443083364,0.6948444677397453,0.8108020742593556,282
1789408012.2714846,1789408012.2703323,0.06796974454176911,3.4324157863862186,1.4176807777374119,-3.256015246720636,1.7217624443083364,0.6948444677397453,0.8108020742593556,282
1789408012.281861,1789408012.28037,0.06796974454176911,3.4324157863862186,1.4176807777374119,-3.256015246720636,1.7217624443083364,0.6948444677397453,0.8108020742593556,282
1789408012.2913814,1789408012.2904277,0.06796974454176911,3.4324157863862186,1.4176807777374119,-3.256015246720636,1.7217624443083364,0.6948444677397453,0.8108020742593556,282
1789408012.3010616,1789408012.3003151,0.06796974454176911,3.4324157863862186,1.4176807777374119,-3.256015246720636,1.7217624443083364,0.6948444677397453,0.8108020742593556,282
1789408012.3115125,1789408012.3103375,0.06796974454176911,3.4324157863862186,1.4176807777374119,-3.256015246720636,1.7217624443083364,0.6948444677397453,0.8108020742593556,282
1789408012.3217258,1789408012.320331,0.06796974454176911,3.4324157863862186,1.4176807777374119,-3.256015246720636,1.7217624443083364,0.6948444677397453,0.8108020742593556,282
1789408012.331054,1789408012.3303328,0.06796974454176911,3.4324157863862186,1.4176807777374119,-3.256015246720636,1.7217624443083364,0.6948444677397453,0.8108020742593556,282
1789408012.3409584,1789408012.3403497,0.06796974454176911,3.4324157863862186,1.4176807777374119,-3.256015246720636,1.7217624443083364,0.6948444677397453,0.8108020742593556,282
1789408012.3511567,1789408012.350324,0.06796974454176911,3.4324157863862186,1.4176807777374119,-3.256015246720636,1.7217624443083364,0.6948444677397453,0.8108020742593556,282
1789408012.3614912,1789408012.360337,0.06796974454176911,3.4324157863862186,1.4176807777374119,-3.256015246720636,1.7217624443083364,0.6948444677397453,0.8108020742593556,282
1789408012.3713992,1789408012.3703353,0.06796974454176911,3.4324157863862186,1.4176807777374119,-3.256015246720636,1.7217624443083364,0.6948444677397453,0.8108020742593556,282
1789408012.381442,1789408012.3804095,0.06796974454176911,3.4324157863862186,1.4176807777374119,-3.256015246720636,1.7217624443083364,0.6948444677397453,0.8108020742593556,282
1789408012.391389,1789408012.3903136,0.06796974454176911,3.4324157863862186,1.4176807777374119,-3.256015246720636,1.7217624443083364,0.6948444677397453,0.8108020742593556,282
1789408012.4008327,1789408012.4002771,0.06796974454176911,3.4324157863862186,1.4176807777374119,-3.256015246720636,1.7217624443083364,0.6948444677397453,0.8108020742593556,282
1789408012.411101,1789408012.4103067,0.06796974454176911,3.4324157863862186,1.4176807777374119,-3.256015246720636,1.7217624443083364,0.6948444677397453,0.8108020742593556,282
1789408012.4215083,1789408012.420461,0.06796974454176911,3.4324157863862186,1.4176807777374119,-3.256015246720636,1.7217624443083364,0.6948444677397453,0.8108020742593556,282
1789408012.4316697,1789408012.4303565,0.06796974454176911,3.4324157863862186,1.4176807777374119,-3.256015246720636,1.7217624443083364,0.6948444677397453,0.8108020742593556,282
1789408012.4414039,1789408012.4403334,0.06796974454176911,3.4324157863862186,1.4176807777374119,-3.256015246720636,1.7217624443083364,0.6948444677397453,0.8108020742593556,282
1789408012.4513881,1789408012.4503295,0.06796974454176911,3.4324157863862186,1.4176807777374119,-3.256015246720636,1.7217624443083364,0.6948444677397453,0.8108020742593556,282
1789408012.4612696,1789408012.4603107,0.06796974454176911,3.4324157863862186,1.4176807777374119,-3.256015246720636,1.7217624443083364,0.6948444677397453,0.8108020742593556,282
1789408012.4715111,1789408012.4703138,0.06796974454176911,3.4324157863862186,1.4176807777374119,-3.256015246720636,1.7217624443083364,0.6948444677397453,0.8108020742593556,282
1789408012.4814093,1789408012.480454,0.06796974454176911,3.4324157863862186,1.4176807777374119,-3.256015246720636,1.7217624443083364,0.6948444677397453,0.8108020742593556,282
1789408012.4911342,1789408012.4904006,0.06796974454176911,3.4324157863862186,1.4176807777374119,-3.256015246720636,1.7217624443083364,0.6948444677397453,0.8108020742593556,282
1789408012.5010984,1789408012.5003266,0.06796974454176911,3.4324157863862186,1.4176807777374119,-3.256015246720636,1.7217624443083364,0.6948444677397453,0.8108020742593556,282
1789408012.511265,1789408012.5103,0.06796974454176911,3.4324157863862186,1.4176807777374119,-3.256015246720636,1.7217624443083364,0.6948444677397453,0.8108020742593556,282
1789408012.5215745,1789408012.5203352,0.06796974454176911,3.4324157863862186,1.4176807777374119,-3.256015246720636,1.7217624443083364,0.6948444677397453,0.8108020742593556,282
1789408012.5314012,1789408012.5303378,0.06796974454176911,3.4324157863862186,1.4176807777374119,-3.256015246720636,1.7217624443083364,0.6948444677397453,0.8108020742593556,282
1789408012.5412993,1789408012.5403805,0.06796974454176911,3.4324157863862186,1.4176807777374119,-3.256015246720636,1.7217624443083364,0.6948444677397453,0.8108020742593556,282
1789408012.5514848,1789408012.5503097,0.06796974454176911,3.4324157863862186,1.4176807777374119,-3.256015246720636,1.7217624443083364,0.6948444677397453,0.8108020742593556,282
1789408012.561389,1789408012.5603333,0.06796974454176911,3.4324157863862186,1.4176807777374119,-3.256015246720636,1.7217624443083364,0.6948444677397453,0.8108020742593556,282
1789408012.5713072,1789408012.5703442,0.06796974454176911,3.4324157863862186,1.4176807777374119,-3.256015246720636,1.7217624443083364,0.6948444677397453,0.8108020742593556,282
1789408012.5812814,1789408012.5803404,0.06796974454176911,3.4324157863862186,1.4176807777374119,-3.256015246720636,1.7217624443083364,0.6948444677397453,0.8108020742593556,282
1789408012.591073,1789408012.5903194,0.06796974454176911,3.4324157863862186,1.4176807777374119,-3.256015246720636,1.7217624443083364,0.6948444677397453,0.8108020742593556,282
1789408012.60128,1789408012.600308,0.06796974454176911,3.4324157863862186,1.4176807777374119,-3.256015246720636,1.7217624443083364,0.6948444677397453,0.8108020742593556,282
1789408012.610982,1789408012.6102905,0.06796974454176911,3.4324157863862186,1.4176807777374119,-3.256015246720636,1.7217624443083364,0.6948444677397453,0.8108020742593556,282
1789408012.620999,1789408012.6203249,0.06796974454176911,3.4324157863862186,1.4176807777374119,-3.256015246720636,1.7217624443083364,0.6948444677397453,0.8108020742593556,282
1789408012.6309028,1789408012.6302783,0.06796974454176911,3.4324157863862186,1.4176807777374119,0.0,0.0,0.0,0.8108020742593556,282
1789408012.6408548,1789408012.6403122,0.06796974454176911,3.4324157863862186,1.4176807777374119,0.0,0.0,0.0,0.8108020742593556,282
1789408012.6509395,1789408012.6503096,0.06796974454176911,3.4324157863862186,1.4176807777374119,0.0,0.0,0.0,0.8108020742593556,282
1789408012.661003,1789408012.6603065,0.06796974454176911,3.4324157863862186,1.4176807777374119,0.0,0.0,0.0,0.8108020742593556,282
1789408012.6708817,1789408012.6703072,0.06796974454176911,3.4324157863862186,1.4176807777374119,0.0,0.0,0.0,0.8108020742593556,282
1789408012.680835,1789408012.680325,0.06796974454176911,3.4324157863862186,1.4176807777374119,0.0,0.0,0.0,0.8108020742593556,282
1789408012.6911016,1789408012.6903095,0.06796974454176911,3.4324157863862186,1.4176807777374119,0.0,0.0,0.0,0.8108020742593556,282
1789408012.7010257,1789408012.700275,0.06796974454176911,3.4324157863862186,1.4176807777374119,0.0,0.0,0.0,0.8108020742593556,282
1789408012.7110608,1789408012.7103384,0.06796974454176911,3.4324157863862186,1.4176807777374119,0.0,0.0,0.0,0.8108020742593556,282
1789408012.7210064,1789408012.7205362,0.06796974454176911,3.4324157863862186,1.4176807777374119,0.0,0.0,0.0,0.8108020742593556,282
1789408012.7311022,1789408012.7305079,0.06796974454176911,3.4324157863862186,1.4176807777374119,0.0,0.0,0.0,0.8108020742593556,282
1789408012.7408195,1789408012.740358,0.06796974454176911,3.4324157863862186,1.4176807777374119,0.0,0.0,0.0,0.8108020742593556,282
1789408012.7511714,1789408012.7502947,0.06796974454176911,3.4324157863862186,1.4176807777374119,0.0,0.0,0.0,0.8108020742593556,282
1789408012.7615356,1789408012.7604008,0.06796974454176911,3.4324157863862186,1.4176807777374119,0.0,0.0,0.0,0.8108020742593556,282
1789408012.7712102,1789408012.7703345,0.06796974454176911,3.4324157863862186,1.4176807777374119,0.0,0.0,0.0,0.8108020742593556,282
1789408012.781205,1789408012.7803125,0.06796974454176911,3.4324157863862186,1.4176807777374119,0.0,0.0,0.0,0.8108020742593556,282
1789408012.791371,1789408012.7904594,0.06796974454176911,3.4324157863862186,1.4176807777374119,0.0,0.0,0.0,0.8108020742593556,282
1789408012.8012536,1789408012.8002722,0.06796974454176911,3.4324157863862186,1.4176807777374119,0.0,0.0,0.0,0.8108020742593556,282
1789408012.8113725,1789408012.810321,0.06796974454176911,3.4324157863862186,1.4176807777374119,0.0,0.0,0.0,0.8108020742593556,282
1789408012.821449,1789408012.820477,0.06796974454176911,3.4324157863862186,1.4176807777374119,0.0,0.0,0.0,0.8108020742593556,282
1789408012.8314352,1789408012.8304856,0.06796974454176911,3.4324157863862186,1.4176807777374119,0.0,0.0,0.0,0.8108020742593556,282
1789408012.8411922,1789408012.8403335,0.06796974454176911,3.4324157863862186,1.4176807777374119,0.0,0.0,0.0,0.8108020742593556,282
1789408012.8516552,1789408012.8504899,0.06796974454176911,3.4324157863862186,1.4176807777374119,0.0,0.0,0.0,0.8108020742593556,282
1789408012.8610492,1789408012.8603346,0.06796974454176911,3.4324157863862186,1.4176807777374119,0.0,0.0,0.0,0.8108020742593556,282
1789408012.8710966,1789408012.8703334,0.06796974454176911,3.4324157863862186,1.4176807777374119,0.0,0.0,0.0,0.8108020742593556,282
1789408012.8811915,1789408012.8804426,0.06796974454176911,3.4324157863862186,1.4176807777374119,0.0,0.0,0.0,0.8108020742593556,282
1789408012.8909938,1789408012.8903172,0.06796974454176911,3.4324157863862186,1.4176807777374119,0.0,0.0,0.0,0.8108020742593556,282
1789408012.9008634,1789408012.9002833,0.06796974454176911,3.4324157863862186,1.4176807777374119,0.0,0.0,0.0,0.8108020742593556,282
1789408012.9110825,1789408012.9103343,0.06796974454176911,3.4324157863862186,1.4176807777374119,0.0,0.0,0.0,0.8108020742593556,282
1789408012.9209936,1789408012.920318,0.06796974454176911,3.4324157863862186,1.4176807777374119,0.0,0.0,0.0,0.8108020742593556,282
1789408012.931197,1789408012.9304922,0.06796974454176911,3.4324157863862186,1.4176807777374119,0.0,0.0,0.0,0.8108020742593556,282
1789408012.9411767,1789408012.9403079,0.06796974454176911,3.4324157863862186,1.4176807777374119,0.0,0.0,0.0,0.8108020742593556,282
1789408012.9510624,1789408012.9503183,0.06796974454176911,3.4324157863862186,1.4176807777374119,0.0,0.0,0.0,0.8108020742593556,282
1789408012.9610527,1789408012.9603958,0.06796974454176911,3.4324157863862186,1.4176807777374119,0.0,0.0,0.0,0.8108020742593556,282
1789408012.9711702,1789408012.9703238,0.06796974454176911,3.4324157863862186,1.4176807777374119,0.0,0.0,0.0,0.8108020742593556,282
1789408012.981254,1789408012.9803262,0.06796974454176911,3.4324157863862186,1.4176807777374119,0.0,0.0,0.0,0.8108020742593556,282
1789408012.99112,1789408012.9903638,0.06796974454176911,3.4324157863862186,1.4176807777374119,0.0,0.0,0.0,0.8108020742593556,282
1789408013.0009396,1789408013.0003083,0.06796974454176911,3.4324157863862186,1.4176807777374119,0.0,0.0,0.0,0.8108020742593556,282
1789408013.0110505,1789408013.0103676,0.06796974454176911,3.4324157863862186,1.4176807777374119,0.0,0.0,0.0,0.8108020742593556,282
1789408013.0209537,1789408013.020357,0.06796974454176911,3.4324157863862186,1.4176807777374119,0.0,0.0,0.0,0.8108020742593556,282
1789408013.0312486,1789408013.0304818,0.06796974454176911,3.4324157863862186,1.4176807777374119,0.0,0.0,0.0,0.8108020742593556,282
1789408013.0410051,1789408013.0403264,0.06796974454176911,3.4324157863862186,1.4176807777374119,0.0,0.0,0.0,0.8108020742593556,282
1789408013.051228,1789408013.0503335,0.06796974454176911,3.4324157863862186,1.4176807777374119,0.0,0.0,0.0,0.8108020742593556,282
1789408013.061436,1789408013.0604842,0.06796974454176911,3.4324157863862186,1.4176807777374119,0.0,0.0,0.0,0.8108020742593556,282
1789408013.0709255,1789408013.0703204,0.06796974454176911,3.4324157863862186,1.4176807777374119,0.0,0.0,0.0,0.8108020742593556,282
1789408013.0808241,1789408013.080332,0.06796974454176911,3.4324157863862186,1.4176807777374119,0.0,0.0,0.0,0.8108020742593556,282
1789408013.0911183,1789408013.0903292,0.06796974454176911,3.4324157863862186,1.4176807777374119,0.0,0.0,0.0,0.8108020742593556,282
1789408013.100958,1789408013.1003036,0.06796974454176911,3.4324157863862186,1.4176807777374119,0.0,0.0,0.0,0.8108020742593556,282
1789408013.110836,1789408013.1103044,0.06796974454176911,3.4324157863862186,1.4176807777374119,0.0,0.0,0.0,0.8108020742593556,282
1789408013.121037,1789408013.1203284,0.06796974454176911,3.4324157863862186,1.4176807777374119,0.0,0.0,0.0,0.8108020742593556,282
1789408013.1311266,1789408013.1303122,0.06796974454176911,3.4324157863862186,1.4176807777374119,0.0,0.0,0.0,0.8108020742593556,282
1789408013.1412568,1789408013.1403277,0.06796974454176911,3.4324157863862186,1.4176807777374119,0.0,0.0,0.0,0.8108020742593556,282
1789408013.1509435,1789408013.1502695,0.06796974454176911,3.4324157863862186,1.4176807777374119,0.0,0.0,0.0,0.8108020742593556,282
1789408013.1610022,1789408013.1604476,0.06796974454176911,3.4324157863862186,1.4176807777374119,0.0,0.0,0.0,0.8108020742593556,282
1789408013.1709888,1789408013.170307,0.06796974454176911,3.4324157863862186,1.4176807777374119,0.0,0.0,0.0,0.8108020742593556,282
1789408013.1812203,1789408013.1803117,0.06796974454176911,3.4324157863862186,1.4176807777374119,0.0,0.0,0.0,0.8108020742593556,282
1789408013.1912222,1789408013.1903064,0.06796974454176911,3.4324157863862186,1.4176807777374119,0.0,0.0,0.0,0.8108020742593556,282
1789408013.2009704,1789408013.2003062,0.06796974454176911,3.4324157863862186,1.4176807777374119,0.0,0.0,0.0,0.8108020742593556,282
1789408013.2109315,1789408013.2103112,0.06796974454176911,3.4324157863862186,1.4176807777374119,0.0,0.0,0.0,0.8108020742593556,282
1789408013.2208273,1789408013.220305,0.06796974454176911,3.4324157863862186,1.4176807777374119,0.0,0.0,0.0,0.8108020742593556,282
1789408013.2309504,1789408013.2303069,0.06796974454176911,3.4324157863862186,1.4176807777374119,0.0,0.0,0.0,0.8108020742593556,282
1789408013.2408495,1789408013.2403147,0.06796974454176911,3.4324157863862186,1.4176807777374119,0.0,0.0,0.0,0.8108020742593556,282
1789408013.251148,1789408013.2503195,0.06796974454176911,3.4324157863862186,1.4176807777374119,0.0,0.0,0.0,0.8108020742593556,282
1789408013.2611198,1789408013.2603302,0.06466441486474311,3.419479565981204,1.4231455350740574,-0.31580073871436626,-0.16066664610095172,-0.054392580671673754,0.8241213129691902,282
1789408013.2709174,1789408013.2703557,0.06119426865921029,3.417732942119086,1.4225531209235283,-0.3864697789820063,-0.19254196509223886,-0.06542430088902557,0.8268727427333997,282
1789408013.2812402,1789408013.2803445,0.056885197572295314,3.4156106296408857,1.4218304661243863,-0.4663881187120876,-0.2271936856895268,-0.0775182297210529,0.8302527882477773,282
1789408013.2911146,1789408013.2903302,0.051802678059102956,3.4131639550600514,1.4209937747222237,-0.5526221175723531,-0.26300011745591034,-0.09013823787358383,0.8341967649972182,282
1789408013.3011186,1789408013.3004525,0.0457639070696636,3.4103259104678223,1.4200186512433168,-0.6467483853214027,-0.3002724082579266,-0.10342593924770416,0.8388327760855152,282
1789408013.310741,1789408013.310273,0.03887419642051563,3.407168381751379,1.418928126758474,-0.7457785993208011,-0.3374933879831836,-0.11687422532171947,0.844066258486359,282
1789408013.320881,1789408013.320316,0.030771683423421358,3.4035526358943584,1.417672166161466,-0.8534512428199132,-0.37567353237655754,-0.13089092624810028,0.8501564064606602,282
1789408013.3310754,1789408013.3303518,0.021650396677609086,3.399595868012844,1.4162889571321728,-0.9657317480591575,-0.41295511093399273,-0.1448440564669603,0.856940767466636,282
1789408013.3409004,1789408013.340315,0.011353552765435627,3.39526053137361,1.4147627004290853,-1.0834156877945134,-0.449237695659652,-0.1587439687935622,0.8645209603120498,282
1789408013.3509912,1789408013.3503125,0.00022253585960038582,3.3907178654473435,1.413151096177116,-1.201849927477221,-0.4828209998754433,-0.17197956449207896,0.8726336492476008,282
1789408013.360884,1789408013.3602998,-0.012516527558485467,3.3856887234401163,1.411351527786753,-1.3281801574268681,-0.5153243963734639,-0.1852535240168705,0.8731200039704048,283
1789408013.3714695,1789408013.3704205,-0.026302214537152677,3.380436851007308,1.4094540462492338,-1.4556524723355435,-0.5445355417880917,-0.19774501679000556,0.8734468264145925,283
1789408013.381004,1789408013.3803122,-0.04152681533176077,3.37485278620324,1.4074146917444572,-1.5870364764518505,-0.5707164121085717,-0.20964244297015738,0.8737806148014637,283
1789408013.3909786,1789408013.390328,-0.05796419339310829,3.3690644737322195,1.4052749503077242,-1.7194611873241665,-0.5928688442352491,-0.22059163870730392,0.874119306091991,283
1789408013.4008799,1789408013.4003057,-0.05796419339310829,3.3690644737322195,1.4052749503077242,-1.7194611873241665,-0.5928688442352491,-0.22059163870730392,0.874119306091991,283
1789408013.4107566,1789408013.4102802,-0.09524833247733339,3.356801576785199,1.4006424321342916,-1.9901526581362925,-0.6238117534294164,-0.23950023349965419,0.8748456170306078,283
1789408013.4207084,1789408013.4203057,-0.11585727011323409,3.350511289229857,1.3982047664765624,-2.1250705191176484,-0.6313303240449962,-0.24704180741008336,0.8752403493089946,283
1789408013.4309657,1789408013.4302988,-0.13764931079208712,3.3442206996346324,1.3957169445391744,-2.2581129693593565,-0.6330025507089276,-0.25313386794544057,0.8756626395069438,283
1789408013.440761,1789408013.4403017,-0.16078938797302417,3.3379353066106656,1.3931723915471204,-2.389756121887041,-0.6284929188270968,-0.2577374337447085,0.8761225225499085,283
1789408013.4507773,1789408013.450299,-0.18542473995798966,3.331679307398856,1.3905696408751376,-2.5201389597598793,-0.6173189143319463,-0.2607682077152969,0.8766297603206816,283
1789408013.4607542,1789408013.4602637,-0.2114184243712571,3.325555642648469,1.3879385495500975,-2.6478594080048743,-0.5991075763160228,-0.2621046298156956,0.8771878267701159,283
1789408013.4707177,1789408013.4703,-0.23859573387447264,3.3196689122551497,1.3853107335690629,-2.7715726270626675,-0.5736777994639852,-0.26167314686288967,0.8777978117412208,283
1789408013.480692,1789408013.4803066,-0.2668954447952599,3.3140921197492084,1.3827055576246956,-2.890557276209671,-0.5411017619615879,-0.259260440669504,0.878462060772067,283
1789408013.490918,1789408013.4904273,-0.29649762759975995,3.3088518471357187,1.3801250146889388,-3.0049138766001704,-0.5016134969397985,-0.2542811014578351,0.8791920122527059,283
1789408013.5010083,1789408013.500449,-0.3267259960225028,3.3041121375478317,1.3776484490761411,-3.1116536236594885,-0.4566309520267065,-0.24639642933452843,0.8799819981721433,283
1789408013.5109425,1789408013.510376,-0.3586237660889191,3.299763630869019,1.3752187374226397,-3.2139460218503513,-0.4049322341857337,-0.2349216257418387,0.8808745686366357,283
1789408013.5207603,1789408013.5202813,-0.39121938814375445,3.295995539780837,1.372943146421115,-3.3081487527814364,-0.34830901654336843,-0.21986101093459756,0.8818599357494981,283
1789408013.5310879,1789408013.5303962,-0.4243075171414552,3.292853408182512,1.3708615191773708,-3.393705100533551,-0.2874472093827753,-0.20120963783200774,0.8829457973300643,283
1789408013.5408978,1789408013.5403118,-0.4585411401681033,3.290313405093022,1.3689654402986347,-3.472123765346867,-0.22131303998028104,-0.17848661366397847,0.8841682859193731,283
1789408013.550841,1789408013.5503123,-0.4939256446585194,3.2884376693487796,1.3672978063666437,-3.542948620194165,-0.14988486796144784,-0.1515560975634689,0.8855436569120452,283
1789408013.560815,1789408013.5602784,-0.5299012327575621,3.28730748958113,1.3659213749530585,-3.605101549203899,-0.07387850348931499,-0.12160453515293278,0.8870594988636717,283
1789408013.5708857,1789408013.5704477,-0.5664852217630052,3.286968456188366,1.3648546183367865,-3.659083125295073,0.007468605830351311,-0.09012066569170649,0.8887132565895783,283
1789408013.5809097,1789408013.5803223,-0.6029595860602819,3.287461587608647,1.3641164359884523,-3.704416905747983,0.0930493790840863,-0.05900301979574797,0.8904561050153366,283
1789408013.591195,1789408013.5903256,-0.6401785297069663,3.288847341070777,1.3636800789939807,-3.742561339228442,0.18526400023694464,-0.028561729360600304,0.8923049347794334,283
1789408013.600961,1789408013.6003087,-0.6401785297069663,3.288847341070777,1.3636800789939807,-3.742561339228442,0.18526400023694464,-0.028561729360600304,0.8923049347794334,283
1789408013.610924,1789408013.6103113,-0.7152938795928173,3.2945059321113597,1.3636709853952147,-3.796349997838207,0.38709065656832353,0.0262898130958021,0.8961188186966675,283
1789408013.6208718,1789408013.6203084,-0.7534339049636426,3.2989374375693648,1.364064711370573,-3.8120265359932826,0.4981765366891127,0.05233443688782819,0.8980170398156619,283
1789408013.6309903,1789408013.6303487,-0.742709581130917,3.29758023173097,1.3639277971617103,-3.0467371669885046,0.3730572428202719,0.03597432873796899,0.8974901311817105,283
1789408013.640747,1789408013.6403136,-0.7731928559493303,3.301672430214513,1.3643714163308627,-3.0536061181466776,0.44653005775227095,0.05292881900044771,0.8989683851731332,283
1789408013.6509,1789408013.6503017,-0.8037285593700716,3.3065163734542584,1.36498891340375,-3.0563400331330195,0.523370874826066,0.07084133671312065,0.9003735866580633,283
1789408013.6610568,1789408013.6603444,-0.8342195769130314,3.3121347814047555,1.3657905975987792,-3.0548598544254535,0.6033765259018227,0.09011842525706334,0.9016720896674963,283
1789408013.6708992,1789408013.6703117,-0.8648410332159326,3.318604927300523,1.3667990349503623,-3.0490638782866646,0.6870261206038943,0.11123325935824074,0.9028399892093522,283
1789408013.6809723,1789408013.6803155,-0.895549098541126,3.325972180774224,1.3680363548044492,-3.038830308247762,0.7742132053457049,0.13443997321486842,0.9038415555920409,283
1789408013.6910262,1789408013.690278,-0.9256721997699291,3.3341024726676696,1.3694941109851155,-3.0243985214170355,0.8629089264489238,0.15936226119708624,0.904626053300553,283
1789408013.7010975,1789408013.7003078,-0.9256721997699291,3.3341024726676696,1.3694941109851155,-3.0243985214170355,0.8629089264489238,0.15936226119708624,0.904626053300553,283
1789408013.7111042,1789408013.7104642,-0.9862795711711932,3.353382716459286,1.3732618082804342,-2.981819912619087,1.0499445258882438,0.2148138721416357,0.9054753193719336,283
1789408013.7207506,1789408013.7203074,-1.0159639243237872,3.3643553590414195,1.3755489696561334,-2.954201671808025,1.1446529698985282,0.24247240208038986,0.9054754633963602,283
1789408013.7309928,1789408013.7303054,-1.0447946974576043,3.376041932545883,1.378056002460916,-2.9229686254164755,1.2379553782197772,0.26837435524576714,0.9051805548738552,283
1789408013.740923,1789408013.7403035,-1.0741203004719626,3.389022814223562,1.3808914139470148,-2.8865884146025267,1.3339724392222205,0.29306576113382643,0.9045589287320353,283
1789408013.7509418,1789408013.7503262,-1.1027790025914617,3.4028363501492214,1.3839360561536431,-2.8463830102146184,1.4299065185572757,0.3158404083603382,0.9036093026525329,283
1789408013.761049,1789408013.7602878,-1.1313405006222126,3.4177956266708787,1.3872416775634164,-2.8015200499815753,1.5290236110268451,0.33776743450152535,0.9022826065479446,283
1789408013.7709496,1789408013.7703054,-1.1589866070832284,3.4335111877275875,1.39070795163233,-2.753249249212776,1.629561913010917,0.3586994542750426,0.9005800320711892,283
1789408013.7811265,1789408013.780317,-1.1862870015242435,3.450344928599643,1.3944025388859305,-2.70054372833692,1.7344173147113078,0.37942911472342117,0.898425372486835,283
1789408013.7910743,1789408013.7903268,-1.212881735954769,3.468139989104702,1.3982802155793381,-2.643957724141962,1.8429069528769146,0.3999298977674756,0.8957939290788743,283
1789408013.8025196,1789408013.8003118,-1.212881735954769,3.468139989104702,1.3982802155793381,-2.643957724141962,1.8429069528769146,0.3999298977674756,0.8957939290788743,283
1789408013.8110535,1789408013.8103237,-1.2642650463409892,3.5070744790456674,1.4066466183471413,-2.5181877202886978,2.0738724653170713,0.44120882920296084,0.888855247862393,283
1789408013.821068,1789408013.8203068,-1.2894670046694976,3.5287510136191034,1.4112344957204563,-2.4483424545558035,2.1992584328388878,0.463193217234197,0.8843468027930184,283
1789408013.8311343,1789408013.8303084,-1.3133636754711966,3.5511579807430245,1.4159324097111992,-2.3771187070207755,2.326658164019813,0.48574500133675663,0.8792512271611923,283
1789408013.8409226,1789408013.8403087,-1.336875485717551,3.5752081343728106,1.4209334232160602,-2.3020260059596187,2.460921460953816,0.5098112155038402,0.8733371530663907,283
1789408013.850954,1789408013.8503087,-1.359436454491086,3.600418771854928,1.4261379319872858,-2.224834394007016,2.5988694721928014,0.5347321442805909,0.8666967396482435,283
1789408013.8609483,1789408013.860333,-1.381355157078381,3.6272066158529457,1.4316316272156342,-2.1443760363426208,2.742241599774189,0.5605776311401209,0.8592056679678375,283
1789408013.871013,1789408013.8703215,-1.4025089336928687,3.655533175879751,1.437402554345982,-2.060880959288368,2.8901569569752215,0.5866888611570529,0.8508606450795215,283
1789408013.8812144,1789408013.8803964,-1.4224001176651433,3.684731020198949,1.443300205437232,-1.9775231353735352,3.038384487313055,0.6100695691425327,0.8418724343525661,283
1789408013.891091,1789408013.890319,-1.441681410031584,3.715759638706302,1.4494748219898301,-1.8932444762934604,3.190873765112141,0.6283408608458944,0.8319751353872344,283
1789408013.90122,1789408013.9003143,-1.441681410031584,3.715759638706302,1.4494748219898301,-1.8932444762934604,3.190873765112141,0.6283408608458944,0.8319751353872344,283
1789408013.9113567,1789408013.9105277,-1.4779293890069853,3.78277291331254,1.4622368047430017,-1.7276343806383951,3.5017920076839624,0.6396884004889221,0.8097988508365372,283
1789408013.9210708,1789408013.9203086,-1.4950497798075162,3.819116520046209,1.468687911623277,-1.6462979705283898,3.659802744143863,0.6296366792318975,0.7975376801730509,283
1789408013.931063,1789408013.9304016,-1.5108831921668824,3.855917764047366,1.4747964865720375,-1.5687987784542885,3.812303719136464,0.6088529558095862,0.7850967314582284,283
1789408013.9409862,1789408013.940311,-1.52616894414938,3.894775364426972,1.4807286081957842,-1.4909173124310868,3.9654156221957404,0.5767917567740295,0.7720348749236319,283
1789408013.95109,1789408013.950306,-1.5408555399706518,3.935682614406222,1.48635803408838,-1.4112681490088987,4.118549831987882,0.5341218244438583,0.7584604687940735,283
1789408013.9610598,1789408013.9602764,-1.5544330766643735,3.9771892966886746,1.4914027429145418,-1.3311807259305164,4.266172376912918,0.483663316817513,0.7449502295883155,283
1789408013.9710279,1789408013.9703116,-1.5673571712770915,4.020693410001152,1.4959628701221688,-1.2467190258202283,4.413088371991298,0.4249723474247743,0.731141789706423,283
1789408013.9811275,1789408013.980319,-1.579351128522101,4.065410108192924,1.4998817347816582,-1.1584041303515407,4.556248573794447,0.36014521076089573,0.7173823002058286,283
1789408013.9911926,1789408013.9903176,-1.5905542100488517,4.112041473450849,1.503157777781224,-1.0640244162152255,4.697483699994164,0.2891911572701494,0.7035550526165608,283
1789408014.0011187,1789408014.000305,-1.5905542100488517,4.112041473450849,1.503157777781224,-1.0640244162152255,4.697483699994164,0.2891911572701494,0.7035550526165608,283
1789408014.0110917,1789408014.0104117,-1.609833262298303,4.208725667930605,1.5074361919161485,-0.8594053036380289,4.965590004582706,0.13632313982193237,0.6767740959863595,283
1789408014.0210228,1789408014.02045,-1.61787327262253,4.259008298608895,1.5083985718611828,-0.7479349148408152,5.092489240037427,0.05587709802354613,0.6639412433634697,283
1789408014.0310962,1789408014.0303154,-1.6247862896734482,4.3106898347405735,1.5085476944582883,-0.6297990225215432,5.214381596122324,-0.026314336722576492,0.6515886650431237,283
1789408014.040952,1789408014.0403442,-1.6303921678625073,4.362609166589459,1.5078880430478394,-0.5076339846770708,5.328398082750369,-0.107691506717056,0.6400743367940263,283
1789408014.050868,1789408014.0503132,-1.6348721357505296,4.417158217308887,1.5063731272729208,-0.37575032696920685,5.439363882155591,-0.19129653626160747,0.6289857271407886,283
1789408014.0611677,1789408014.0604026,-1.637948120690713,4.47194094013143,1.5040571480154594,-0.23994450448290255,5.541982593542918,-0.2728024043178682,0.6189329180873724,283
1789408014.0711517,1789408014.0703886,-1.639654022006496,4.52845909538574,1.5008881222758221,-0.0966403626596796,5.638872394814443,-0.35388047168367814,0.6097440614849283,283
1789408014.0811691,1789408014.0804012,-1.639897009437094,4.584417275423377,1.4970230566738325,0.0481002461083893,5.726093909342228,-0.43080428561642364,0.6018729653552524,283
1789408014.0911644,1789408014.0903244,-1.6386699440117407,4.641827012467816,1.4923579873084858,0.19919071499085106,5.80685264837661,-0.5059798811220136,0.5951106002305588,283
1789408014.101051,1789408014.1002653,-1.6386699440117407,4.641827012467816,1.4923579873084858,0.19919071499085106,5.80685264837661,-0.5059798811220136,0.5951106002305588,283
1789408014.1109018,1789408014.1103086,-1.631524036506601,4.759710898306565,1.4807689571789773,0.5161687125826081,5.946139888879743,-0.647579305049442,0.5855763433708887,283
1789408014.1207755,1789408014.1202993,-1.6254701481438947,4.820153779370802,1.4738837107265936,0.6814357501456876,6.004309003946771,-0.7131882738908225,0.5830492505995082,283
1789408014.1308339,1789408014.1302996,-1.6179444695390326,4.8796094220818045,1.4665528107892603,0.8453281109297731,6.05314989090136,-0.7729425664213792,0.5821820073414221,283
1789408014.1409173,1789408014.140443,-1.6085260207392993,4.941103904233416,1.4584373168625961,1.015852945640484,6.095218248007471,-0.8296693519949677,0.5830149400688571,283
1789408014.1509244,1789408014.1503887,-1.5974539248888249,5.002560788909774,1.4498330307857443,1.1869388262766305,6.128969723847208,-0.8811397477226661,0.5856431388696803,283
1789408014.1607454,1789408014.1603005,-1.5847814942258218,5.0637463795720885,1.440822533187156,1.3575796029176934,6.154620318202085,-0.9271511502394185,0.5900775049819142,283
1789408014.1706915,1789408014.1702976,-1.5703220966694396,5.125487923075584,1.4313259915784902,1.5297419885816637,6.172737649064662,-0.9682565456889187,0.5964213162109875,283
1789408014.1807787,1789408014.180304,-1.5542455914915374,5.186980984581223,1.4215078330563864,1.7008518021301136,6.18329554037767,-1.0038590068722906,0.6046321575437363,283
1789408014.1908212,1789408014.1903236,-1.5364698960057188,5.248537153879169,1.4113626900360947,1.8714565344648912,6.186642590175928,-1.0341497740113446,0.6147651446112847,283
1789408014.2007933,1789408014.20032,-1.5166673932081671,5.311101521855679,1.4007697435679567,2.0438365037883424,6.1829036663076815,-1.0594464408217468,0.6270445881900377,283
1789408014.2107744,1789408014.21031,-1.5166673932081671,5.311101521855679,1.4007697435679567,2.0438365037883424,6.1829036663076815,-1.0594464408217468,0.6270445881900377,283
1789408014.2207217,1789408014.2202973,-1.4728166841906012,5.433633268936859,1.3793812506645742,2.36543290402981,6.152535965026678,-1.089457291950883,0.6569730415446544,283
1789408014.230953,1789408014.230322,-1.4484088299098108,5.4951372552360604,1.368451258918474,2.5026972283766615,6.122085189434814,-1.0904102118493704,0.6750699722882738,283
1789408014.2410421,1789408014.2403836,-1.422916761099414,5.555886383415067,1.3576371899580841,2.614035327940117,6.08017350290749,-1.0801918461391151,0.6951101885340147,283
1789408014.2510746,1789408014.2503119,-1.3960059609625095,5.6171639845013,1.3468050397785816,2.6979760224576674,6.0251825179640335,-1.0581136398823967,0.7176247079977793,283
1789408014.2610939,1789408014.260316,-1.3690601365625858,5.676398248610012,1.3364994527640217,2.749733175623056,5.95947459574472,-1.0255717157454363,0.7416834619744297,283
1789408014.2710805,1789408014.270299,-1.3411668498272677,5.736166924317928,1.3263582784181154,2.771583391475569,5.880525521351417,-0.9820675383938728,0.7683207455301455,283
1789408014.2811997,1789408014.2803135,-1.3134817975849373,5.794505472789663,1.3167954751508046,2.763408699665183,5.79127385554455,-0.9301092300860545,0.7966513457434488,283
1789408014.2912345,1789408014.290301,-1.2862122020013667,5.851496177483994,1.3078513373086835,2.7279928212784537,5.692653408285189,-0.8713905251683484,0.8265625860698378,283
1789408014.3012166,1789408014.3002975,-1.2862122020013667,5.851496177483994,1.3078513373086835,2.7279928212784537,5.692653408285189,-0.8713905251683484,0.8265625860698378,283
1789408014.3109646,1789408014.3103209,-1.232575153225744,5.963907733236719,1.2916241261135954,2.584564908344476,5.466217112956294,-0.7378938001552932,0.891948394811428,283
1789408014.3209805,1789408014.320299,-1.2072634032893634,6.017854217306222,1.2846054857419729,2.485103908722586,5.343187041987644,-0.6684966452441029,0.9262396411987572,283
1789408014.3310497,1789408014.3302965,-1.1828359117679716,6.070938819080339,1.2782336006776767,2.371088001398339,5.213464433586922,-0.5989716840904027,0.9617354303518446,283
1789408014.3410888,1789408014.3403041,-1.1601220710039337,6.121532530828974,1.2726730132377027,2.2500997910504634,5.0820877819958366,-0.5331343667449275,0.9971059602737824,283
1789408014.3508189,1789408014.3502972,-1.1381653324548928,6.171896365099363,1.2676401888159874,2.120433708588867,4.943975023166201,-0.4695725130395406,1.0337254376387597,283
1789408014.3608642,1789408014.3603098,-1.1176408261352773,6.220580554277305,1.263244682896039,1.9890442192725797,4.803569191578196,-0.4114879365240576,1.0703764116527792,283
1789408014.370713,1789408014.370298,-1.0981971823286332,6.26842713872517,1.2593545873787808,1.8567953301316247,4.658882682194754,-0.3590165867562466,1.107512449000071,283
1789408014.380686,1789408014.3803163,-1.0804582257001882,6.313798683338734,1.2560288216952864,1.7309478678457308,4.515299426577495,-0.3146855641103945,1.1436712065302614,283
1789408014.390792,1789408014.3902974,-1.0636963736402623,6.35839506487747,1.2530635043837326,1.6090387240714226,4.367676585947741,-0.27729039401879163,1.1800335995502362,283
1789408014.4009726,1789408014.4002676,-1.0482147067711034,6.401236562698543,1.2504495619625233,1.4954854421084922,4.219161341907596,-0.2479508874536397,1.215664468437547,283
1789408014.4108624,1789408014.4102674,-1.03385049644626,6.4425062515408,1.2480941058829385,1.390929537113847,4.069032217133064,-0.2263768663893766,1.2505751090719566,283
1789408014.4208648,1789408014.4202955,-1.0202720737927158,6.482901509455389,1.24588232206538,1.2943577486711417,3.9142643066969347,-0.21197753217152915,1.2852479680447788,283
1789408014.4307854,1789408014.4302962,-1.0079904328302207,6.520567857076926,1.243843058007425,1.2101829888564,3.76169269674525,-0.2046511820216268,1.3179785208993076,283
1789408014.44084,1789408014.4402978,-0.9962859078165198,6.55737212483959,1.241810330135439,1.13374390493592,3.603374827069013,-0.20306351869059958,1.3502911114465868,283
1789408014.4507935,1789408014.4503045,-0.9850865034534162,6.593271259295207,1.239726468707389,1.0646514708623078,3.4383074657526542,-0.2064738431433275,1.3820870969984107,283
1789408014.4608252,1789408014.4603088,-0.974761812328742,6.626778519757374,1.237632166523986,1.0045936179596384,3.2727070231857645,-0.21353599551063346,1.41198134761384,283
1789408014.470722,1789408014.4702969,-0.9650354820276862,6.6585105858852955,1.2354614607316279,0.9509041304541556,3.1033860778361886,-0.22297989734188423,1.4404593902155234,283
1789408014.4807544,1789408014.4803007,-0.9557809145651271,6.688658226394179,1.233180267367305,0.9017403258478782,2.9288350604266205,-0.23360664168856746,1.4676457160736416,283
1789408014.4907434,1789408014.4903002,-0.9470654203123892,6.7168286092808405,1.2308109284799549,0.8561921656411221,2.751094059067517,-0.24406972176943328,1.493147021627096,283
1789408014.500829,1789408014.5003014,-0.9470654203123892,6.7168286092808405,1.2308109284799549,0.8561921656411221,2.751094059067517,-0.24406972176943328,1.493147021627096,283
1789408014.5107858,1789408014.5103018,-0.9307556173390289,6.768369571320506,1.2257279398167165,0.7681789457533301,2.378325052472487,-0.26056266009408396,1.5400004938473917,283
1789408014.520688,1789408014.5202968,-0.9233085268098287,6.791156179008421,1.2231047565992592,0.7241201828513428,2.1879022923307905,-0.264585874340394,1.5607767461056261,283
1789408014.5309722,1789408014.5304291,-0.9163251779347729,6.811979527550049,1.220466083021952,0.6787034363168473,1.9957526673575245,-0.2649389346359118,1.5797866059006214,283
1789408014.5408525,1789408014.5403123,-0.909748484830446,6.831042454389974,1.2178209549340324,0.6307832099617376,1.8009578493636027,-0.2611771255327481,1.5972034012106937,283
1789408014.5508435,1789408014.5503044,-0.9037036848019823,6.848044015690113,1.2152520829672957,0.5807729317835082,1.6080505228343303,-0.2531608036702174,1.612743370772699,283
1789408014.5607216,1789408014.5602653,-0.8981969758241203,6.863058855062705,1.2127967057149072,0.5286278008770148,1.4184810629701314,-0.240998010237899,1.6264684819408275,283
1789408014.5708985,1789408014.570397,-0.8931707122242091,6.876336248312924,1.2104590770912538,0.47382259259739545,1.2313338796627666,-0.22474054189686854,1.6386026238189972,283
1789408014.5808623,1789408014.5803003,-0.8886911247964799,6.887796339559193,1.2082970237390602,0.41730821282921454,1.0502180258178886,-0.20491872084123183,1.6490706022371489,283
1789408014.5911033,1789408014.590319,-0.8847866451006303,6.897471671991239,1.2063504959484883,0.3601243907620125,0.8780011467803599,-0.18227007355709895,1.6579015259585776,283
1789408014.6009562,1789408014.6003082,-0.8814865808048479,6.905397604665208,1.2046583077180253,0.3038751495096277,0.7183622660167903,-0.15788080687081926,1.6651284605069063,283
1789408014.6108203,1789408014.610293,-0.8787112204127192,6.911862559311082,1.2031996944747998,0.24858574017088497,0.5700392196422754,-0.13218345903991147,1.6710160382105983,283
1789408014.6208603,1789408014.620387,-0.8764818077129108,6.916902730505699,1.2020023350099336,0.19633130909444158,0.4371229464768335,-0.1065356391163011,1.6755994838406234,283
1789408014.631082,1789408014.6302938,-0.8747799499114974,6.920641195731877,1.2010709087122031,0.1490768658291477,0.3227151450962445,-0.08232487946825617,1.6789937095388219,283
1789408014.6410556,1789408014.6403232,-0.8735003106545903,6.9233752944219225,1.2003588632446505,0.10649365984777293,0.22425738887848945,-0.05974068617222411,1.6814716566078827,283
1789408014.6510158,1789408014.6502836,-0.8726243020015639,6.925197464256689,1.1998642170297162,0.0709443493623152,0.1455253499356094,-0.04034730552844512,1.6831199465220628,283
1789408014.6610324,1789408014.660343,-0.8720628293086244,6.926335807464079,1.199543067498054,0.042498151889825975,0.08498806589984831,-0.024466119663463237,1.6841475857662316,283
1789408014.6710904,1789408014.670287,-0.8717462914873958,6.926961922047058,1.1993599338856293,0.021704393917783227,0.042354371870112706,-0.012631585882168173,1.6847116210554345,283
1789408014.6811068,1789408014.6803308,-0.8716010255731601,6.927242589486432,1.1992750394131928,0.008587475271735645,0.016372243274057396,-0.005045741590890884,1.6849639196689867,283
1789408014.690962,1789408014.6902905,-0.8715530003332139,6.927333360270701,1.1992467260531205,0.0019924772869401863,0.00371495890776119,-0.0011807153908225398,1.6850453438404445,283
1789408014.7010174,1789408014.7002792,-0.8715455325873613,6.9273471967218905,1.1992422906836406,7.726092419968467e-05,0.00014102925059278348,-4.613007482623388e-05,1.6850577310281183,283
1789408014.7109108,1789408014.710323,-0.8715454377090565,6.9273473695566645,1.1992422339953468,8.881784197001252e-16,1.7763568394002505e-15,-8.881784197001252e-16,1.6850578854921003,283
1789408014.720853,1789408014.720296,-0.8715454377090565,6.9273473695566645,1.1992422339953468,8.881784197001252e-16,1.7763568394002505e-15,-8.881784197001252e-16,1.6850578854921003,283
1789408014.730919,1789408014.7302997,-0.8715454377090565,6.9273473695566645,1.1992422339953468,8.881784197001252e-16,1.7763568394002505e-15,-8.881784197001252e-16,1.6850578854921003,283
1789408014.740836,1789408014.740299,-0.8715454377090565,6.9273473695566645,1.1992422339953468,8.881784197001252e-16,1.7763568394002505e-15,-8.881784197001252e-16,1.6850578854921003,283
1789408014.7509267,1789408014.7503042,-0.8715454377090565,6.9273473695566645,1.1992422339953468,8.881784197001252e-16,1.7763568394002505e-15,-8.881784197001252e-16,1.6850578854921003,283
1789408014.761024,1789408014.7603428,-0.8715454377090565,6.9273473695566645,1.1992422339953468,8.881784197001252e-16,1.7763568394002505e-15,-8.881784197001252e-16,1.6850578854921003,283
1789408014.7709346,1789408014.7703066,-0.8715454377090565,6.9273473695566645,1.1992422339953468,8.881784197001252e-16,1.7763568394002505e-15,-8.881784197001252e-16,1.6850578854921003,283
1789408014.7812047,1789408014.7803683,-0.8715454377090565,6.9273473695566645,1.1992422339953468,8.881784197001252e-16,1.7763568394002505e-15,-8.881784197001252e-16,1.6850578854921003,283
1789408014.7912307,1789408014.7903285,-0.8715454377090565,6.9273473695566645,1.1992422339953468,8.881784197001252e-16,1.7763568394002505e-15,-8.881784197001252e-16,1.6850578854921003,283
1789408014.8011518,1789408014.800278,-0.8715454377090565,6.9273473695566645,1.1992422339953468,8.881784197001252e-16,1.7763568394002505e-15,-8.881784197001252e-16,1.6850578854921003,283
1789408014.8107486,1789408014.8102994,-0.8715454377090565,6.9273473695566645,1.1992422339953468,8.881784197001252e-16,1.7763568394002505e-15,-8.881784197001252e-16,1.6850578854921003,283
1789408014.8208327,1789408014.8203065,-0.8715454377090565,6.9273473695566645,1.1992422339953468,8.881784197001252e-16,1.7763568394002505e-15,-8.881784197001252e-16,1.6850578854921003,283
1789408014.8312542,1789408014.8303802,-0.8715454377090565,6.9273473695566645,1.1992422339953468,8.881784197001252e-16,1.7763568394002505e-15,-8.881784197001252e-16,1.6850578854921003,283
1789408014.84102,1789408014.8403213,-0.8715454377090565,6.9273473695566645,1.1992422339953468,8.881784197001252e-16,1.7763568394002505e-15,-8.881784197001252e-16,1.6850578854921003,283
1789408014.850984,1789408014.8504388,-0.8715454377090565,6.9273473695566645,1.1992422339953468,8.881784197001252e-16,1.7763568394002505e-15,-8.881784197001252e-16,1.6850578854921003,283
1789408014.8609898,1789408014.8603373,-0.8715454377090565,6.9273473695566645,1.1992422339953468,8.881784197001252e-16,1.7763568394002505e-15,-8.881784197001252e-16,1.6850578854921003,283
1789408014.8708897,1789408014.8703003,-0.8715454377090565,6.9273473695566645,1.1992422339953468,8.881784197001252e-16,1.7763568394002505e-15,-8.881784197001252e-16,1.6850578854921003,283
1789408014.8810654,1789408014.8804064,-0.8715454377090565,6.9273473695566645,1.1992422339953468,8.881784197001252e-16,1.7763568394002505e-15,-8.881784197001252e-16,1.6850578854921003,283
1789408014.8910415,1789408014.8903422,-0.8715454377090565,6.9273473695566645,1.1992422339953468,8.881784197001252e-16,1.7763568394002505e-15,-8.881784197001252e-16,1.6850578854921003,283
1789408014.9010262,1789408014.900296,-0.8715454377090565,6.9273473695566645,1.1992422339953468,8.881784197001252e-16,1.7763568394002505e-15,-8.881784197001252e-16,1.6850578854921003,283
1789408014.9107604,1789408014.9102964,-0.8715454377090565,6.9273473695566645,1.1992422339953468,8.881784197001252e-16,1.7763568394002505e-15,-8.881784197001252e-16,1.6850578854921003,283
1789408014.9208896,1789408014.9204412,-0.8715454377090565,6.9273473695566645,1.1992422339953468,8.881784197001252e-16,1.7763568394002505e-15,-8.881784197001252e-16,1.6850578854921003,283
1789408014.9308386,1789408014.9303105,-0.8715454377090565,6.9273473695566645,1.1992422339953468,8.881784197001252e-16,1.7763568394002505e-15,-8.881784197001252e-16,1.6850578854921003,283
1789408014.9408052,1789408014.9403076,-0.8715454377090565,6.9273473695566645,1.1992422339953468,8.881784197001252e-16,1.7763568394002505e-15,-8.881784197001252e-16,1.6850578854921003,283
1789408014.9507675,1789408014.950278,-0.8715454377090565,6.9273473695566645,1.1992422339953468,8.881784197001252e-16,1.7763568394002505e-15,-8.881784197001252e-16,1.6850578854921003,283
1789408014.960907,1789408014.960319,-0.8715454377090565,6.9273473695566645,1.1992422339953468,8.881784197001252e-16,1.7763568394002505e-15,-8.881784197001252e-16,1.6850578854921003,283
1789408014.9712727,1789408014.9705029,-0.8186529285364826,6.97166016049311,1.188138170405154,1.038758997051396,0.8450877937050572,0.19148199891776985,1.720648952533552,283
1789408014.9810297,1789408014.9803472,-0.8077127947891515,6.980540141851595,1.190086799339378,1.16795289624591,0.9459093367031052,0.20102624002206448,1.7279190868859133,283
1789408014.9909668,1789408014.9903088,-0.7951650705040716,6.990678163164185,1.1921660411730886,1.3061205109692686,1.0528519654821058,0.20834214315419206,1.7362895589638268,283
1789408015.0010557,1789408015.0002782,-0.7951650705040716,6.990678163164185,1.1921660411730886,1.3061205109692686,1.0528519654821058,0.20834214315419206,1.7362895589638268,283
1789408015.0109434,1789408015.0103102,-0.7663363102449751,7.0138044486024125,1.1963928342895007,1.5926296103198545,1.271750912126899,0.2141894749355136,1.7556684112785292,283
1789408015.021381,1789408015.0205843,-0.7493511105182308,7.0273337128579065,1.1985658417795124,1.7457079075047612,1.3871327247912317,0.21222039717481245,1.7671904454344751,283
1789408015.0311534,1789408015.030304,-0.7313085918403737,7.041635005337161,1.2006436430966074,1.8981510541855626,1.5009437542394166,0.20674893160217978,1.7795192074343646,283
1789408015.0413527,1789408015.0403123,-0.7117256595734537,7.057081456913404,1.2026505872672582,2.053522703031213,1.6158106016454612,0.19755924410981285,1.793007651413243,283
1789408015.0516574,1789408015.0504072,-0.690448416249796,7.073780954665779,1.2045592599875112,2.2121094706243554,1.731862602328548,0.18439439533692342,1.8077916225673112,283
1789408015.061868,1789408015.0605247,-0.6674199345992983,7.0917634091747095,1.2063277845937697,2.3733598030621215,1.8486083815350065,0.16704868655517596,1.8239446526984502,283
1789408015.071914,1789408015.0705407,-0.6428794936195661,7.11082826949238,1.207894620952947,2.5348369540090103,1.9642231651761874,0.14562362921597305,1.8413329889287182,283
1789408015.0818453,1789408015.0805154,-0.6166424780697385,7.131105594362603,1.2092298677846298,2.6971034970435404,2.079064861756615,0.11993817925929179,1.8601224561368002,283
1789408015.0911596,1789408015.0904336,-0.5892913751884684,7.152134245237609,1.210270273052348,2.856173737491762,2.1903051094232318,0.09063668394117008,1.8799272167200354,283
1789408015.101213,1789408015.1002913,-0.5892913751884684,7.152134245237609,1.210270273052348,2.856173737491762,2.1903051094232318,0.09063668394117008,1.8799272167200354,283
1789408015.1109917,1789408015.1103265,-0.5290267929230482,7.198100579970823,1.2113930477046073,3.1755680946370552,2.409481437134283,0.019107073050697143,1.9243352509915306,283
1789408015.120824,1789408015.1203043,-0.49619125151055643,7.222946883271289,1.2113771685168118,3.334039454765134,2.516053434190319,-0.02288709611128903,1.9489679035998015,283
1789408015.1309578,1789408015.1302896,-0.46210918576026283,7.248597471611691,1.2109255783939739,3.4884192486919674,2.6184101168363476,-0.06809770987485253,1.974852835953674,283
1789408015.1409416,1789408015.140388,-0.4266792425397856,7.275119383699432,1.2100111193594998,3.6390098291020605,2.716800342346972,-0.11640623149171603,2.002095921400595,283
1789408015.1510036,1789408015.1503127,-0.3892021415684295,7.3030221528643375,1.2085760020739202,3.7883080705010834,2.812861295860275,-0.16852273989599165,2.0312746000411486,283
1789408015.161009,1789408015.1603549,-0.3507719743561557,7.331479852474425,1.206631060780363,3.931650946490456,2.90362989361831,-0.2226319751415884,2.0615704600438063,283
1789408015.1709526,1789408015.170309,-0.3106768249755899,7.361010918104279,1.2041179542167475,4.071550669515114,2.9907664664490587,-0.2793962175052478,2.093571694893177,283
1789408015.1811652,1789408015.1804528,-0.26929174778029197,7.391328649891519,1.2010334105548148,4.206434426597184,3.0733477319903475,-0.33792045662710546,2.1270099530853797,283
1789408015.1911566,1789408015.1903176,-0.2268043096029129,7.422288878650749,1.1973765902254327,4.3356249000025455,3.1510530031767243,-0.39754612934603584,2.1617554020701766,283
1789408015.2012327,1789408015.2002637,-0.2268043096029129,7.422288878650749,1.1973765902254327,4.3356249000025455,3.1510530031767243,-0.39754612934603584,2.1617554020701766,283
1789408015.2110686,1789408015.2104194,-0.13749698286903075,7.48685364954795,1.18819342283633,4.5794773499449315,3.293736776003335,-0.5198033161622964,2.2361024165640764,283
1789408015.2208905,1789408015.2203918,-0.09055297772502299,7.520530358755888,1.182618027420125,4.694007414523773,3.3588131351185475,-0.5816211681948369,2.275862807372957,283
1789408015.2309718,1789408015.2302985,-0.043710891597247586,7.5539658566511685,1.176584745535038,4.7997546614819875,3.4177157039351487,-0.6411370403627856,2.3159819680850555,283
1789408015.2408516,1789408015.2403061,0.004666447113588601,7.588329995222119,1.1698957602449258,4.900607841544609,3.4727773396628816,-0.6999727847983204,2.3562719598044968,282
1789408015.2507725,1789408015.250298,0.05432744589151017,7.62343881465247,1.1625823211597468,4.995867378807457,3.5237366646085677,-0.7572331883507353,2.3829835710317986,282
1789408015.2608354,1789408015.260298,0.10538444681248504,7.659368332454119,1.1546312469720408,5.085622914033529,3.570780051490903,-0.8124323015908939,2.4113324250144017,282
1789408015.2707684,1789408015.2702944,0.15613623985938357,7.69492653503809,1.1463344398274407,5.167130738957046,3.6126577656740215,-0.8632747555218501,2.440381840591794,282
1789408015.2810419,1789408015.280303,0.20827573323375728,7.73130557618693,1.137445764808564,5.243349725651621,3.651080816726514,-0.9109973087506107,2.4711077651051236,282
1789408015.2909482,1789408015.2903204,0.2608749524937729,7.767861476266304,1.1281491637200713,5.312983881677003,3.685567333933426,-0.954195578964379,2.50298942103217,282
1789408015.3010385,1789408015.3002653,0.31447340180779515,7.804975492794018,1.1183836477653795,5.376890596694834,3.716725364883071,-0.9928047511406388,2.5363695034280047,282
1789408015.3112154,1789408015.3103046,0.3691291013767132,7.84269309881664,1.1081732298747087,5.435165374524316,3.7447791124509164,-1.0262659234338536,2.571314390363739,282
1789408015.3209164,1789408015.3202956,0.3691291013767132,7.84269309881664,1.1081732298747087,5.435165374524316,3.7447791124509164,-1.0262659234338536,2.571314390363739,282
1789408015.3309531,1789408015.3302827,0.4783720577355256,7.917747476705151,1.087216827740186,5.5324120646154,3.791164123433972,-1.0742505201767887,2.643819980484988,282
1789408015.3408332,1789408015.3403058,0.5335531682254159,7.955518974637011,1.0764653922423832,5.5725533115733015,3.8104133835063867,-1.0884777738031688,2.6817522807277707,282
1789408015.3510172,1789408015.3504343,0.5898271144373259,7.993962220000119,1.0654659468361483,5.607775367756192,3.82761689689881,-1.0958205931687715,2.721314467141497,282
1789408015.3610685,1789408015.3604178,0.6456775986904951,8.032055989171383,1.0545756693680486,5.637376712552332,3.8425889119921735,-1.095811214774638,2.7614384093297413,282
1789408015.3710244,1789408015.3703036,0.7024010375765855,8.070700579753193,1.0436062340007881,5.662322857692053,3.855960055044226,-1.0882525861491505,2.803048829310434,282
1789408015.3811018,1789408015.3802974,0.7591435538871495,8.109330504309105,1.0327906307787968,5.682450216999797,3.8677770910043483,-1.073009732745267,2.8455236991302697,282
1789408015.391134,1789408015.3903003,0.8156342061864782,8.147779039060143,1.0222457991689247,5.698012577722217,3.8782647402046946,-1.0501732149077097,2.888640278720993,282
1789408015.4012136,1789408015.400303,0.8156342061864782,8.147779039060143,1.0222457991689247,5.698012577722217,3.8782647402046946,-1.0501732149077097,2.888640278720993,282
1789408015.4111326,1789408015.4102912,0.9297689785183938,8.22550392660464,1.0018916351388356,5.717084080174077,3.896581390483042,-0.9808064779521293,2.9782276222064286,282
1789408015.4210846,1789408015.420295,0.9873429556596803,8.264770837525624,0.9922464927861712,5.721043540304305,3.9048353993572626,-0.9341897721673449,2.9183380267406096,12
1789408015.4310691,1789408015.4302952,1.0446448220844051,8.303917317768127,0.9831544912690116,5.721617562250273,3.912681329550589,-0.8802448429065763,2.8581818658538958,12
1789408015.4410887,1789408015.440316,1.1016845977023133,8.342968429967733,0.9746757134807845,5.719145918392376,3.920318290804867,-0.8192742317260657,2.7985800114170205,12
1789408015.451091,1789408015.4502804,1.159628508737946,8.38274360561824,0.9667159206558931,5.7138213941644915,3.928079357595388,-0.7501742037835913,2.738319414361144,12
1789408015.4608738,1789408015.460305,1.2163558018416256,8.421805174291778,0.959627334162871,5.706144337974915,3.935838511354408,-0.6758451976985982,2.6796051349858754,12
1789408015.470807,1789408015.4703133,1.2732159447775069,8.461097470020565,0.9532849207813896,5.696279053048967,3.9439153771721736,-0.5950765415481848,2.6210354119487373,12
1789408015.481175,1789408015.4804325,1.3303204773821087,8.500717252001992,0.9477452627453262,5.6844576912003895,3.9524511874987915,-0.5080716504955047,2.5625026079505426,12
1789408015.4912374,1789408015.490462,1.3866071151804753,8.53994254117812,0.9431560427139651,5.671191715392522,3.9613828869095284,-0.41700807084565494,2.5050972256199273,12
1789408015.501075,1789408015.5003023,1.3866071151804753,8.53994254117812,0.9431560427139651,5.671191715392522,3.9613828869095284,-0.41700807084565494,2.5050972256199273,12
1789408015.5108097,1789408015.5102928,1.500724247811186,8.6200636537573,0.9367189828278433,5.64042269185359,3.981392093152009,-0.21841943496420335,2.3896270259950123,12
1789408015.5208488,1789408015.5202756,1.5569440894535522,8.65985924180013,0.935052890918217,5.623853568453168,3.992296109262096,-0.11492211876677746,2.333213934928188,12
1789408015.5309405,1789408015.5303051,1.6124474562217366,8.699375754250847,0.9344340488926907,5.60689021072764,4.003778341647174,-0.009943182364519465,2.2778453218364945,12
1789408015.5409389,1789408015.5403044,1.669148595204727,8.739991532428544,0.9348861359348566,5.589163685354949,4.01624937865792,0.09945342435307258,2.2216343212498857,12
1789408015.5510662,1789408015.550314,1.7249108780665094,8.780188611034236,0.9364237932060135,5.571548234556158,4.029229454155834,0.2084110189072923,2.1667231751417604,12
1789408015.56095,1789408015.560308,1.7801172836304167,8.820241954777465,0.9390303568425674,5.554121098620717,4.042744954560077,0.3168594456454859,2.1127449269178937,12
1789408015.5710793,1789408015.5703044,1.8350897483251511,8.86038682138332,0.9427063820689748,5.536952581419246,4.056807825940343,0.42464610000448244,2.0594050364080867,12
1789408015.5811334,1789408015.5803125,1.8908124607174552,8.901351135374894,0.9475335644205665,5.519896173060728,4.071605456249483,0.5328935457984019,2.00578788255977,12
1789408015.5911982,1789408015.5903108,1.9452899060301703,8.941667782888326,0.9533168826357997,5.503692802046351,4.086511714344117,0.6369508283466311,1.9538448745220565,12
1789408015.60124,1789408015.6003034,1.9452899060301703,8.941667782888326,0.9533168826357997,5.503692802046351,4.086511714344117,0.6369508283466311,1.9538448745220565,12
1789408015.611057,1789408015.6102643,2.055502351534299,9.024045569997982,0.9681611884943749,5.472775487000564,4.117547657707232,0.8389443576276069,1.8503754492926705,12
1789408015.6210587,1789408015.6202962,2.110461364102044,9.065528467200272,0.9770784264608009,5.458448757697652,4.133197256603292,0.9338613938252499,1.7996892434492529,12
1789408015.6312482,1789408015.6303132,2.1650519521789517,9.106994130034508,0.9868821651307768,5.444998973277244,4.148653485795845,1.023332718800275,1.7500199678118162,12
1789408015.6412005,1789408015.6403093,2.218547048118723,9.147873677987409,0.9973573976603477,5.432586610522607,4.16355097752652,1.1056934442419866,1.702065272860845,12
1789408015.6510758,1789408015.6502783,2.2732847923231096,9.189946636213202,1.008910461438352,5.420657482128146,4.1783597029452455,1.183881648183722,1.6538032880697309,12
1789408015.6611192,1789408015.660309,2.3275849503916493,9.231916895544444,1.021143350787136,5.409551670397763,4.192423673490637,1.254772331210785,1.6068109421504586,12
1789408015.6709518,1789408015.670307,2.381374282805348,9.273710236225103,1.0339525089232195,5.399194457613213,4.205540837608842,1.3179156968628507,1.5612116719159876,12
1789408015.681026,1789408015.6804469,2.435288278357804,9.315805104377041,1.0474098983416398,5.389357888278673,4.217667282511183,1.3736667336160988,1.5165458616391423,12
1789408015.6911147,1789408015.6903188,2.489361505835057,9.358215697489024,1.0614520897746575,5.379912475712928,4.228585887786718,1.4215944977140658,1.472889587181221,12
1789408015.7011003,1789408015.7003765,2.489361505835057,9.358215697489024,1.0614520897746575,5.379912475712928,4.228585887786718,1.4215944977140658,1.472889587181221,12
1789408015.7108402,1789408015.7103186,2.5971046936487894,9.443228781661288,1.0907339949621122,5.361699754865866,4.245730803154913,1.4919494010298644,1.3897279505841913,12
1789408015.7209423,1789408015.7203135,2.650770549876512,9.485791652569324,1.1057977338358227,5.352541399619251,4.251520413838889,1.5140277224895349,1.350429169393969,12
1789408015.7311044,1789408015.7303815,2.703594097863696,9.527805435024822,1.1208243314200308,5.343177347020037,4.255129680226418,1.5271457218564888,1.3132790371764498,12
1789408015.740966,1789408015.7403207,2.7571108698502425,9.570472865159065,1.1361643835340312,5.333084782114549,4.256438824630103,1.5316577884367237,1.2773128599102754,12
1789408015.7509592,1789408015.7502782,2.810234325280827,9.612910305078639,1.1514227433807382,5.322190204074162,4.255167231220116,1.5274005917200755,1.2433995147105248,12
1789408015.7608862,1789408015.7603173,2.863810885102345,9.655775421596262,1.1667574027675018,5.31001868460111,4.2510504670454425,1.514357930811085,1.2111308833659302,12
1789408015.7709138,1789408015.7703106,2.9164974132270816,9.69797465209824,1.1817028494588993,5.296576147889035,4.2439905619544165,1.493088681410745,1.1814197840616665,12
1789408015.7809448,1789408015.78031,2.969669039381511,9.74059074883176,1.1965702927026338,5.2811922940998155,4.2335988380827,1.463319563283871,1.153595649526104,12
1789408015.7911315,1789408015.7903826,3.021818448762233,9.782397919696352,1.2108658984690046,5.2639853795688385,4.219985588026685,1.4262517888956692,1.128537081998646,12
1789408015.8012908,1789408015.8004425,3.021818448762233,9.782397919696352,1.2108658984690046,5.2639853795688385,4.219985588026685,1.4262517888956692,1.128537081998646,12
1789408015.8111398,1789408015.8102903,3.1269661770725667,9.866656549205558,1.2385380925638394,5.2214273422989095,4.181283471014027,1.3289933222746229,1.0852013180692943,12
1789408015.8212132,1789408015.8204458,3.1794049588515754,9.9086269615251,1.2516259986595981,5.195504456261741,4.155816469222433,1.2700773227674742,1.067400804798517,12
1789408015.8311124,1789408015.8302965,3.231189685339605,9.950014816034736,1.2640106379592826,5.166629402447362,4.125276016196249,1.2079807666068318,1.0524459925277794,12
1789408015.8410752,1789408015.8403132,3.2823049191285607,9.990772480671431,1.2756925661181624,5.1350430755054886,4.088061401160019,1.1468753994602927,1.0403419266335903,12
1789408015.8509161,1789408015.850304,3.3337432596038292,10.031636716647363,1.2869238908846943,5.100174619093686,4.042000682203189,1.0889521828400426,1.030928280537404,12
1789408015.8608902,1789408015.860308,3.3846790282781187,10.071882950350389,1.2975764264683065,5.06251571696553,3.98666947861599,1.0378324300761845,1.0244366777336131,12
1789408015.870874,1789408015.8703146,3.4351758895680327,10.111488118407381,1.307749161811067,5.021937407625282,3.921342966479871,0.995378070820873,1.020863088923676,12
1789408015.8809705,1789408015.880316,3.4847715077628845,10.150016665660154,1.317453082339655,4.978701622706111,3.8463759835192373,0.9631718783821344,1.020190899785365,12
1789408015.8910427,1789408015.89029,3.534303517194954,10.1880409756417,1.326962412524768,4.93187317687719,3.760376853895171,0.9414398010271797,1.022370480877793,12
1789408015.9013064,1789408015.900299,3.534303517194954,10.1880409756417,1.326962412524768,4.93187317687719,3.760376853895171,0.9414398010271797,1.022370480877793,12
1789408015.9108617,1789408015.9103198,3.6327097582712895,10.26186760480524,1.3457675943656353,4.826510642283787,3.5556983804098254,0.9313230706462143,1.0352238073193136,12
1789408015.9208806,1789408015.9202843,3.6804736130964657,10.296697434662217,1.3550859059951659,4.768592684542229,3.4401181986706333,0.9424266108042996,1.0455314262505746,12
1789408015.930957,1789408015.930304,3.7277094600701997,10.330381436349398,1.3645782156380466,4.706315697656748,3.3155857485891698,0.9633086690276638,1.0582958979714248,12
1789408015.9408576,1789408015.9403064,3.7739767348376145,10.36256016738462,1.3742537264688226,4.639976421721773,3.184021466280976,0.9927144087211385,1.0732242232262312,12
1789408015.9510624,1789408015.9503906,3.8206955601655235,10.394155027557012,1.3845134237027272,4.5670540279878,3.0419168395241023,1.030571440238872,1.0906662826649478,12
1789408015.9609146,1789408015.9603019,3.8655122510564,10.423542555506684,1.3949191301691513,4.490906555400888,2.8972775235186328,1.0736258608900746,1.1095596466471644,12
1789408015.9711075,1789408015.9704678,3.910819599097602,10.452264241141686,1.406097903996601,4.407116315765488,2.743259252998028,1.1227021108670967,1.130727717091051,12
1789408015.9809234,1789408015.9803119,3.9536002553240985,10.478410377795136,1.4173469863881856,4.321075369991723,2.5911302445333613,1.1729528212709963,1.1525421355384198,12
1789408015.9909623,1789408015.9903142,3.99634886271639,10.503533576010172,1.429339407349589,4.2277024413444835,2.4331393168552706,1.2256361183179845,1.176030204523607,12
1789408016.0011299,1789408016.0003035,3.99634886271639,10.503533576010172,1.429339407349589,4.2277024413444835,2.4331393168552706,1.2256361183179845,1.176030204523607,12
1789408016.0109415,1789408016.0103252,4.079597109630971,10.549366762126795,1.4551255133473766,4.021752880243457,2.1105010386015723,1.3295960145985195,1.2263020376324996,12
1789408016.020871,1789408016.0203025,4.1183957289434545,10.569238918529708,1.4683548985674413,3.913395298417904,1.9544376337120983,1.3757453521614698,1.2516361658984774,12
1789408016.0310283,1789408016.0303056,4.1571390735846885,10.588080318924595,1.4823987054961207,3.7962585875768844,1.7957099591178152,1.4182780469138896,1.2780560025245806,12
1789408016.0407987,1789408016.040313,4.19465087060321,10.605328171266803,1.4968290289743955,3.673457722543737,1.6398267571098937,1.4544223752100394,1.3046469587806884,12
1789408016.0509408,1789408016.0503094,4.23062989490591,10.620914598034224,1.511471492101267,3.5460703170146197,1.4888156557849617,1.4827400079668507,1.3310361648637696,12
1789408016.0608075,1789408016.0603063,4.265343759146705,10.63503031331709,1.526367594123162,3.41327101443792,1.3422513885360159,1.5024328950390788,1.3572761955797292,12
1789408016.0709455,1789408016.0703034,4.298941093508957,10.647796009471234,1.5415207417988985,3.2744419456003238,1.2001180151508455,1.5125488639571247,1.3833645098046905,12
1789408016.0810833,1789408016.0803123,4.331214280037521,10.65919686595303,1.5567688849354213,3.130410702869291,1.0638467318430447,1.5120929675110142,1.409035787864177,12
1789408016.0911367,1789408016.090311,4.361546361642686,10.669112672222653,1.5717211987652109,2.984326563363886,0.9365082075606932,1.5006669044705283,1.4336853320933345,12
1789408016.1010585,1789408016.1003075,4.361546361642686,10.669112672222653,1.5717211987652109,2.984326563363886,0.9365082075606932,1.5006669044705283,1.4336853320933345,12
1789408016.110885,1789408016.110326,4.418110854545304,10.685426970751909,1.6011888013182447,2.6792028744300955,0.7028670441534175,1.4431738587784517,1.480937929196995,12
1789408016.1209743,1789408016.1204348,4.444484337424821,10.69201139492704,1.61560120254952,2.519573236481543,0.5966192607765677,1.3960510358188403,1.5035177013267582,12
1789408016.130956,1789408016.130437,4.46857016940941,10.69742326252125,1.6291030061894192,2.362120637190823,0.5017270533966882,1.338803406406687,1.5244334803802453,12
1789408016.1409626,1789408016.1403039,4.491495289734062,10.702016113734258,1.6422171074733516,2.2001806936598687,0.4138091023855033,1.2692948000747482,1.544598458188778,12
1789408016.1508815,1789408016.150278,4.512830128096348,10.705776953300258,1.6546028040467946,2.0369982569848792,0.33460879539176913,1.1888625487387223,1.5635881067050212,12
1789408016.160863,1789408016.1602974,4.532158939958806,10.708733956676955,1.6659155031567623,1.876759918459752,0.26554520319965746,1.1002075792926087,1.5809782756894883,12
1789408016.1709585,1789408016.1704302,4.55013620946109,10.711077787150488,1.6764421020377522,1.7149151367362443,0.20413272282605588,1.0013859781192513,1.5973126284785486,12
1789408016.1811213,1789408016.1804402,4.566512218973554,10.71285046590227,1.685946004906613,1.5542631441831896,0.15110345863592656,0.894497206132117,1.612328908076324,12
1789408016.1910603,1789408016.1903064,4.581228936431971,10.714128326027467,1.6943105527258226,1.396389409057405,0.10638221579076212,0.7813147628474955,1.6259382198628811,12
1789408016.2010396,1789408016.200387,4.594544248128415,10.71500762624504,1.7016030706732344,1.239399305309632,0.06891799196654702,0.661135439722301,1.6383488214416422,12
1789408016.2108505,1789408016.2103102,4.606084391295959,10.71553881460542,1.7075566353853235,1.0889958100620292,0.03937828204736693,0.5391985235586034,1.6491835677590247,12
1789408016.2207756,1789408016.2202783,4.616235714190722,10.71581193935959,1.712323211919696,0.9416826199782009,0.01631958220056316,0.413631072085467,1.658778857140536,12
1789408016.231056,1789408016.2303033,4.624940153299316,10.71588598941442,1.7158277496364547,0.7995043403374129,-0.0005271987557054602,0.28697625787311076,1.6670585240617732,12
1789408016.2408545,1789408016.2403166,4.632242047874456,10.715820308552292,1.7180641407689532,0.663370632548403,-0.011737903031099924,0.16095399083763248,1.6740448133256745,12
1789408016.2508178,1789408016.2503092,4.638214151337553,10.715668160999362,1.7190500361198384,0.5337833502779625,-0.01795242545043484,0.03694017345906772,1.679789660470555,12
1789408016.2610462,1789408016.2603064,4.643004163923221,10.715472547015699,1.7187974569074775,0.4090660203497179,-0.019800080759115855,-0.08587069063490928,1.6844201829534151,12
1789408016.2711034,1789408016.270303,4.64648914428711,10.715282962441588,1.7173720937467989,0.295161624173085,-0.01787971924519218,-0.200721702239193,1.6878036191212618,12
1789408016.2811673,1789408016.2803109,4.648878983867295,10.715128410131928,1.7148452286813523,0.18953871265220365,-0.0129218244211421,-0.3092234550870356,1.6901313090581602,12
1789408016.2911146,1789408016.2903214,4.650274441100545,10.71503490438497,1.7112393294040755,0.09133525490791916,-0.005436402415599599,-0.4114991922880748,1.6914915105361847,12
1789408016.3012345,1789408016.3002973,4.650274441100545,10.71503490438497,1.7112393294040755,0.09133525490791916,-0.005436402415599599,-0.4114991922880748,1.6914915105361847,12
1789408016.3112154,1789408016.3103828,4.65033456270056,10.71512001300512,1.7011044767121748,-0.07922732573498759,0.014805864524285556,-0.590779105213831,1.6915236330163685,12
1789408016.3209085,1789408016.3202882,4.649180960198492,10.715325084860456,1.6948234167891494,-0.15018342985004962,0.026341861724072806,-0.6649687298613175,1.690361192558419,12
1789408016.331236,1789408016.3303087,4.647345215920856,10.715650893057616,1.6877870287591976,-0.21237458686800817,0.03829817520739959,-0.7288818562142799,1.6885115604188423,12
1789408016.3409455,1789408016.3403187,4.6449969231241335,10.716084273171068,1.680361148715692,-0.2639174104360879,0.0498212822190067,-0.7801297325292561,1.6861406005736679,12
1789408016.3509507,1789408016.3503165,4.642114494206977,10.71664281521341,1.6722962548693734,-0.3074980210756965,0.0610807489114405,-0.8209791766213249,1.6832224890021676,12
1789408016.361085,1789408016.3603177,4.638881252050441,10.717301699298343,1.6639839320955867,-0.34163594704021155,0.07132821512553895,-0.849686246203508,1.679939644852776,12
1789408016.3710763,1789408016.3704386,4.635322318425025,10.718063297616933,1.6553746028205953,-0.3673738338979666,0.08048354956164284,-0.8669669288096653,1.6763153479599564,12
1789408016.3812447,1789408016.3804462,4.631506403990571,10.718919145069593,1.6465564293050206,-0.3849226359877386,0.08829521252284858,-0.8727800193849042,1.6724177106562081,12
1789408016.3912535,1789408016.3903115,4.627628573798181,10.719828065969038,1.6379012080797564,-0.39432665255428223,0.09437030382644346,-0.8675014353620277,1.668445199439635,12
1789408016.4012966,1789408016.4003053,4.627628573798181,10.719828065969038,1.6379012080797564,-0.39432665255428223,0.09437030382644346,-0.8675014353620277,1.668445199439635,12
1789408016.4111545,1789408016.4103045,4.619740704616697,10.72179232965444,1.6209399063598458,-0.3920072390886318,0.10136682915498185,-0.8264795942765897,1.6603304262844907,12
1789408016.4211733,1789408016.4204602,4.6158536577179445,10.722815565529014,1.6128082514081183,-0.38139853350928193,0.10217674965103936,-0.7920735188802024,1.6563151129210756,12
1789408016.4310844,1789408016.4303095,4.612094285744744,10.723839713785125,1.605049385300456,-0.3653804632976032,0.10120007378179119,-0.7496777420357187,1.652421401080802,12
1789408016.4410334,1789408016.4403083,4.608587023659426,10.724826212685718,1.5978884491936391,-0.3451790200873543,0.09858832548633639,-0.7014932916327088,1.6487795558059248,12
1789408016.4511762,1789408016.4503062,4.605250011860518,10.725793428720001,1.5911338600110612,-0.320913039236728,0.09439217661361313,-0.6470982231148386,1.6453059611931071,12
1789408016.4611464,1789408016.4603117,4.602148175137141,10.726718593323923,1.5848994155381655,-0.29345357557368146,0.08876183607276758,-0.5879947379934836,1.642069375236946,12
1789408016.4709728,1789408016.470312,4.5993606471293305,10.727572774679208,1.5793282861476137,-0.26412848194912536,0.08200845222645886,-0.5265890840320222,1.6391539581681147,12
1789408016.4812315,1789408016.480516,4.596855924834435,10.72836011805534,1.5743448489529963,-0.23328875585396003,0.0742611922301884,-0.463241981324368,1.6365284051485192,12
1789408016.4911609,1789408016.4903798,4.5946843480758135,10.729059406537564,1.5700395860352592,-0.20228429999228414,0.0659155887720656,-0.4004242444238246,1.634247094198922,12
1789408016.5013416,1789408016.5004828,4.592820998630671,10.729673251518575,1.5663555909852365,-0.17160886697180988,0.05717493009066321,-0.338882201437946,1.63228546382554,12
1789408016.5114574,1789408016.510473,4.59126482715849,10.730197078283652,1.5632854038148751,-0.14212500755450352,0.04835695878708468,-0.2801497823875412,1.6306438782344987,12
1789408016.5217104,1789408016.5203469,4.5899663797036085,10.730643283286843,1.5607277316403374,-0.11373792937175264,0.03949815504374243,-0.22389225336936613,1.6292714378138522,12
1789408016.531448,1789408016.5303023,4.588955107720804,10.730997754109177,1.5587379774858365,-0.08809263013644686,0.03118655067853271,-0.17325280138137078,1.6282004635895053,12
1789408016.5414047,1789408016.5403657,4.5881947821950995,10.731269278861953,1.5572430611647512,-0.06559923327526063,0.023648484769847933,-0.12894502660021256,1.6273937546372965,12
1789408016.5517225,1789408016.5505395,4.587636629078142,10.73147217532924,1.5561460798539224,-0.046122165478128085,0.016920860935772275,-0.09063788592594513,1.6268004863810368,12
1789408016.561468,1789408016.5603194,4.587258022748821,10.7316121650537,1.5554020635066297,-0.030273809510998007,0.011293043752555132,-0.0594940829728241,1.626397356470225,12
1789408016.571595,1789408016.5703695,4.587017890791483,10.731702408463542,1.5549301132046365,-0.017925195561645957,0.006795080288120925,-0.03523494117108772,1.626141236464891,12
1789408016.581339,1789408016.5803096,4.586886104080787,10.731752706546496,1.5546710201427643,-0.009312151399699875,0.0035836779916067485,-0.018312186430065935,1.6260004451701227,12
1789408016.591097,1789408016.590459,4.586823263946947,10.731777042322488,1.554547417187628,-0.003817650105028214,0.0014907242219828198,-0.007511661288985394,1.6259332063385556,12
1789408016.6011221,1789408016.600326,4.586801275660857,10.731785676179413,1.554504141093104,-0.0009954990691802834,0.0003941867233376861,-0.001960144820049692,1.625909643537706,12
1789408016.6108227,1789408016.6102743,4.586797159681982,10.7317873130145,1.5544960346513381,-6.61014239016211e-05,2.6530635772292754e-05,-0.00013026225190593266,1.6259052266599483,12
1789408016.6212106,1789408016.620393,4.5867970496410635,10.73178735725807,1.5544958177744528,0.0,0.0,-1.7763568394002505e-14,1.6259051084304634,12
1789408016.631087,1789408016.6303215,4.5867970496410635,10.73178735725807,1.5544958177744528,0.0,0.0,-1.7763568394002505e-14,1.6259051084304634,12
1789408016.6409347,1789408016.6403036,4.5867970496410635,10.73178735725807,1.5544958177744528,0.0,0.0,-1.7763568394002505e-14,1.6259051084304634,12
1789408016.6509311,1789408016.650303,4.5867970496410635,10.73178735725807,1.5544958177744528,0.0,0.0,-1.7763568394002505e-14,1.6259051084304634,12
1789408016.6609812,1789408016.660354,4.5867970496410635,10.73178735725807,1.5544958177744528,0.0,0.0,-1.7763568394002505e-14,1.6259051084304634,12
1789408016.6710231,1789408016.670306,4.5867970496410635,10.73178735725807,1.5544958177744528,0.0,0.0,-1.7763568394002505e-14,1.6259051084304634,12
1789408016.6812236,1789408016.6803179,4.5867970496410635,10.73178735725807,1.5544958177744528,0.0,0.0,-1.7763568394002505e-14,1.6259051084304634,12
1789408016.6912293,1789408016.6903098,4.5867970496410635,10.73178735725807,1.5544958177744528,0.0,0.0,-1.7763568394002505e-14,1.6259051084304634,12
1789408016.701218,1789408016.7003055,4.5867970496410635,10.73178735725807,1.5544958177744528,0.0,0.0,-1.7763568394002505e-14,1.6259051084304634,12
1789408016.710959,1789408016.7102795,4.5867970496410635,10.73178735725807,1.5544958177744528,0.0,0.0,-1.7763568394002505e-14,1.6259051084304634,12
1789408016.7211173,1789408016.7202837,4.5867970496410635,10.73178735725807,1.5544958177744528,0.0,0.0,-1.7763568394002505e-14,1.6259051084304634,12
1789408016.7311409,1789408016.7303042,4.5867970496410635,10.73178735725807,1.5544958177744528,0.0,0.0,-1.7763568394002505e-14,1.6259051084304634,12
1789408016.7408845,1789408016.7403026,4.5867970496410635,10.73178735725807,1.5544958177744528,0.0,0.0,-1.7763568394002505e-14,1.6259051084304634,12
1789408016.7508256,1789408016.7503145,4.5867970496410635,10.73178735725807,1.5544958177744528,0.0,0.0,-1.7763568394002505e-14,1.6259051084304634,12
1789408016.7607713,1789408016.7603087,4.5867970496410635,10.73178735725807,1.5544958177744528,0.0,0.0,-1.7763568394002505e-14,1.6259051084304634,12
1789408016.7710867,1789408016.7703004,4.5867970496410635,10.73178735725807,1.5544958177744528,0.0,0.0,-1.7763568394002505e-14,1.6259051084304634,12
1789408016.7810967,1789408016.7803106,4.5867970496410635,10.73178735725807,1.5544958177744528,0.0,0.0,-1.7763568394002505e-14,1.6259051084304634,12
1789408016.7912035,1789408016.7903051,4.5867970496410635,10.73178735725807,1.5544958177744528,0.0,0.0,-1.7763568394002505e-14,1.6259051084304634,12
1789408016.8012166,1789408016.8003066,4.5867970496410635,10.73178735725807,1.5544958177744528,0.0,0.0,-1.7763568394002505e-14,1.6259051084304634,12
1789408016.8110483,1789408016.8103068,4.5867970496410635,10.73178735725807,1.5544958177744528,0.0,0.0,-1.7763568394002505e-14,1.6259051084304634,12
1789408016.8209395,1789408016.820301,4.5867970496410635,10.73178735725807,1.5544958177744528,0.0,0.0,-1.7763568394002505e-14,1.6259051084304634,12
1789408016.831176,1789408016.830326,4.5867970496410635,10.73178735725807,1.5544958177744528,0.0,0.0,-1.7763568394002505e-14,1.6259051084304634,12
1789408016.8409667,1789408016.8403075,4.5867970496410635,10.73178735725807,1.5544958177744528,0.0,0.0,-1.7763568394002505e-14,1.6259051084304634,12
1789408016.850954,1789408016.8503022,4.66045716793563,10.794218246983311,1.5554177267428644,1.323254764930893,1.070407337562625,-0.31289743172239726,1.679075785342228,12
1789408016.8609552,1789408016.8602805,4.674205414672925,10.80533786432743,1.5521560257740468,1.4569411638865932,1.1782110289909467,-0.3467610798920013,1.6894579637373666,12
1789408016.870869,1789408016.8703122,4.689463774734311,10.817675277427249,1.5485122761421586,1.596182766948498,1.290433461093849,-0.38241095087940297,1.7010879788317472,12
1789408016.88107,1789408016.8803117,4.706097463280867,10.831120741748816,1.5445139049513512,1.7387426955623226,1.405265155311365,-0.41930867354481105,1.7138929451022042,12
1789408016.8910825,1789408016.8902762,4.724286824374765,10.845819246094184,1.5401127337969953,1.885255311165649,1.5232108664361244,-0.45764842261444966,1.7280440250247315,12
1789408016.901151,1789408016.9003057,4.744215313345309,10.861918101900104,1.5352587130491524,2.0361291770262797,1.6445917995178765,-0.49757400278342867,1.7437227564205904,12
1789408016.9110246,1789408016.9102724,4.744215313345309,10.861918101900104,1.5352587130491524,2.0361291770262797,1.6445917995178765,-0.49757400278342867,1.7437227564205904,12
1789408016.9210958,1789408016.9203033,4.787759057256507,10.897077264210983,1.5245468769253758,2.33682543803967,1.886269818161076,-0.5785026067756425,1.7785977619862947,12
1789408016.9312208,1789408016.930312,4.811605535737724,10.916322858360797,1.5186243954324188,2.487407818202725,2.007172445771682,-0.6197167974850405,1.7980444817124985,12
1789408016.9410856,1789408016.9403076,4.837128715618894,10.93691494951473,1.512244994989325,2.63921140196501,2.1289667700463246,-0.6617367316127155,1.8191221140166134,12
1789408016.9511015,1789408016.950312,4.864260955942765,10.958797959206946,1.5054202472303009,2.791139523058484,2.25076754032035,-0.7042720317667504,1.8418192264312874,12
1789408016.9610903,1789408016.960308,4.8929792181863,10.981952317991293,1.498150923500578,2.942467750689785,2.3719895774591335,-0.747125257988119,1.8661599712817674,12
1789408016.9709694,1789408016.970304,4.923122175697589,11.006247024738412,1.4904733873339142,3.0918775597200234,2.4915736381724916,-0.7899189168672335,1.892047998568185,12
1789408016.9810562,1789408016.9803116,4.954894799089745,11.031846317524002,1.4823309946780185,3.239926411401393,2.6099630539873155,-0.8328047858780855,1.9197001584408249,12
1789408016.9911854,1789408016.9903076,4.987968060386767,11.058484168920247,1.4738040730724324,3.384697054743465,2.72562276993788,-0.8752124016287465,1.948868177714467,12
1789408017.0011046,1789408017.0003102,5.022608409965583,11.086374266469585,1.4648202713989535,3.5270174871371527,2.839213104885304,-0.9173628864430393,1.9798231844712217,12
1789408017.0110793,1789408017.010252,5.022608409965583,11.086374266469585,1.4648202713989535,3.5270174871371527,2.839213104885304,-0.9173628864430393,1.9798231844712217,12
1789408017.0209224,1789408017.0202732,5.096085085430685,11.145500543349907,1.4455990601951259,3.8008476828010154,3.057420172726452,-0.9997618124518292,2.0467857176073507,12
1789408017.0311081,1789408017.030293,5.134849437848166,11.176677012212236,1.435374942766705,3.931556372764744,3.161399167918281,-1.039696976424367,2.08278986147971,12
1789408017.0408695,1789408017.0403194,5.174365346938096,11.208446272459003,1.4248980605365396,4.055984744192427,3.2602612767654886,-1.078068827879576,2.119947095141185,12
1789408017.0508115,1789408017.0502765,5.216101353347377,11.24198796133912,1.4137767368286829,4.17843337456926,3.3574237079291,-1.1161561877123374,2.1596695151772956,12
1789408017.060814,1789408017.0603042,5.258141200176972,11.275761238747913,1.4025205777053473,4.293097519602171,3.4482830341309154,-1.1520957182700982,2.2001554961456273,12
1789408017.07087,1789408017.070301,5.301664893598942,11.31071359898914,1.3908145561632217,4.403245218862438,3.5354355292594235,-1.1868395170850983,2.242549562016734,12
1789408017.080938,1789408017.0803094,5.345892783396297,11.346218279577922,1.3788689947549364,4.5068198068950025,3.6172589091916993,-1.2196662320008909,2.2861060711818797,12
1789408017.0910497,1789408017.0903237,5.391436199516675,11.382765472763829,1.3665203293711723,4.605218451131616,3.694863346594767,-1.2509379958552,2.3314367403743534,12
1789408017.1011293,1789408017.1003077,5.391436199516675,11.382765472763829,1.3665203293711723,4.605218451131616,3.694863346594767,-1.2509379958552,2.3314367403743534,12
1789408017.110916,1789408017.1103232,5.486658819341707,11.459135848502008,1.340568210479237,4.786030430746029,3.8370719204443944,-1.308312204023096,2.427684156787938,12
1789408017.1209831,1789408017.120382,5.534148289305743,11.497202454824961,1.3275702441864123,4.86457286442265,3.898653871303591,-1.3329932977300856,2.4763799969961138,12
1789408017.1309812,1789408017.1302924,5.582844459938989,11.536222484903481,1.3142129468073538,4.937674093241306,3.9558414433492595,-1.3556468636135177,2.5267624371727737,12
1789408017.1409464,1789408017.1403072,5.63231349394439,11.575847926657294,1.3006210289790519,5.004650308276306,4.008109408736329,-1.3759449201939375,2.578387327200689,12
1789408017.1508527,1789408017.1503131,5.682897479628741,11.616352520699936,1.2867075593239066,5.065961731328445,4.055828277584266,-1.3939014023246223,2.6316142483390768,12
1789408017.160862,1789408017.1603162,5.733571333866543,11.656915512418628,1.2727630052690866,5.120508712229804,4.098157248551912,-1.4090752146631702,2.68535801952726,12
1789408017.1710796,1789408017.1703043,5.785089186196437,11.698140815907381,1.2585896316034684,5.169302610769659,4.135898501666471,-1.4216306336116333,2.7404084054498825,12
1789408017.1811833,1789408017.180313,5.83772659274921,11.740248883751242,1.2441229927313102,5.212609788389439,4.169272858120531,-1.431479815004974,2.7970620007055107,12
1789408017.1912012,1789408017.1903827,5.8895586216047064,11.781700490144067,1.2299040857777594,5.249158162832829,4.1973221203246345,-1.4382408365231618,2.853230429998004,12
1789408017.2011225,1789408017.200306,5.8895586216047064,11.781700490144067,1.2299040857777594,5.249158162832829,4.1973221203246345,-1.4382408365231618,2.853230429998004,12
1789408017.211069,1789408017.2103024,5.995100310090601,11.86607143674218,1.2010850963780673,5.306337179707668,4.240887266744316,-1.4429927634151412,2.9686955637191357,12
1789408017.220991,1789408017.2203074,6.048218276629401,11.908519213682673,1.1866780261301364,5.327080964643599,4.256536738670354,-1.440797722613146,3.027326528831092,12
1789408017.2311993,1789408017.2303114,6.1017953717884605,11.951325108304463,1.172234107901603,5.343030865007389,4.268463766710248,-1.435459115899874,3.086793192080559,12
1789408017.241116,1789408017.2403142,6.155184944646936,11.993973684422429,1.1579461358032639,5.354309041602095,4.276791316610566,-1.4270049608406674,3.1463644325844133,12
1789408017.250923,1789408017.2503035,6.209395493510106,12.037271850877875,1.1435656474333062,5.361405579542513,4.2819155612913224,-1.4152056481950646,3.1918433691216217,113
1789408017.260744,1789408017.2603023,6.263063733792446,12.08013225534441,1.1294759657466984,5.364464023593403,4.283981248531122,-1.4003194963272598,3.172631622318566,113
1789408017.2711248,1789408017.2703876,6.3168773076979,12.123105810107043,1.1155170092589384,5.363923098548764,4.283347539193972,-1.3821788600248908,3.1416490878283216,0
1789408017.2811172,1789408017.2803142,6.369656677503429,12.16525242964407,1.1020131834302362,5.360226192618985,4.280383438065044,-1.3612507843752522,3.0813707911911643,0
1789408017.290978,1789408017.2903104,6.423230629528584,12.208034436120519,1.088519525214927,5.353613565844736,4.275294029943973,-1.3368250888804396,3.020450184614974,0
1789408017.301199,1789408017.3003023,6.423230629528584,12.208034436120519,1.088519525214927,5.353613565844736,4.275294029943973,-1.3368250888804396,3.020450184614974,0
1789408017.310996,1789408017.310314,6.530588560821752,12.293777507828748,1.0622312858840122,5.333088825117452,4.259962124649564,-1.2782263447131967,2.8992229286608953,0
1789408017.3210185,1789408017.3203008,6.584365148389521,12.336737474598266,1.0494964214281075,5.319859603806879,4.250295129549748,-1.2440488762756874,2.8389532375281723,0
1789408017.33117,1789408017.3302794,6.636571139795444,12.37845272309825,1.037447535814573,5.305572477158568,4.240008658602266,-1.2078118560035302,2.7807519069780184,0
1789408017.3411446,1789408017.3403034,6.689662949050812,12.420888522016654,1.025541038175145,5.289907082316108,4.228906569095652,-1.1678994122378143,2.7218891415250432,0
1789408017.3509574,1789408017.3503084,6.74241883981101,12.463071332702892,1.0140864634860471,5.273519801973295,4.217495449191876,-1.1252218388784518,2.6637401984421785,0
1789408017.360832,1789408017.3603358,6.795036069745998,12.5051615740116,1.0030666020898538,5.256663110927268,4.205988876587704,-1.079711179124797,2.6060997036738835,0
1789408017.370795,1789408017.3702931,6.8483257274056255,12.547811420570966,0.9923495253432828,5.239365808671016,4.194452470279123,-1.0306859952557912,2.548102730298238,0
1789408017.3808386,1789408017.380304,6.9004278217086235,12.589535016208425,0.9823339032977352,5.222508083604608,4.183511693452624,-0.979976440960984,2.4917869541126785,0
1789408017.3909156,1789408017.3903008,6.952490197642802,12.631253819713075,0.9728132880400024,5.205969160832269,4.173119738005731,-0.9266527485641678,2.4359179500680503,0
1789408017.4011552,1789408017.4002624,6.952490197642802,12.631253819713075,0.9728132880400024,5.205969160832269,4.173119738005731,-0.9266527485641678,2.4359179500680503,0
1789408017.4110506,1789408017.410338,7.056560313899149,12.714741162009101,0.9553612965102375,5.174729515075835,4.154696376759525,-0.8125418118686423,2.325535070289689,0
1789408017.421177,1789408017.420307,7.107566271739128,12.755710921972996,0.9476325170194946,5.1606888646137,4.147116181832549,-0.7531982631782154,2.272112193355286,0
1789408017.4311492,1789408017.430301,7.159623192089828,12.797564022555198,0.9403399456152823,5.147439277949812,4.140533184093736,-0.6905048787755041,2.2180819597898966,0
1789408017.4411404,1789408017.4403148,7.210295034437816,12.838344458522139,0.9338434323962097,5.13571480013423,4.135337818271688,-0.6275702756148034,2.165995054337519,0
1789408017.4511092,1789408017.4503307,7.261877854502701,12.879902388521181,0.9278631168752245,5.125064878911306,4.131346952928542,-0.5617402368978561,2.1135138416310837,0
1789408017.4609046,1789408017.4602802,7.312945796977472,12.921092307285925,0.9225923055065641,5.1158640697134325,4.128727576273106,-0.49499527322307246,2.0621268420579404,0
1789408017.470927,1789408017.4702992,7.364676611239929,12.962867002575411,0.9179311688135322,5.107940247907942,4.1274393893125145,-0.4259861211324877,2.0106862499869993,0
1789408017.4810326,1789408017.4803245,7.415335840029818,13.00382763886977,0.9140439170642892,5.101543313913089,4.127495216727628,-0.3572442521967658,1.9609459728901621,0
1789408017.4911144,1789408017.4903333,7.466401135957928,13.045170179043962,0.910817220478223,5.09642760141555,4.1288280399016095,-0.28699790977624634,1.9114819827309424,0
1789408017.5009801,1789408017.5003033,7.466401135957928,13.045170179043962,0.910817220478223,5.09642760141555,4.1288280399016095,-0.28699790977624634,1.9114819827309424,0
1789408017.5110002,1789408017.510331,7.568171839929867,13.127732053097429,0.9064975750095546,5.089930847996766,4.134996913511986,-0.14501645066542432,1.815095112589168,0
1789408017.5209758,1789408017.5202997,7.61953650083127,13.169490210834162,0.9053981686118984,5.088293176005961,4.139660114614566,-0.07280902576066438,1.767651747951721,0
1789408017.5310466,1789408017.530281,7.669767302239238,13.210385672231524,0.9050282524028516,5.087557884140342,4.145036376375051,-0.0021395080347954253,1.7221041121720624,0
1789408017.5409966,1789408017.5403388,7.72064690332454,13.25186995900525,0.9053641821867877,5.0874999067434645,4.151130826330381,0.06927122813621843,1.6768788565623585,0
1789408017.551034,1789408017.5504336,7.77162190526331,13.293493977303866,0.9064150566060957,5.087920028994465,4.157693515320363,0.1404134834386278,1.632547534369009,0
1789408017.5609403,1789408017.5602596,7.822446011554561,13.335057048745185,0.908169304891966,5.088575001945507,4.1644727561765364,0.21071658535117774,1.5893863369275232,0
1789408017.5710034,1789408017.5702956,7.873188175002788,13.376615433049489,0.9106168795935105,5.089201402848388,4.171238503181876,0.2800566104551225,1.547396884602925,0
1789408017.5809665,1789408017.5802953,7.924829580096598,13.41897431939498,0.9138120566806192,5.0895178562784285,4.177858395622238,0.3495273183991389,1.505867570501677,0
1789408017.591161,1789408017.5903764,7.975242086798606,13.460387349163389,0.9176049005168705,5.089210751639602,4.183790851546637,0.416061267477984,1.4665737628803364,0
1789408017.601046,1789408017.6002998,7.975242086798606,13.460387349163389,0.9176049005168705,5.089210751639602,4.183790851546637,0.416061267477984,1.4665737628803364,0
1789408017.6109867,1789408017.6104414,8.076651398366675,13.543877854693,0.9271965522737952,5.085453819367128,4.192987897836252,0.5452290057872252,1.391583247619925,0
1789408017.6209452,1789408017.620449,8.127229819456756,13.585610090336894,0.9329298645166512,5.08133152976334,4.195606668189148,0.6069216293769918,1.3563728568910236,0
1789408017.631065,1789408017.6303055,8.179051247589236,13.628429602842948,0.9394366079275726,5.075059222557633,4.1964942032086725,0.6679789825679078,1.32193247059813,0
1789408017.6410477,1789408017.6403782,8.22908481573923,13.66983011572778,0.9463088913131427,5.066664270064151,4.1953011007760885,0.7246792638206315,1.290342238480448,0
1789408017.6511161,1789408017.6503053,8.27954830845156,13.7116433436979,0.9538094812958091,5.055489254575268,4.191725391045175,0.7794489453606547,1.2602273855611241,0
1789408017.6610901,1789408017.660313,8.329950290878566,13.753461602109114,0.9618534060856301,5.041225551662652,4.185437882624566,0.831555910613157,1.2319938975830536,0
1789408017.670992,1789408017.6703806,8.38088645964906,13.795778715128355,0.9705247636081802,5.023242271093153,4.175955482054805,0.8814191881661664,1.2054300747469775,0
1789408017.6810966,1789408017.6802964,8.43056537034466,13.837101557816721,0.9794935884942022,5.000570489435938,4.16151515623177,0.9283645952258052,1.1815226153343905,0
1789408017.6913037,1789408017.690314,8.480112265190309,13.878345511928254,0.9889550823557053,4.969488188409058,4.137132800720155,0.976099109121095,1.1597506015675736,0
1789408017.7009013,1789408017.7002997,8.480112265190309,13.878345511928254,0.9889550823557053,4.969488188409058,4.137132800720155,0.976099109121095,1.1597506015675736,0
1789408017.7108006,1789408017.7103145,8.57944686725152,13.960953263183995,1.0096703268300915,4.872740890611319,4.0435244487787365,1.0796618734040981,1.1228170432478766,0
1789408017.720942,1789408017.7202656,8.627675914034207,14.000896185586427,1.020694985278005,4.80715838325268,3.972001721695399,1.1336816934834788,1.108368187725411,0
1789408017.731088,1789408017.7303119,8.67496303030417,14.0398496748607,1.0322021900362,4.7308620411942135,3.8837155671142645,1.1876969365877843,1.096574729399206,0
1789408017.7410347,1789408017.7403913,8.722103973920618,14.0783825543084,1.0444148617669136,4.6434786955374605,3.777387511772742,1.2408294861281681,1.0872727533558428,0
1789408017.7510116,1789408017.7502904,8.767856174248053,14.115391750571835,1.057011806419082,4.548709237579864,3.656802087604357,1.2895537418679663,1.0806933906910883,0
1789408017.760934,1789408017.7602592,8.813030453017527,14.151447711694571,1.0701842217385573,4.446631560088112,3.521465479984816,1.3324172876058298,1.0766564585813783,0
1789408017.7710192,1789408017.7702913,8.857389190425279,14.1862663187228,1.0838188723870128,4.339483959473309,3.37375106180556,1.3667022645691222,1.0751493964518517,0
1789408017.7810857,1789408017.7802954,8.89961157478644,14.218753455446686,1.0974037293681225,4.2324837544022,3.220693115693982,1.3894358235802533,1.0760371383045169,0
1789408017.7911973,1789408017.7903855,8.941916507332941,14.250545811014838,1.1115398237669565,4.1217735289984505,3.0566314974966655,1.399754462954907,1.0792441447790615,0
1789408017.801154,1789408017.8002946,8.982514196279224,14.280228531774233,1.1255012108054037,4.013551495598253,2.8907760523273467,1.3953318626331914,1.0845318194648115,0
1789408017.8111145,1789408017.8102589,9.02192603244284,14.308164653699246,1.1393002715358942,3.9077922793805193,2.7236584993200768,1.375295866166819,1.0917481680097125,0
1789408017.821231,1789408017.8203835,9.060475983408164,14.334556457577252,1.152881052166211,3.804613579640689,2.5562154147873644,1.3387320088845025,1.1007890420365054,0
1789408017.8311772,1789408017.8303094,9.098135828282983,14.359364733093871,1.1660557837600292,3.7047182914357992,2.390679817234379,1.2852900253224442,1.1114964572846644,0
1789408017.8411613,1789408017.8403912,9.134427898474543,14.382294665190704,1.1784819203490482,3.6095794847694895,2.2310495944698103,1.2162417168117448,1.1235381297358076,0
1789408017.8510284,1789408017.850259,9.170332172963015,14.403984989101223,1.1903198126026677,3.5164349176830085,2.074616363660203,1.1305715547875397,1.1370727728747003,0
1789408017.8608365,1789408017.8602927,9.204931843360319,14.423918459833693,1.2011066984477876,3.4270574229519077,1.9266195588192454,1.0318612872737807,1.1515903508665961,0
1789408017.8708978,1789408017.8703585,9.239141993829183,14.442676482185396,1.2109838728634683,3.3380598154164076,1.7840391440553223,0.9194520452414296,1.1673081067806887,0
1789408017.8810802,1789408017.8804417,9.272196818809723,14.459902194030178,1.2196086382356677,3.2500524001821662,1.6505860753433443,0.7981628374043028,1.183719658221419,0
1789408017.8910294,1789408017.8903084,9.303579919315323,14.47545120665727,1.22681275209797,3.162918159830866,1.528225338818817,0.6731744700068947,1.2003530264220628,0
1789408017.901059,1789408017.9003012,9.303579919315323,14.47545120665727,1.22681275209797,3.162918159830866,1.528225338818817,0.6731744700068947,1.2003530264220628,0
1789408017.9110994,1789408017.910278,9.365015283130539,14.503711760697959,1.2376481571463889,2.9735698868047717,1.3011025275198878,0.4092630181963803,1.2356388454518978,0
1789408017.9208765,1789408017.9203043,9.394317211143678,14.516236137254683,1.2410969732705845,2.869376602708279,1.1979646222640288,0.2793076532946707,1.2536255472405629,0
1789408017.93107,1789408017.9303184,9.422564701614077,14.527770686322208,1.243271040637591,2.7565870941134225,1.100938448584124,0.15504468977269437,1.2716046729117891,0
1789408017.9408655,1789408017.9403005,9.44937090191255,14.53825937829123,1.2442356160238999,2.635242848262959,1.0102635163508802,0.040701366660481686,1.2892046988139414,0
1789408017.9510393,1789408017.95038,9.47543518993887,14.548060803717757,1.2441043771757916,2.500530366906691,0.9224839892237318,-0.06441536909144453,1.306783516144349,0
1789408017.9609494,1789408017.9602962,9.49968910426675,14.556855531441917,1.2430011476134581,2.3568680070259673,0.8401419136720988,-0.1542060720349118,1.3235245036045262,0
1789408017.970884,1789408017.9703043,9.522430968808097,14.564837700826178,1.2410786204933741,2.2024559517784117,0.7612829885916236,-0.22874082225766923,1.3395342390826268,0
1789408017.9810119,1789408017.9803104,9.543588582611365,14.572050920270826,1.2384921436429241,2.037770308873178,0.6853399192275449,-0.2870458824693949,1.3546825443974424,0
1789408017.990932,1789408017.9903088,9.56303557396324,14.578512771773392,1.2354113157074973,1.864328003065559,0.6121239579214647,-0.32854916222080505,1.3688087750512612,0
1789408018.001091,1789408018.00027,9.56303557396324,14.578512771773392,1.2354113157074973,1.864328003065559,0.6121239579214647,-0.32854916222080505,1.3688087750512612,0
1789408018.0110347,1789408018.0103,9.596719988243287,14.589356632508386,1.2283856925649421,1.4965200034495083,0.47256056655131895,-0.3623851802011103,1.393704083792527,0
1789408018.0210545,1789408018.020291,9.610720107064587,14.593743711426734,1.224786580725778,1.3087778488432178,0.4070128886897533,-0.35649551349419206,1.4042004466196005,0
1789408018.0311568,1789408018.0302966,9.622881031160752,14.59750127868839,1.2213029379711053,1.121687804050685,0.3443736064643459,-0.3376123374192709,1.413385078407533,0
1789408018.0409958,1789408018.0403066,9.633116861739278,14.600627213460571,1.2180879693407762,0.9406420713364056,0.28575286708705605,-0.3082538519248731,1.4211626080338793,0
1789408018.0511026,1789408018.0503,9.641666079859602,14.603213046374591,1.215180468789935,0.766092694205251,0.2307098632646563,-0.2704890032606995,1.4276905586486952,0
1789408018.0610707,1789408018.060306,9.64848350538924,14.605259039600282,1.2126950073861844,0.604440686361581,0.18077297164835618,-0.2277286804535925,1.4329166153070936,0
1789408018.071022,1789408018.0702703,9.65381584146791,14.606849473794542,1.2106281962594603,0.4563347656958828,0.13573546472186815,-0.1821920574589393,1.437016738254114,0
1789408018.0812788,1789408018.0803723,9.65770193952869,14.608003050801658,1.209037987462156,0.32844634707810627,0.09729990809539318,-0.13797236400903723,1.4400116974861505,0
1789408018.0911417,1789408018.0902808,9.6604218538196,14.608807637130255,1.2078702344731744,0.2208056236678868,0.06522147598194067,-0.0970830331090371,1.4421113458422703,0
1789408018.101186,1789408018.1003249,9.730296864875948,14.933171811617422,1.3429446383134618,0.5024114390289238,0.4288497689689663,0.17853945427020768,1.3001651454399437,54
1789408018.1111066,1789408018.1103067,9.734904638167693,14.93710533290979,1.3445843362055427,0.41778192972351835,0.35668676190341486,0.14888319018442142,1.2946775959620822,54
1789408018.1213694,1789408018.12031,9.73868372955455,14.940332097898468,1.3459328096947352,0.3416815893248475,0.29177391952229836,0.12208505983985862,1.2901790184544148,54
1789408018.1311324,1789408018.1302843,9.741748204001073,14.942949206489889,1.3470290936212281,0.27365310427913725,0.23372734200530276,0.09802181172606916,1.2865324213341405,54
1789408018.1410835,1789408018.1403046,9.744170195191234,14.945018017045138,1.347897630273273,0.21397950809907762,0.1827940892970994,0.07682677584016107,1.2836511299410474,54
1789408018.1510553,1789408018.1503036,9.746054779364295,14.946628081236517,1.3485749962270412,0.1619956647492078,0.1384113952907482,0.058292654385650566,1.2814095859171457,54
1789408018.161102,1789408018.160322,9.747455739315456,14.947825180400237,1.3490796267349858,0.11826120312727717,0.10106158378782037,0.04264480128577386,1.2797434730341422,54
1789408018.1709857,1789408018.1703007,9.748456876064878,14.94868078182417,1.3494409752117305,0.08243369738190154,0.0704564947022801,0.02978445568864352,1.278552931179562,54
1789408018.181061,1789408018.1803145,9.749129925028367,14.949256082934118,1.349684368905648,0.05438154096536607,0.046487551625448376,0.019685182707871007,1.2777525603725273,54
1789408018.19123,1789408018.190321,9.74956251810906,14.949625907460387,1.3498410882788507,0.032920816973666334,0.028146400372559555,0.011937816773971655,1.2772381218132927,54
1789408018.2009761,1789408018.2002988,9.74956251810906,14.949625907460387,1.3498410882788507,0.032920816973666334,0.028146400372559555,0.011937816773971655,1.2772381218132927,54
1789408018.2109241,1789408018.2102885,9.749934739226257,14.949944182800088,1.349976236752357,0.008115325704482146,0.0069403864420234385,0.0029522303714122344,1.276795445996899,54
1789408018.2208583,1789408018.220301,9.749985624741258,14.9499877035845,1.3499947595400374,0.002644083044559764,0.0022615849367166874,0.0009633071496861767,1.2767349214496593,54
1789408018.231109,1789408018.2303112,9.749998816828487,14.949998987823776,1.3499995682052357,0.00041162609708500497,0.00035212629667746853,0.00015017559505814404,1.2767192291800618,54
1789408018.2408268,1789408018.2403069,9.749999999628109,14.949999999681824,1.3499999998641399,9.840983814513038e-07,8.419552699479027e-07,3.595008335466332e-07,1.2767178221105768,54
1789408018.2507682,1789408018.250304,9.750000000000002,14.95,1.350000000000001,3.552713678800501e-15,-1.2434497875801753e-14,-1.7763568394002505e-15,1.2767178216681423,54
1789408018.2611203,1789408018.2603018,9.750000000000002,14.95,1.350000000000001,3.552713678800501e-15,-1.2434497875801753e-14,-1.7763568394002505e-15,1.2767178216681423,54
1789408018.2708766,1789408018.2702997,9.750000000000002,14.95,1.350000000000001,3.552713678800501e-15,-1.2434497875801753e-14,-1.7763568394002505e-15,1.2767178216681423,54
1789408018.280955,1789408018.2803886,9.750000000000002,14.95,1.350000000000001,3.552713678800501e-15,-1.2434497875801753e-14,-1.7763568394002505e-15,1.2767178216681423,54
1789408018.2909625,1789408018.290303,9.750000000000002,14.95,1.350000000000001,3.552713678800501e-15,-1.2434497875801753e-14,-1.7763568394002505e-15,1.2767178216681423,54
1789408018.30092,1789408018.300301,9.750000000000002,14.95,1.350000000000001,3.552713678800501e-15,-1.2434497875801753e-14,-1.7763568394002505e-15,1.2767178216681423,54
1789408018.311004,1789408018.3102582,9.750000000000002,14.95,1.350000000000001,3.552713678800501e-15,-1.2434497875801753e-14,-1.7763568394002505e-15,1.2767178216681423,54
1789408018.3212924,1789408018.320311,9.750000000000002,14.95,1.350000000000001,3.552713678800501e-15,-1.2434497875801753e-14,-1.7763568394002505e-15,1.2767178216681423,54
1789408018.3311296,1789408018.330308,9.750000000000002,14.95,1.350000000000001,3.552713678800501e-15,-1.2434497875801753e-14,-1.7763568394002505e-15,1.2767178216681423,54
1789408018.341007,1789408018.3403077,9.750000000000002,14.95,1.350000000000001,3.552713678800501e-15,-1.2434497875801753e-14,-1.7763568394002505e-15,1.2767178216681423,54
1789408018.3509755,1789408018.3502963,9.750000000000002,14.95,1.350000000000001,3.552713678800501e-15,-1.2434497875801753e-14,-1.7763568394002505e-15,1.2767178216681423,54
1789408018.3611252,1789408018.3604681,9.750000000000002,14.95,1.350000000000001,3.552713678800501e-15,-1.2434497875801753e-14,-1.7763568394002505e-15,1.2767178216681423,54
1789408018.3708565,1789408018.3702981,9.750000000000002,14.95,1.350000000000001,3.552713678800501e-15,-1.2434497875801753e-14,-1.7763568394002505e-15,1.2767178216681423,54
1789408018.381014,1789408018.3803127,9.750000000000002,14.95,1.350000000000001,3.552713678800501e-15,-1.2434497875801753e-14,-1.7763568394002505e-15,1.2767178216681423,54
1789408018.3911147,1789408018.390383,9.750000000000002,14.95,1.350000000000001,3.552713678800501e-15,-1.2434497875801753e-14,-1.7763568394002505e-15,1.2767178216681423,54
1789408018.4008896,1789408018.4003036,9.750000000000002,14.95,1.350000000000001,3.552713678800501e-15,-1.2434497875801753e-14,-1.7763568394002505e-15,1.2767178216681423,54
1789408018.410711,1789408018.4102972,9.750000000000002,14.95,1.350000000000001,3.552713678800501e-15,-1.2434497875801753e-14,-1.7763568394002505e-15,1.2767178216681423,54
1789408018.4210203,1789408018.4203122,9.750000000000002,14.95,1.350000000000001,3.552713678800501e-15,-1.2434497875801753e-14,-1.7763568394002505e-15,1.2767178216681423,54
1789408018.4311612,1789408018.430315,9.750000000000002,14.95,1.350000000000001,3.552713678800501e-15,-1.2434497875801753e-14,-1.7763568394002505e-15,1.2767178216681423,54
1789408018.440981,1789408018.4403014,9.750000000000002,14.95,1.350000000000001,3.552713678800501e-15,-1.2434497875801753e-14,-1.7763568394002505e-15,1.2767178216681423,54
1789408018.4510484,1789408018.4503071,9.750000000000002,14.95,1.350000000000001,3.552713678800501e-15,-1.2434497875801753e-14,-1.7763568394002505e-15,1.2767178216681423,54
1789408018.461052,1789408018.4603198,9.750000000000002,14.95,1.350000000000001,3.552713678800501e-15,-1.2434497875801753e-14,-1.7763568394002505e-15,1.2767178216681423,54
1789408018.4709375,1789408018.4702969,9.750000000000002,14.95,1.350000000000001,3.552713678800501e-15,-1.2434497875801753e-14,-1.7763568394002505e-15,1.2767178216681423,54
1789408018.4809556,1789408018.480315,9.750000000000002,14.95,1.350000000000001,3.552713678800501e-15,-1.2434497875801753e-14,-1.7763568394002505e-15,1.2767178216681423,54
1789408018.4910095,1789408018.4902992,9.750000000000002,14.95,1.350000000000001,3.552713678800501e-15,-1.2434497875801753e-14,-1.7763568394002505e-15,1.2767178216681423,54
1789408018.5009048,1789408018.5003004,9.750000000000002,14.95,1.350000000000001,3.552713678800501e-15,-1.2434497875801753e-14,-1.7763568394002505e-15,1.2767178216681423,54
1789408018.510946,1789408018.5103178,9.750000000000002,14.95,1.350000000000001,3.552713678800501e-15,-1.2434497875801753e-14,-1.7763568394002505e-15,1.2767178216681423,54
1789408018.5210009,1789408018.5202794,9.750000000000002,14.95,1.350000000000001,3.552713678800501e-15,-1.2434497875801753e-14,-1.7763568394002505e-15,1.2767178216681423,54
1789408018.531069,1789408018.5303056,9.750000000000002,14.95,1.350000000000001,3.552713678800501e-15,-1.2434497875801753e-14,-1.7763568394002505e-15,1.2767178216681423,54
1789408018.5409477,1789408018.5402997,9.750000000000002,14.95,1.350000000000001,3.552713678800501e-15,-1.2434497875801753e-14,-1.7763568394002505e-15,1.2767178216681423,54
1789408018.5507782,1789408018.5503035,9.750000000000002,14.95,1.350000000000001,3.552713678800501e-15,-1.2434497875801753e-14,-1.7763568394002505e-15,1.2767178216681423,54
1789408018.5608668,1789408018.5602832,9.750000000000002,14.95,1.350000000000001,3.552713678800501e-15,-1.2434497875801753e-14,-1.7763568394002505e-15,1.2767178216681423,54
1789408018.5708318,1789408018.570294,9.750000000000002,14.95,1.350000000000001,3.552713678800501e-15,-1.2434497875801753e-14,-1.7763568394002505e-15,1.2767178216681423,54
1789408018.5810556,1789408018.5803032,9.750000000000002,14.95,1.350000000000001,3.552713678800501e-15,-1.2434497875801753e-14,-1.7763568394002505e-15,1.2767178216681423,54
1789408018.5910969,1789408018.5902889,9.750000000000002,14.95,1.350000000000001,3.552713678800501e-15,-1.2434497875801753e-14,-1.7763568394002505e-15,1.2767178216681423,54
1789408018.6010072,1789408018.6003058,9.750000000000002,14.95,1.350000000000001,3.552713678800501e-15,-1.2434497875801753e-14,-1.7763568394002505e-15,1.2767178216681423,54
1789408018.6109822,1789408018.6102867,9.750000000000002,14.95,1.350000000000001,3.552713678800501e-15,-1.2434497875801753e-14,-1.7763568394002505e-15,1.2767178216681423,54
1789408018.6210096,1789408018.620297,9.750000000000002,14.95,1.350000000000001,3.552713678800501e-15,-1.2434497875801753e-14,-1.7763568394002505e-15,1.2767178216681423,54
1789408018.6310768,1789408018.630298,9.750000000000002,14.95,1.350000000000001,3.552713678800501e-15,-1.2434497875801753e-14,-1.7763568394002505e-15,1.2767178216681423,54
1789408018.6410272,1789408018.6403081,9.750000000000002,14.95,1.350000000000001,3.552713678800501e-15,-1.2434497875801753e-14,-1.7763568394002505e-15,1.2767178216681423,54
1789408018.65107,1789408018.6502976,9.750000000000002,14.95,1.350000000000001,3.552713678800501e-15,-1.2434497875801753e-14,-1.7763568394002505e-15,1.2767178216681423,54
1789408018.6609564,1789408018.660315,9.750000000000002,14.95,1.350000000000001,3.552713678800501e-15,-1.2434497875801753e-14,-1.7763568394002505e-15,1.2767178216681423,54
1789408018.6710439,1789408018.670301,9.750000000000002,14.95,1.350000000000001,3.552713678800501e-15,-1.2434497875801753e-14,-1.7763568394002505e-15,1.2767178216681423,54
1789408018.6811938,1789408018.6803074,9.750000000000002,14.95,1.350000000000001,3.552713678800501e-15,-1.2434497875801753e-14,-1.7763568394002505e-15,1.2767178216681423,54
1789408018.6913488,1789408018.690387,9.750000000000002,14.95,1.350000000000001,3.552713678800501e-15,-1.2434497875801753e-14,-1.7763568394002505e-15,1.2767178216681423,54
1789408018.701083,1789408018.7002723,9.750000000000002,14.95,1.350000000000001,3.552713678800501e-15,-1.2434497875801753e-14,-1.7763568394002505e-15,1.2767178216681423,54
1789408018.7109787,1789408018.7102978,9.750000000000002,14.95,1.350000000000001,3.552713678800501e-15,-1.2434497875801753e-14,-1.7763568394002505e-15,1.2767178216681423,54
1789408018.7211537,1789408018.7203815,9.750000000000002,14.95,1.350000000000001,3.552713678800501e-15,-1.2434497875801753e-14,-1.7763568394002505e-15,1.2767178216681423,54
1789408018.731171,1789408018.730399,9.750000000000002,14.95,1.350000000000001,3.552713678800501e-15,-1.2434497875801753e-14,-1.7763568394002505e-15,1.2767178216681423,54
1789408018.7412646,1789408018.7402754,9.750000000000002,14.95,1.350000000000001,3.552713678800501e-15,-1.2434497875801753e-14,-1.7763568394002505e-15,1.2767178216681423,54
1789408018.7513433,1789408018.7502854,9.750000000000002,14.95,1.350000000000001,3.552713678800501e-15,-1.2434497875801753e-14,-1.7763568394002505e-15,1.2767178216681423,54
1789408018.7610002,1789408018.7602575,9.750000000000002,14.95,1.350000000000001,3.552713678800501e-15,-1.2434497875801753e-14,-1.7763568394002505e-15,1.2767178216681423,54
1789408018.77105,1789408018.7702775,9.750000000000002,14.95,1.350000000000001,3.552713678800501e-15,-1.2434497875801753e-14,-1.7763568394002505e-15,1.2767178216681423,54
1789408018.781388,1789408018.7802866,9.750000000000002,14.95,1.350000000000001,3.552713678800501e-15,-1.2434497875801753e-14,-1.7763568394002505e-15,1.2767178216681423,54
1789408018.791154,1789408018.790304,9.750000000000002,14.95,1.350000000000001,3.552713678800501e-15,-1.2434497875801753e-14,-1.7763568394002505e-15,1.2767178216681423,54
1789408018.8010938,1789408018.8003058,9.750000000000002,14.95,1.350000000000001,3.552713678800501e-15,-1.2434497875801753e-14,-1.7763568394002505e-15,1.2767178216681423,54
1789408018.8110049,1789408018.8102696,9.750000000000002,14.95,1.350000000000001,3.552713678800501e-15,-1.2434497875801753e-14,-1.7763568394002505e-15,1.2767178216681423,54
1789408018.8212268,1789408018.820317,9.750000000000002,14.95,1.350000000000001,3.552713678800501e-15,-1.2434497875801753e-14,-1.7763568394002505e-15,1.2767178216681423,54
1789408018.8311923,1789408018.8303,9.750000000000002,14.95,1.350000000000001,3.552713678800501e-15,-1.2434497875801753e-14,-1.7763568394002505e-15,1.2767178216681423,54
1789408018.8411684,1789408018.840304,9.750000000000002,14.95,1.350000000000001,3.552713678800501e-15,-1.2434497875801753e-14,-1.7763568394002505e-15,1.2767178216681423,54
1789408018.8512433,1789408018.8502958,9.750000000000002,14.95,1.350000000000001,3.552713678800501e-15,-1.2434497875801753e-14,-1.7763568394002505e-15,1.2767178216681423,54
1789408018.861212,1789408018.8603766,9.750000000000002,14.95,1.350000000000001,3.552713678800501e-15,-1.2434497875801753e-14,-1.7763568394002505e-15,1.2767178216681423,54
1789408018.8710837,1789408018.8702898,9.750000000000002,14.95,1.350000000000001,3.552713678800501e-15,-1.2434497875801753e-14,-1.7763568394002505e-15,1.2767178216681423,54
1789408018.8811772,1789408018.8802984,10.174278598710766,15.097827391824257,1.2909570404378268,3.641136385936297,1.3797264613322915,-0.42042619508787427,1.0030726049613967,54
1789408018.890988,1789408018.8903112,10.211993477446383,15.11234609991061,1.2868904580917622,3.800084228590225,1.4857971868625006,-0.3808143891319168,0.9814085271253783,54
1789408018.9009075,1789408018.9004104,10.211993477446383,15.11234609991061,1.2868904580917622,3.800084228590225,1.4857971868625006,-0.3808143891319168,0.9814085271253783,54
1789408018.9108949,1789408018.9103107,10.290482926254699,15.144021964796744,1.2802573007211748,4.090055986213622,1.7022242778440346,-0.2817047687898693,0.9373848170327574,54
1789408018.9211214,1789408018.9203234,10.332248155284478,15.161686511037072,1.2777266905421159,4.224270262178194,1.8153092980519798,-0.2209853130638857,0.91460934091471,54
1789408018.9308772,1789408018.9302907,10.374720710286297,15.180233623298175,1.2758621408646786,4.347861883405814,1.9289960918522757,-0.1542883435764102,0.8919604175960518,54
1789408018.9408684,1789408018.940288,10.418767429542484,15.200097535174468,1.2746838345696447,4.463263357369902,2.045603570702189,-0.08037807415941556,0.8690605800701607,54
1789408018.9507978,1789408018.950289,10.463892269232927,15.221122653159826,1.2742763530785592,4.568902325987914,2.1637909233354646,-0.00016982481141303296,0.8462699199145238,54
1789408018.9607651,1789408018.960293,10.510329793537721,15.243485873933396,1.2747060242405863,4.665159928193198,2.2841465209138936,0.08659977600071134,0.8235788065852889,54
1789408018.9708993,1789408018.9703043,10.557893111511191,15.267171331787333,1.2760447861793573,4.751453231381566,2.406146646074767,0.17940207984071543,0.801201467050084,54
1789408018.981065,1789408018.9803078,10.605437125538911,15.291654651152577,1.2782993697833478,4.825999725448036,2.526854510852327,0.27563776788720284,0.7797740048243695,54
1789408018.9911058,1789408018.9902685,10.653724070251974,15.317367994211967,1.2815358846622302,4.890398363587167,2.6482059366730066,0.3764284636963371,0.7590476632517908,54
1789408019.0009933,1789408019.000289,10.653724070251974,15.317367994211967,1.2815358846622302,4.890398363587167,2.6482059366730066,0.3764284636963371,0.7590476632517908,54
1789408019.0107133,1789408019.010255,10.75286537412369,15.372939210114149,1.291214350513616,4.989444561525703,2.8934749845387175,0.5909104526752236,0.7201001293625893,54
1789408019.0208354,1789408019.0203135,10.803204017843573,15.402642631900259,1.297714170605991,5.0238621613252725,3.015987000485,0.7026048732101122,0.7023676449037162,54
1789408019.0308278,1789408019.0302916,10.8532263940089,15.433193687970324,1.305247533373271,5.048222626868473,3.136337588920292,0.8147142343841463,0.6862421397889207,54
1789408019.0407057,1789408019.0402994,10.904454964914876,15.465585313310736,1.3140851604132475,5.063558238836903,3.2580972679272655,0.9300747907666116,0.6713825482450289,54
1789408019.050803,1789408019.0502908,10.95437180123015,15.498257985871323,1.3238005547725413,5.069669718936616,3.3752153047673827,1.0424034214316489,0.6586242835295026,54
1789408019.0607097,1789408019.0602908,11.00536759272869,15.532807126763357,1.334861422061239,5.067444537075064,3.4932206038871523,1.1564234385438272,0.6474605612352722,54
1789408019.0707092,1789408019.0702896,11.055922861408026,15.568264683399248,1.3469674494207515,5.057321608301887,3.6084566552213118,1.2680358284637911,0.6383772672389094,54
1789408019.0807285,1789408019.0803018,11.106484358331558,15.604968737228798,1.3602159144584967,5.039855337667724,3.7218347097104925,1.3775172966594091,0.6313883611569509,54
1789408019.0911574,1789408019.0904047,11.156514101332055,15.642549264346284,1.3744492050768113,5.015892754115441,3.8320300286638913,1.4829810211581531,0.6266533415037319,54
1789408019.1011903,1789408019.100276,11.206798520636594,15.681626190649553,1.3898779773510983,4.985683612048405,3.9406220356054646,1.5853066569054182,0.6241967906261141,54
1789408019.1112642,1789408019.1103976,11.206798520636594,15.681626190649553,1.3898779773510983,4.985683612048405,3.9406220356054646,1.5853066569054182,0.6241967906261141,54
1789408019.1209807,1789408019.120296,11.30592013518792,15.762635934554828,1.4235437639488846,4.910516697617007,4.147558928034994,1.772879046967863,0.6265584309486916,54
1789408019.1311028,1789408019.1302876,11.354259425483407,15.804124565402581,1.4414876935019465,4.867553002768411,4.244628407602455,1.855846301305704,0.6313806307672754,54
1789408019.140969,1789408019.1402876,11.403066146312279,15.847371107079782,1.4605793411107233,4.820839551173839,4.339762097937329,1.9327668804121905,0.6388164258247717,54
1789408019.1509612,1789408019.1502872,11.451545408205845,15.891699600790586,1.4804688827856265,4.771806057667777,4.431139741109797,2.001441058204244,0.648840108363163,54
1789408019.1609833,1789408019.160256,11.498716561037941,15.936160116217076,1.5006552883382773,4.722261892534465,4.516804872408445,2.0599764460190158,0.661189091763638,54
1789408019.1709569,1789408019.1702867,11.545723897677998,15.981777256335455,1.521526384146315,4.671790262821329,4.5987138951502535,2.109307311517859,0.676103481615498,54
1789408019.1811283,1789408019.1802988,11.591659979150924,16.02761849030898,1.5425772579242873,4.622102483667832,4.67514890704057,2.148012645930892,0.6932421461325893,54
1789408019.191165,1789408019.1902897,11.637954621706529,16.075071102344992,1.5643622600567428,4.572377364431016,4.748292326876569,2.1767225554381198,0.7131169300215481,54
1789408019.201248,1789408019.2002897,11.637954621706529,16.075071102344992,1.5643622600567428,4.572377364431016,4.748292326876569,2.1767225554381198,0.7131169300215481,54
1789408019.2109349,1789408019.2102551,11.728653259784714,16.17159354356855,1.6083049754398597,4.4788129819528555,4.879179004916091,2.2001632328844667,0.759716253151473,54
1789408019.220971,1789408019.220289,11.77335733452357,16.22082551247796,1.6303536520237012,4.435968009698734,4.9371146121683065,2.194515725033865,0.7864289243934623,54
1789408019.230998,1789408019.2302878,11.816873680725486,16.26973370868407,1.6519029993527459,4.3972006972123765,4.989021294897756,2.177484772701049,0.814793174864296,54
1789408019.2410464,1789408019.2402966,11.860894660218674,16.32013131828995,1.6736560522681923,4.361553598752773,5.036805058448823,2.148349111305458,0.8458293801010488,54
1789408019.251062,1789408019.2502906,11.90396988558512,16.370268425882983,1.6947602495011296,4.330711526395113,5.07877350578034,2.108053234553447,0.878439963250002,54
1789408019.2611415,1789408019.260298,11.947155277272923,16.42126328205096,1.715596469367467,4.30431461698187,5.115934704679542,2.055899249392239,0.9133055699190009,54
1789408019.2709694,1789408019.2702897,11.990409157682725,16.47297323991965,1.7359972525278038,4.282870169421078,5.1480961268041865,1.991966169871482,0.9503381685039776,54
1789408019.2809584,1789408019.2802904,12.03273661457905,16.524086230901485,1.7553662421027565,4.267092528312536,5.174582830057289,1.918324729977847,0.988544740281158,54
1789408019.2909944,1789408019.2903101,12.076141399104007,16.576909582972277,1.7744743971451904,4.256559974910612,5.196577169163366,1.831857812106734,1.0296502144150825,54
1789408019.3012445,1789408019.3003876,12.076141399104007,16.576909582972277,1.7744743971451904,4.256559974910612,5.196577169163366,1.831857812106734,1.0296502144150825,54
1789408019.3110855,1789408019.3102736,12.160706532407202,16.680547399087956,1.808992468860402,4.2531597130278715,5.224449568351387,1.6339753799608512,1.1149197271656195,54
1789408019.3209462,1789408019.320287,12.203902888865372,16.73360873488451,1.8250019950861316,4.2602694832404016,5.231185730878558,1.5195107041259905,1.1608813720034237,54
1789408019.3310637,1789408019.330291,12.24630197471398,16.785611755929235,1.8395139323520548,4.2729803033594385,5.233027020894066,1.399627587261699,1.207409264507209,54
1789408019.3410115,1789408019.3402634,12.288995382303236,16.837781071379144,1.852841180231786,4.291336442069887,5.230277784800263,1.2724610463812627,1.2555447188246112,54
1789408019.3510475,1789408019.3502636,12.332255083433607,16.89033148023145,1.8649637764965354,4.315350375713701,5.222991900323006,1.1381932842268554,1.3054975934650008,54
1789408019.360874,1789408019.3602953,12.375247519137956,16.942144154560225,1.875586921763232,4.344263758474747,5.211503739494762,1.0005926670346719,1.35618269439017,54
1789408019.3707628,1789408019.3702974,12.418731072073061,16.994035332913175,1.8848585277086798,4.378199903983031,5.195845506066468,0.8584808727093773,1.4083681869444333,54
1789408019.3809903,1789408019.3802698,12.463076316425363,17.04633670643363,1.8927785594159805,4.41716727241688,5.175989769190224,0.711838284884291,1.4624080325570168,54
1789408019.3910422,1789408019.390289,12.507216455106681,17.097702081432715,1.8991313229953066,4.459775926748716,5.152635837685386,0.5654645751533935,1.5168925195750782,54
1789408019.401157,1789408019.400289,12.507216455106681,17.097702081432715,1.8991313229953066,4.459775926748716,5.152635837685386,0.5654645751533935,1.5168925195750782,54
1789408019.4108987,1789408019.4102964,12.596882928515893,17.199674871873093,1.9074587778802667,4.555664051200564,5.0954444831848,0.2719735072853058,1.6292242472459793,54
1789408019.4209542,1789408019.4202898,12.643459468209446,17.251297615104548,1.9094695798581682,4.609096290610979,5.06124351908899,0.12406479796763918,1.6882184239241032,54
1789408019.4309509,1789408019.4302862,12.689361173547049,17.30123191599043,1.909996054167512,4.663302973497915,5.024954546576951,-0.017154277098391374,1.7466542687432363,54
1789408019.4408898,1789408019.4402874,12.73629835574386,17.35131145020143,1.9091267158621053,4.719659815600856,4.985499054832752,-0.15586588346491254,1.8066226749172392,54
1789408019.450939,1789408019.4502885,12.783914161794456,17.40109617336452,1.906887581563675,4.777132365182091,4.943336625862634,-0.2897710896083424,1.867598641731279,54
1789408019.4609861,1789408019.4602838,12.832338040665581,17.450678163980964,1.903315996561902,4.8352400298656155,4.898525177544217,-0.41807795328859365,1.9296820451982197,54
1789408019.4710758,1789408019.4703114,12.88066526773207,17.49912151436488,1.8985623684385295,4.892273059196729,4.8521045118525565,-0.5375086076778025,1.9916527053666455,54
1789408019.4810882,1789408019.4803061,12.929774693603193,17.54730633169509,1.8926321112297568,4.948657955679882,4.803414330949464,-0.6494561280872155,2.054584915227008,54
1789408019.4911463,1789408019.4902914,12.979623446076127,17.595170031695908,1.885600538376743,5.003706590419252,4.752621263566708,-0.7528941112481622,2.1183769947132425,54
1789408019.501203,1789408019.5002868,12.979623446076127,17.595170031695908,1.885600538376743,5.003706590419252,4.752621263566708,-0.7528941112481622,2.1183769947132425,54
1789408019.511099,1789408019.510331,13.080351816405807,17.688810436604754,1.8687767297389644,5.106110598905124,4.646417814656273,-0.9291390185959852,2.2468704330630076,54
1789408019.520726,1789408019.520293,13.131609772563799,17.734962455007356,1.859121486228497,5.152704399821247,4.590794524173791,-1.0015310812499179,2.31199383376253,54
1789408019.5311034,1789408019.5302982,13.183421724993872,17.780645429945825,1.8487771561914927,5.1954133667547024,4.533610033083341,-1.0626961562222308,2.377615475289207,54
1789408019.5409625,1789408019.540291,13.235765027890398,17.825856667982325,1.8378521543941557,5.2336565218988875,4.474916736442308,-1.1122180079503452,2.4436880802316097,54
1789408019.551116,1789408019.5502942,13.288470709817188,17.87047533608179,1.8264896030085715,5.2667838223610355,4.414910965246151,-1.149688072137813,2.4499668250126083,184
1789408019.5609152,1789408019.5602934,13.340889079737067,17.9139984583356,1.814943425612292,5.294003743063858,4.354334281009001,-1.1747521425703193,2.3835450259727695,184
1789408019.57104,1789408019.570289,13.394003300561929,17.95728169551353,1.803106085935118,5.3154034672874575,4.292018079912017,-1.187934711607593,2.3169766253289787,184
1789408019.5810723,1789408019.580255,13.4471380706048,17.999806956584592,1.7912332547590237,5.330244597231492,4.22868879388342,-1.1890738480749,2.251098275241997,184
1789408019.5910726,1789408019.5903027,13.50094692277342,18.04213092364316,1.7792844601967763,5.338243801151975,4.163475168740553,-1.1782564469515326,2.1850903159850747,184
1789408019.6008883,1789408019.6002848,13.50094692277342,18.04213092364316,1.7792844601967763,5.338243801151975,4.163475168740553,-1.1782564469515326,2.1850903159850747,184
1789408019.610778,1789408019.610299,13.607415223515622,18.123864296026895,1.7562617416830157,5.331932588746299,4.03082822517442,-1.1228008451134235,2.0564955123382975,184
1789408019.6210232,1789408019.620429,13.660489543231124,18.16369932562132,1.7452806261068634,5.317165048884976,3.9626498978216995,-1.0790784149906008,1.9933533047545804,184
1789408019.6309462,1789408019.630291,13.713717473141605,18.203098860107797,1.7347190703305746,5.294158760351776,3.8926869616154036,-1.0250969100638996,1.9306511417714975,184
1789408019.640978,1789408019.6402898,13.766564930339849,18.241711223938577,1.7247659570240295,5.262865694727638,3.821460687225496,-0.9619639152890596,1.8690021497422007,184
1789408019.6509187,1789408019.650291,13.819110395380635,18.279641690116282,1.715478705512593,5.223060742846257,3.748684471192357,-0.8903032987274327,1.8082935867013126,184
1789408019.6610181,1789408019.6603196,13.870694637408198,18.31646631814001,1.7070297708583482,5.175206020660904,3.6751071457029196,-0.8118851908767912,1.7492592354299432,184
1789408019.6709979,1789408019.6702917,13.922324838590976,18.352948787336516,1.6993120169261131,5.118231502418724,3.599087788601138,-0.7259804398755991,1.6907271565783824,184
1789408019.681116,1789408019.6803095,13.973983480288943,18.389108479481763,1.6924043985290442,5.051738091286091,3.5203536672023437,-0.6332355014381545,1.6327165373511987,184
1789408019.6910808,1789408019.6902964,14.0231939967802,18.423264570756363,1.6866501999444325,4.979169001573244,3.442561115323242,-0.539195506267364,1.5779707637613531,184
1789408019.7011738,1789408019.7002764,14.0231939967802,18.423264570756363,1.6866501999444325,4.979169001573244,3.442561115323242,-0.539195506267364,1.5779707637613531,184
1789408019.7113566,1789408019.7102962,14.121612270893602,18.49083351529034,1.6778244297103608,4.805283091228696,3.2774649866612817,-0.33714029732251544,1.4700055845716646,184
1789408019.721139,1789408019.7203128,14.168758354448736,18.52289973913934,1.6749880667133392,4.707477629147488,3.1931571095530233,-0.2351230663824302,1.4190176768303508,184
1789408019.7312078,1789408019.7303255,14.215349952646742,18.5544264243259,1.6731513340975992,4.600913453645303,3.105986394987601,-0.13194999526655554,1.3691061888828353,184
1789408019.7411945,1789408019.740304,14.260853019237695,18.585081071636083,1.67234334932167,4.4867784742086,3.0167202549258985,-0.029686678349049443,1.3208287759549078,184
1789408019.7510862,1789408019.7503242,14.30495317347311,18.614681560458948,1.6725465288729129,4.3660916246209025,2.925853648070004,0.07006332895367431,1.2744928794243806,184
1789408019.7610471,1789408019.7603147,14.347902094949891,18.643423428606237,1.6737326585383705,4.238406275617045,2.8327589397392026,0.16701854555434806,1.2298080674129823,184
1789408019.7710562,1789408019.7703142,14.389717701588477,18.671341503433542,1.6758786056537323,4.103804069004026,2.737247042299113,0.2604103091666789,1.1867346144344502,184
1789408019.7810059,1789408019.7803307,14.430186125681747,18.69831366830917,1.6789398085720904,3.963166208836462,2.6396903412293033,0.34899643216366066,1.1454691540497206,184
1789408019.7910361,1789408019.790316,14.4694426397552,18.724448429656725,1.682887398251774,3.816230613047151,2.539661548124434,0.43235098860345184,1.1058490381140322,184
1789408019.8010042,1789408019.80029,14.507156098460479,18.749541425110838,1.6876389797913096,3.664514954591608,2.437949714914374,0.509115597178274,1.0681805748144695,184
1789408019.8109808,1789408019.810263,14.542899320804592,18.773322264875954,1.6930599444685337,3.5103403423200192,2.335841590401105,0.5779384792173958,1.032850344688849,184
1789408019.821037,1789408019.8202698,14.57681457968575,18.795896582164673,1.6990773465507907,3.353843784926872,2.23317011877627,0.6387599449201444,0.999672867172215,184
1789408019.8311174,1789408019.8302917,14.609539160922209,18.817697478053425,1.7057376716867936,3.192501211762344,2.128075339733619,0.6923189670356273,0.9679913468667822,184
1789408019.841157,1789408019.8403,14.640639093159129,18.83844304040114,1.7128920477656442,3.028783410596341,2.02198472506608,0.7375163143224793,0.9381949663043245,184
1789408019.8512268,1789408019.8502643,14.670242036198323,18.85822360476466,1.7204956912979006,2.8625073776204055,1.9146030181396831,0.7742834992691848,0.9101252079534696,184
1789408019.8612275,1789408019.8604372,14.697753039171621,18.87664412604672,1.7283010528273217,2.697790675789546,1.808423996132181,0.801872750423555,0.8843027717715863,184
1789408019.8710353,1789408019.8702753,14.724178808255953,18.894380452572843,1.736514356757221,2.5291808171681267,1.6997879767338986,0.8212145837133396,0.859745016037867,184
1789408019.881159,1789408019.8802733,14.748802188421344,18.910952260813513,1.7448434425562096,2.3617008957131884,1.5918032734109013,0.8316759346835316,0.8370845976140633,184
1789408019.8910387,1789408019.8902707,14.771484147104532,18.926263288901215,1.7531356654820478,2.197334287816291,1.4856411489968706,0.8335797843038741,0.816404467855002,184
1789408019.9011602,1789408019.9002643,14.771484147104532,18.926263288901215,1.7531356654820478,2.197334287816291,1.4856411489968706,0.8335797843038741,0.816404467855002,184
1789408019.9110582,1789408019.910279,14.811975165751548,18.95373049555058,1.7695706300013032,1.8749690419125278,1.2765317876945081,0.8135122197769918,0.7799566719726405,184
1789408019.9211333,1789408019.9203095,14.830130851586473,18.966114737273926,1.777696086472755,1.7157062052324294,1.172621727286658,0.7919961122273411,0.7638106687809423,184
1789408019.9310505,1789408019.9302726,14.846447329033037,18.977288218746942,1.7854471662111138,1.5629200813213289,1.0724703521494352,0.7641060163924243,0.749403433935979,184
1789408019.9410193,1789408019.940268,14.861271896644093,18.987481504470725,1.7928935879206769,1.4146711076357152,0.974793027967458,0.7301883242604961,0.736396593832598,184
1789408019.9510682,1789408019.9502628,14.8748614729572,18.99686564303325,1.8000925753529167,1.2692796530170698,0.8784601525951732,0.6902616922510306,0.7245405142698091,184
1789408019.9611576,1789408019.960302,14.886738094045585,19.005103164355745,1.8067083989561208,1.1331667363299767,0.7877371474295932,0.6467737560494373,0.7142288610849594,184
1789408019.9711037,1789408019.9702969,14.897525769625874,19.01261941394856,1.813010847111423,1.000508749823471,0.6987629391862382,0.5985450817502271,0.7049000273535202,184
1789408019.981219,1789408019.98027,14.906836418254164,19.01913598377919,1.8187021168195074,0.8772535134708969,0.6146714572471146,0.5473057918470149,0.6968748247591143,184
1789408019.9911993,1789408019.9902987,14.914978858677658,19.024782199461132,1.823796344564708,0.7537517627069267,0.5133856025334824,0.46765034166395,0.6899513584729744,184
1789408020.0011342,1789408020.0002644,14.92187094360326,19.029403544752874,1.8280086453373274,0.6131976209859779,0.40914762312416547,0.3717200055678588,0.6842787073849808,184
1789408020.0111537,1789408020.0102577,14.927152383860552,19.03305811440316,1.8313051090008956,0.45304787940980745,0.3357707929343884,0.30047206481671024,0.6798400700756644,184
1789408020.0211422,1789408020.0202951,14.930863212272602,19.03614398377003,1.834052781265253,0.27973351914530764,0.27054380244882775,0.24013101587629837,0.6762198748159733,184
1789408020.0309634,1789408020.0302982,14.93287414866328,19.038393069918712,1.8360497981607247,0.13089336111733646,0.17504489602738493,0.15567839077693077,0.6736913443077981,184
1789408020.0409873,1789408020.04029,14.933643166711335,19.03956230292165,1.8370919789996287,0.03440668752852231,0.06259559287607416,0.05597845317895292,0.6724193673614045,184
1789408020.0511255,1789408020.050288,14.933773080177437,19.039819177602556,1.8373221062338934,0.0010380240001007755,0.0024763961002971513,0.0022272982648766093,0.6721458413774828,184
1789408020.0611005,1789408020.060272,14.933774156613087,19.039821797992765,1.8373244640695934,4.5102810375396984e-17,-4.440892098500626e-16,-2.220446049250313e-16,0.6721430886672219,184
1789408020.071043,1789408020.0702925,14.933774156613087,19.039821797992765,1.8373244640695934,4.5102810375396984e-17,-4.440892098500626e-16,-2.220446049250313e-16,0.6721430886672219,184
1789408020.0812173,1789408020.080311,14.933774156613087,19.039821797992765,1.8373244640695934,4.5102810375396984e-17,-4.440892098500626e-16,-2.220446049250313e-16,0.6721430886672219,184
1789408020.091411,1789408020.0902958,14.933774156613087,19.039821797992765,1.8373244640695934,4.5102810375396984e-17,-4.440892098500626e-16,-2.220446049250313e-16,0.6721430886672219,184
1789408020.1010544,1789408020.1002874,14.933774156613087,19.039821797992765,1.8373244640695934,4.5102810375396984e-17,-4.440892098500626e-16,-2.220446049250313e-16,0.6721430886672219,184
1789408020.1110556,1789408020.1102571,14.933774156613087,19.039821797992765,1.8373244640695934,4.5102810375396984e-17,-4.440892098500626e-16,-2.220446049250313e-16,0.6721430886672219,184
1789408020.1209564,1789408020.1202974,14.933774156613087,19.039821797992765,1.8373244640695934,4.5102810375396984e-17,-4.440892098500626e-16,-2.220446049250313e-16,0.6721430886672219,184
1789408020.1311464,1789408020.1302998,14.933774156613087,19.039821797992765,1.8373244640695934,4.5102810375396984e-17,-4.440892098500626e-16,-2.220446049250313e-16,0.6721430886672219,184
1789408020.1409206,1789408020.1402953,14.933774156613087,19.039821797992765,1.8373244640695934,4.5102810375396984e-17,-4.440892098500626e-16,-2.220446049250313e-16,0.6721430886672219,184
1789408020.1509676,1789408020.15029,14.933774156613087,19.039821797992765,1.8373244640695934,4.5102810375396984e-17,-4.440892098500626e-16,-2.220446049250313e-16,0.6721430886672219,184
1789408020.1609874,1789408020.16026,14.933774156613087,19.039821797992765,1.8373244640695934,4.5102810375396984e-17,-4.440892098500626e-16,-2.220446049250313e-16,0.6721430886672219,184
1789408020.1710103,1789408020.1702604,14.933774156613087,19.039821797992765,1.8373244640695934,4.5102810375396984e-17,-4.440892098500626e-16,-2.220446049250313e-16,0.6721430886672219,184
1789408020.1811426,1789408020.180273,14.933774156613087,19.039821797992765,1.8373244640695934,4.5102810375396984e-17,-4.440892098500626e-16,-2.220446049250313e-16,0.6721430886672219,184
1789408020.1913555,1789408020.1902668,14.933774156613087,19.039821797992765,1.8373244640695934,4.5102810375396984e-17,-4.440892098500626e-16,-2.220446049250313e-16,0.6721430886672219,184
1789408020.2010384,1789408020.2002637,14.933774156613087,19.039821797992765,1.8373244640695934,4.5102810375396984e-17,-4.440892098500626e-16,-2.220446049250313e-16,0.6721430886672219,184
1789408020.2108223,1789408020.2102904,14.933774156613087,19.039821797992765,1.8373244640695934,4.5102810375396984e-17,-4.440892098500626e-16,-2.220446049250313e-16,0.6721430886672219,184
1789408020.2208173,1789408020.2202902,14.933774156613087,19.039821797992765,1.8373244640695934,4.5102810375396984e-17,-4.440892098500626e-16,-2.220446049250313e-16,0.6721430886672219,184
1789408020.2310898,1789408020.2302954,14.933774156613087,19.039821797992765,1.8373244640695934,4.5102810375396984e-17,-4.440892098500626e-16,-2.220446049250313e-16,0.6721430886672219,184
1789408020.2408898,1789408020.2402914,14.933774156613087,19.039821797992765,1.8373244640695934,4.5102810375396984e-17,-4.440892098500626e-16,-2.220446049250313e-16,0.6721430886672219,184
1789408020.2511497,1789408020.2504601,14.933774156613087,19.039821797992765,1.8373244640695934,4.5102810375396984e-17,-4.440892098500626e-16,-2.220446049250313e-16,0.6721430886672219,184
1789408020.2611604,1789408020.2604382,14.933774156613087,19.039821797992765,1.8373244640695934,4.5102810375396984e-17,-4.440892098500626e-16,-2.220446049250313e-16,0.6721430886672219,184
1789408020.2711082,1789408020.270285,14.933774156613087,19.039821797992765,1.8373244640695934,4.5102810375396984e-17,-4.440892098500626e-16,-2.220446049250313e-16,0.6721430886672219,184
1789408020.2812152,1789408020.2802997,14.933774156613087,19.039821797992765,1.8373244640695934,4.5102810375396984e-17,-4.440892098500626e-16,-2.220446049250313e-16,0.6721430886672219,184
1789408020.2912512,1789408020.2903,14.933774156613087,19.039821797992765,1.8373244640695934,4.5102810375396984e-17,-4.440892098500626e-16,-2.220446049250313e-16,0.6721430886672219,184
1789408020.300973,1789408020.3003964,14.933774156613087,19.039821797992765,1.8373244640695934,4.5102810375396984e-17,-4.440892098500626e-16,-2.220446049250313e-16,0.6721430886672219,184
1789408020.3109498,1789408020.3103213,14.933774156613087,19.039821797992765,1.8373244640695934,4.5102810375396984e-17,-4.440892098500626e-16,-2.220446049250313e-16,0.6721430886672219,184
1789408020.3211884,1789408020.3204384,14.933774156613087,19.039821797992765,1.8373244640695934,4.5102810375396984e-17,-4.440892098500626e-16,-2.220446049250313e-16,0.6721430886672219,184
1789408020.3312652,1789408020.3304272,14.933774156613087,19.039821797992765,1.8373244640695934,4.5102810375396984e-17,-4.440892098500626e-16,-2.220446049250313e-16,0.6721430886672219,184
1789408020.340916,1789408020.3402948,14.933774156613087,19.039821797992765,1.8373244640695934,4.5102810375396984e-17,-4.440892098500626e-16,-2.220446049250313e-16,0.6721430886672219,184
1789408020.3510597,1789408020.3502848,14.933774156613087,19.039821797992765,1.8373244640695934,4.5102810375396984e-17,-4.440892098500626e-16,-2.220446049250313e-16,0.6721430886672219,184
1789408020.3609915,1789408020.3603337,14.933774156613087,19.039821797992765,1.8373244640695934,4.5102810375396984e-17,-4.440892098500626e-16,-2.220446049250313e-16,0.6721430886672219,184
1789408020.3709342,1789408020.3702698,14.933774156613087,19.039821797992765,1.8373244640695934,4.5102810375396984e-17,-4.440892098500626e-16,-2.220446049250313e-16,0.6721430886672219,184
1789408020.3809433,1789408020.3803027,14.933774156613087,19.039821797992765,1.8373244640695934,4.5102810375396984e-17,-4.440892098500626e-16,-2.220446049250313e-16,0.6721430886672219,184
1789408020.3917491,1789408020.3903284,14.933774156613087,19.039821797992765,1.8373244640695934,4.5102810375396984e-17,-4.440892098500626e-16,-2.220446049250313e-16,0.6721430886672219,184
1789408020.4009764,1789408020.4002964,14.933774156613087,19.039821797992765,1.8373244640695934,4.5102810375396984e-17,-4.440892098500626e-16,-2.220446049250313e-16,0.6721430886672219,184
1789408020.4110367,1789408020.410343,14.933774156613087,19.039821797992765,1.8373244640695934,4.5102810375396984e-17,-4.440892098500626e-16,-2.220446049250313e-16,0.6721430886672219,184
1789408020.4210043,1789408020.4203691,14.933774156613087,19.039821797992765,1.8373244640695934,4.5102810375396984e-17,-4.440892098500626e-16,-2.220446049250313e-16,0.6721430886672219,184
1789408020.4310982,1789408020.4303083,14.933774156613087,19.039821797992765,1.8373244640695934,4.5102810375396984e-17,-4.440892098500626e-16,-2.220446049250313e-16,0.6721430886672219,184
1789408020.441121,1789408020.4402988,14.933774156613087,19.039821797992765,1.8373244640695934,4.5102810375396984e-17,-4.440892098500626e-16,-2.220446049250313e-16,0.6721430886672219,184
1789408020.4511523,1789408020.4502912,14.933774156613087,19.039821797992765,1.8373244640695934,4.5102810375396984e-17,-4.440892098500626e-16,-2.220446049250313e-16,0.6721430886672219,184
1789408020.4611135,1789408020.460321,14.933774156613087,19.039821797992765,1.8373244640695934,4.5102810375396984e-17,-4.440892098500626e-16,-2.220446049250313e-16,0.6721430886672219,184
1789408020.4711838,1789408020.4702876,14.933774156613087,19.039821797992765,1.8373244640695934,4.5102810375396984e-17,-4.440892098500626e-16,-2.220446049250313e-16,0.6721430886672219,184
1789408020.4810646,1789408020.4803104,14.933774156613087,19.039821797992765,1.8373244640695934,4.5102810375396984e-17,-4.440892098500626e-16,-2.220446049250313e-16,0.6721430886672219,184
1789408020.4918618,1789408020.4902864,14.933774156613087,19.039821797992765,1.8373244640695934,4.5102810375396984e-17,-4.440892098500626e-16,-2.220446049250313e-16,0.6721430886672219,184
1789408020.5012844,1789408020.5003097,14.933774156613087,19.039821797992765,1.8373244640695934,4.5102810375396984e-17,-4.440892098500626e-16,-2.220446049250313e-16,0.6721430886672219,184
1789408020.51135,1789408020.5102735,14.933774156613087,19.039821797992765,1.8373244640695934,4.5102810375396984e-17,-4.440892098500626e-16,-2.220446049250313e-16,0.6721430886672219,184
1789408020.5212238,1789408020.520325,14.933774156613087,19.039821797992765,1.8373244640695934,4.5102810375396984e-17,-4.440892098500626e-16,-2.220446049250313e-16,0.6721430886672219,184
1789408020.531244,1789408020.5303211,14.933774156613087,19.039821797992765,1.8373244640695934,4.5102810375396984e-17,-4.440892098500626e-16,-2.220446049250313e-16,0.6721430886672219,184
1789408020.540957,1789408020.5402982,14.933774156613087,19.039821797992765,1.8373244640695934,4.5102810375396984e-17,-4.440892098500626e-16,-2.220446049250313e-16,0.6721430886672219,184
1789408020.5509677,1789408020.5502858,14.933774156613087,19.039821797992765,1.8373244640695934,4.5102810375396984e-17,-4.440892098500626e-16,-2.220446049250313e-16,0.6721430886672219,184
1789408020.5606441,1789408020.5602539,14.933774156613087,19.039821797992765,1.8373244640695934,4.5102810375396984e-17,-4.440892098500626e-16,-2.220446049250313e-16,0.6721430886672219,184
1789408020.5707917,1789408020.5702984,14.933774156613087,19.039821797992765,1.8373244640695934,4.5102810375396984e-17,-4.440892098500626e-16,-2.220446049250313e-16,0.6721430886672219,184
1789408020.5810115,1789408020.5803275,14.933774156613087,19.039821797992765,1.8373244640695934,4.5102810375396984e-17,-4.440892098500626e-16,-2.220446049250313e-16,0.6721430886672219,184
1789408020.5911498,1789408020.5903049,14.933774156613087,19.039821797992765,1.8373244640695934,4.5102810375396984e-17,-4.440892098500626e-16,-2.220446049250313e-16,0.6721430886672219,184
1789408020.6010034,1789408020.6002676,14.933774156613087,19.039821797992765,1.8373244640695934,4.5102810375396984e-17,-4.440892098500626e-16,-2.220446049250313e-16,0.6721430886672219,184
1789408020.6111138,1789408020.6103911,14.933774156613087,19.039821797992765,1.8373244640695934,4.5102810375396984e-17,-4.440892098500626e-16,-2.220446049250313e-16,0.6721430886672219,184
1789408020.621374,1789408020.6204772,14.933774156613087,19.039821797992765,1.8373244640695934,4.5102810375396984e-17,-4.440892098500626e-16,-2.220446049250313e-16,0.6721430886672219,184
1789408020.6312058,1789408020.6302857,14.933774156613087,19.039821797992765,1.8373244640695934,4.5102810375396984e-17,-4.440892098500626e-16,-2.220446049250313e-16,0.6721430886672219,184
1789408020.641028,1789408020.6403868,14.933774156613087,19.039821797992765,1.8373244640695934,4.5102810375396984e-17,-4.440892098500626e-16,-2.220446049250313e-16,0.6721430886672219,184
1789408020.6511862,1789408020.6503825,14.933774156613087,19.039821797992765,1.8373244640695934,4.5102810375396984e-17,-4.440892098500626e-16,-2.220446049250313e-16,0.6721430886672219,184
1789408020.6611745,1789408020.6603394,14.933774156613087,19.039821797992765,1.8373244640695934,4.5102810375396984e-17,-4.440892098500626e-16,-2.220446049250313e-16,0.6721430886672219,184
1789408020.6711097,1789408020.6703818,14.933774156613087,19.039821797992765,1.8373244640695934,4.5102810375396984e-17,-4.440892098500626e-16,-2.220446049250313e-16,0.6721430886672219,184
1789408020.6811683,1789408020.6804047,14.933774156613087,19.039821797992765,1.8373244640695934,4.5102810375396984e-17,-4.440892098500626e-16,-2.220446049250313e-16,0.6721430886672219,184
1789408020.691217,1789408020.6903245,14.933774156613087,19.039821797992765,1.8373244640695934,4.5102810375396984e-17,-4.440892098500626e-16,-2.220446049250313e-16,0.6721430886672219,184
1789408020.7009795,1789408020.7002933,14.933774156613087,19.039821797992765,1.8373244640695934,4.5102810375396984e-17,-4.440892098500626e-16,-2.220446049250313e-16,0.6721430886672219,184
1789408020.7110538,1789408020.7102935,14.933774156613087,19.039821797992765,1.8373244640695934,4.5102810375396984e-17,-4.440892098500626e-16,-2.220446049250313e-16,0.6721430886672219,184
1789408020.7211115,1789408020.7203176,14.933774156613087,19.039821797992765,1.8373244640695934,4.5102810375396984e-17,-4.440892098500626e-16,-2.220446049250313e-16,0.6721430886672219,184
1789408020.7311635,1789408020.730295,14.933774156613087,19.039821797992765,1.8373244640695934,4.5102810375396984e-17,-4.440892098500626e-16,-2.220446049250313e-16,0.6721430886672219,184
1789408020.7410445,1789408020.740294,14.933774156613087,19.039821797992765,1.8373244640695934,4.5102810375396984e-17,-4.440892098500626e-16,-2.220446049250313e-16,0.6721430886672219,184
1789408020.7510722,1789408020.750306,14.933774156613087,19.039821797992765,1.8373244640695934,4.5102810375396984e-17,-4.440892098500626e-16,-2.220446049250313e-16,0.6721430886672219,184
1789408020.7610264,1789408020.7603137,14.933774156613087,19.039821797992765,1.8373244640695934,4.5102810375396984e-17,-4.440892098500626e-16,-2.220446049250313e-16,0.6721430886672219,184
1789408020.7711742,1789408020.7702718,14.933774156613087,19.039821797992765,1.8373244640695934,4.5102810375396984e-17,-4.440892098500626e-16,-2.220446049250313e-16,0.6721430886672219,184
1789408020.7811322,1789408020.7803006,14.933774156613087,19.039821797992765,1.8373244640695934,4.5102810375396984e-17,-4.440892098500626e-16,-2.220446049250313e-16,0.6721430886672219,184
1789408020.7911544,1789408020.7902794,14.933774156613087,19.039821797992765,1.8373244640695934,4.5102810375396984e-17,-4.440892098500626e-16,-2.220446049250313e-16,0.6721430886672219,184
1789408020.8012955,1789408020.800297,14.933774156613087,19.039821797992765,1.8373244640695934,4.5102810375396984e-17,-4.440892098500626e-16,-2.220446049250313e-16,0.6721430886672219,184
1789408020.8112495,1789408020.810266,14.933774156613087,19.039821797992765,1.8373244640695934,4.5102810375396984e-17,-4.440892098500626e-16,-2.220446049250313e-16,0.6721430886672219,184
1789408020.8211532,1789408020.8202877,14.933774156613087,19.039821797992765,1.8373244640695934,4.5102810375396984e-17,-4.440892098500626e-16,-2.220446049250313e-16,0.6721430886672219,184
1789408020.8311856,1789408020.830281,14.933774156613087,19.039821797992765,1.8373244640695934,4.5102810375396984e-17,-4.440892098500626e-16,-2.220446049250313e-16,0.6721430886672219,184
1789408020.8411274,1789408020.8402953,14.933774156613087,19.039821797992765,1.8373244640695934,4.5102810375396984e-17,-4.440892098500626e-16,-2.220446049250313e-16,0.6721430886672219,184
1789408020.851031,1789408020.850287,14.933774156613087,19.039821797992765,1.8373244640695934,4.5102810375396984e-17,-4.440892098500626e-16,-2.220446049250313e-16,0.6721430886672219,184
1789408020.8610237,1789408020.860289,14.933774156613087,19.039821797992765,1.8373244640695934,4.5102810375396984e-17,-4.440892098500626e-16,-2.220446049250313e-16,0.6721430886672219,184
1789408020.871188,1789408020.8702922,14.933774156613087,19.039821797992765,1.8373244640695934,4.5102810375396984e-17,-4.440892098500626e-16,-2.220446049250313e-16,0.6721430886672219,184
1789408020.881139,1789408020.8803155,14.933774156613087,19.039821797992765,1.8373244640695934,4.5102810375396984e-17,-4.440892098500626e-16,-2.220446049250313e-16,0.6721430886672219,184
1789408020.8911393,1789408020.8902838,14.933774156613087,19.039821797992765,1.8373244640695934,4.5102810375396984e-17,-4.440892098500626e-16,-2.220446049250313e-16,0.6721430886672219,184
1789408020.9011016,1789408020.9002964,14.933774156613087,19.039821797992765,1.8373244640695934,4.5102810375396984e-17,-4.440892098500626e-16,-2.220446049250313e-16,0.6721430886672219,184
1789408020.9108515,1789408020.9103057,14.933774156613087,19.039821797992765,1.8373244640695934,4.5102810375396984e-17,-4.440892098500626e-16,-2.220446049250313e-16,0.6721430886672219,184
1789408020.9211352,1789408020.920296,14.933774156613087,19.039821797992765,1.8373244640695934,4.5102810375396984e-17,-4.440892098500626e-16,-2.220446049250313e-16,0.6721430886672219,184
1789408020.9310923,1789408020.930293,14.933774156613087,19.039821797992765,1.8373244640695934,4.5102810375396984e-17,-4.440892098500626e-16,-2.220446049250313e-16,0.6721430886672219,184
1789408020.9410784,1789408020.940291,14.933774156613087,19.039821797992765,1.8373244640695934,4.5102810375396984e-17,-4.440892098500626e-16,-2.220446049250313e-16,0.6721430886672219,184
1789408020.9508939,1789408020.950295,14.933774156613087,19.039821797992765,1.8373244640695934,4.5102810375396984e-17,-4.440892098500626e-16,-2.220446049250313e-16,0.6721430886672219,184
1789408020.961102,1789408020.9602664,14.933774156613087,19.039821797992765,1.8373244640695934,4.5102810375396984e-17,-4.440892098500626e-16,-2.220446049250313e-16,0.6721430886672219,184
1789408020.9710574,1789408020.970289,14.933774156613087,19.039821797992765,1.8373244640695934,4.5102810375396984e-17,-4.440892098500626e-16,-2.220446049250313e-16,0.6721430886672219,184
1789408020.9810612,1789408020.9803107,14.933774156613087,19.039821797992765,1.8373244640695934,4.5102810375396984e-17,-4.440892098500626e-16,-2.220446049250313e-16,0.6721430886672219,184
1789408020.9913242,1789408020.9903042,14.933774156613087,19.039821797992765,1.8373244640695934,4.5102810375396984e-17,-4.440892098500626e-16,-2.220446049250313e-16,0.6721430886672219,184
1789408021.001124,1789408021.000301,17.833327702481125,20.893175811233068,1.8432200865428783,5.4052725704548275,4.253475666690473,-0.6128553736876944,2.24092392573887,184
1789408021.0108423,1789408021.0103006,17.887972436312385,20.935842629186254,1.837166460112412,5.441199188585144,4.214886492860782,-0.5883919660684276,2.3040978925846645,184
1789408021.020958,1789408021.0203202,17.942660164500815,20.977860124071277,1.8314018916392372,5.478347854730268,4.17425895669928,-0.5623315336713122,2.36743052113107,184
1789408021.0309386,1789408021.030287,17.99729454732703,21.01913706761838,1.825947924551826,5.516329723740037,4.131910113848109,-0.534986433240535,2.4307699453869693,184
1789408021.040805,1789408021.0402896,18.052489487386424,21.06011539242737,1.8207558285167535,5.555244149523525,4.087574437731862,-0.5062984701685298,2.494792269137403,184
1789408021.0509195,1789408021.0502906,18.10886743309764,21.101215521827445,1.815787568922359,5.595192654970336,4.040907345849253,-0.4761672469950957,2.5601872498374334,184
1789408021.061036,1789408021.0603843,18.165080592681612,21.141432218979354,1.8111732329743977,5.63485272915589,3.993202119652105,-0.4455599308830822,2.625361596449653,184
1789408021.0710633,1789408021.070297,18.221319080723173,21.180906901207535,1.8068952151460238,5.673983315061817,3.9444991163375733,-0.4146349170331339,2.6905099294865864,184
1789408021.0810812,1789408021.0803032,18.27744941562293,21.219554297842738,1.8029595134189973,5.712120183930321,3.895093215130676,-0.38371239430594184,2.7554558480694844,184
1789408021.090994,1789408021.0903175,18.33512844657673,21.258496974608455,1.7992568345623545,5.749966322085398,3.8436604443301867,-0.3521210481412766,2.8220942420795465,184
1789408021.1008573,1789408021.1002953,18.393313503998424,21.29700433937539,1.7958638546924643,5.786369318185153,3.7912449917148767,-0.3206784429848787,2.8891988389017045,184
1789408021.1109924,1789408021.1103024,18.393313503998424,21.29700433937539,1.7958638546924643,5.786369318185153,3.7912449917148767,-0.3206784429848787,2.8891988389017045,184
1789408021.1211343,1789408021.120384,18.509672410729188,21.371746292444108,1.7900642239803404,5.852249131717067,3.6853244801427087,-0.2599544164247684,3.0229885910094105,184
1789408021.1311243,1789408021.1302595,18.568218706575266,21.408254857368803,1.7876160272374428,5.8811354345261275,3.631674859834305,-0.2308812399914093,3.0900824794569965,184
1789408021.1410213,1789408021.1402857,18.627017714515528,21.444214089508925,1.785453321235842,5.906768715542199,3.577652641111294,-0.2029133423144842,3.1573081162379046,184
1789408021.151034,1789408021.1502805,18.686479928341683,21.479885631398602,1.783550732336821,5.92886959049821,3.522926450576015,-0.17603939994110065,3.2251279723770674,184
1789408021.1610782,1789408021.1602542,18.745152596315393,21.514427975115098,1.781936040427881,5.946544259082144,3.468861642478344,-0.15104534502033456,3.2918844039236284,184
1789408021.1711044,1789408021.1702888,18.804759847119257,21.548882816721736,1.7805439563263636,5.959929443419227,3.4138776365918675,-0.12732027213901975,3.3595388824224117,184
1789408021.1811872,1789408021.1804402,18.864994567896662,21.58307775056377,1.7793716512054507,5.968402805427289,3.358243773773783,-0.10515490948281926,3.42773816281282,184
1789408021.1909206,1789408021.1902964,18.92407039307183,21.616036740028054,1.7784310912292791,5.97141790501842,3.3035802023154086,-0.08526574290361899,3.494464903925429,184
1789408021.201007,1789408021.2002969,18.9849715769337,21.649446063718937,1.7776575440793307,5.968659739330938,3.2470718314799245,-0.06674877091504226,3.563091324822048,184
1789408021.2110183,1789408021.2102513,18.9849715769337,21.649446063718937,1.7776575440793307,5.968659739330938,3.2470718314799245,-0.06674877091504226,3.563091324822048,184
1789408021.2211533,1789408021.2203836,19.103329955856015,21.71284472525298,1.7766433518971343,5.944803330741195,3.1365040176294063,-0.036718092259119706,3.696012826893577,184
1789408021.2311053,1789408021.2302942,19.162171441719494,21.74366845812213,1.7763401993135,5.923120629422878,3.0809776027271583,-0.024771022757785144,3.761884366102708,184
1789408021.2411497,1789408021.2403173,19.221156111598724,21.77414147257975,1.7761444308242695,5.894336444386857,3.0247862230267084,-0.014796752559579391,3.827784584750355,184
1789408021.2511053,1789408021.2502952,19.280103899522736,21.804196937548333,1.7760376951003098,5.85812601133741,2.9679571275826797,-0.006825080923813484,3.8935186259154095,184
1789408021.261229,1789408021.2603292,19.338696644015332,21.833703134392962,1.7760007798227633,5.814350125874206,2.9106416340043997,-0.0008605132627132082,3.9587398007897896,184
1789408021.2711463,1789408021.2702942,19.3969074629922,21.86267900767617,1.7760139529558305,5.762749722389726,2.852700367025066,0.0031617369484640626,4.023427311620951,184
1789408021.2810843,1789408021.2803018,19.4537220785067,21.890658787601254,1.7760573248064426,5.704160537317341,2.7949936832534084,0.0052988532359348455,4.0864656619599895,184
1789408021.2912235,1789408021.2902977,19.51039207220769,21.91829368720312,1.7761137861583987,5.637172586058108,2.736083758879912,0.005721625345449611,4.149254102248947,184
1789408021.3013024,1789408021.300322,19.5673763441649,21.945828443277414,1.7761671052112598,5.5607139033524975,2.6752475273320324,0.0044890056157891635,4.212307347790144,184
1789408021.3111176,1789408021.310267,19.5673763441649,21.945828443277414,1.7761671052112598,5.5607139033524975,2.6752475273320324,0.0044890056157891635,4.212307347790144,184
1789408021.3211176,1789408021.3202999,19.675716598705144,21.99755555998032,1.776198782723441,5.388201923783484,2.5541598868786553,-0.0021555581530858237,4.181932672624206,197
1789408021.3311684,1789408021.3303018,19.729730960137324,22.023076697494695,1.7761513432192384,5.287816984919815,2.4905741939849406,-0.0074078718214517225,4.144091607321631,197
1789408021.340884,1789408021.3402972,19.78178446348289,22.047524834617178,1.7760478056641678,5.181260210788022,2.4268720198322233,-0.01356893039840736,4.1082010284897175,197
1789408021.3509812,1789408021.3502874,19.833674910264737,22.07176899445392,1.7758750032051844,5.064812861612692,2.360665826632815,-0.02068180963073089,4.072981935109509,197
1789408021.360869,1789408021.3603008,19.88288166772815,22.094655725530906,1.775635067034493,4.944316133060006,2.295051341590142,-0.028218512890843143,4.0400961618236835,197
1789408021.3709798,1789408021.370369,19.931896097656928,22.117365919560793,1.7753109458294973,4.81385114492323,2.2265873967990477,-0.036380867342319136,4.007830763537581,197
1789408021.3809724,1789408021.3803065,19.979286275638255,22.13925297252686,1.7749059073214097,4.6770738364583835,2.1570617585406104,-0.04477933589846992,3.977098128964724,197
1789408021.3909585,1789408021.3902981,20.02552647025333,22.16055328937591,1.7744133862360398,4.53275724299387,2.085659596423243,-0.05333355492245861,3.9475475347355484,197
1789408021.4010317,1789408021.400292,20.070474215053906,22.181216047252274,1.7738324741720704,4.381363071669258,2.012446908246193,-0.061863338043935054,3.919233055753957,197
1789408021.4108367,1789408021.410264,20.070474215053906,22.181216047252274,1.7738324741720704,4.381363071669258,2.012446908246193,-0.061863338043935054,3.919233055753957,197
1789408021.4209871,1789408021.420293,20.15529549768474,22.220132109887302,1.7724252852364066,4.062370654452647,1.8622804577074499,-0.07802969283232065,3.866891454188763,197
1789408021.431162,1789408021.4303215,20.19478764440629,22.238233119655124,1.7716143798059452,3.8971755083315633,1.786073317067235,-0.08532781511427424,3.843003064783505,197
1789408021.441029,1789408021.4402862,20.232785126345124,22.25564808468131,1.770729954400961,3.726925617728342,1.7083115028017082,-0.0920313126381934,3.8203041336718497,197
1789408021.4510958,1789408021.450284,20.269353819354468,22.272414150239044,1.7697743834795148,3.5515352666324214,1.6288196336731637,-0.09804278075767228,3.7987203406392864,197
1789408021.4609573,1789408021.4602861,20.303958231251144,22.288291323094732,1.7687682640118578,3.3740153618584476,1.548825120268182,-0.1031839946656998,3.77852951144829,197
1789408021.4708712,1789408021.470285,20.336499704325206,22.303238128932254,1.7677245665920887,3.1956675266797063,1.4687790041924353,-0.10738026390610231,3.759746886205185,197
1789408021.4809277,1789408021.4802518,20.367739987019085,22.31760748745195,1.766626581172079,3.012798408686233,1.3869105722311947,-0.1106645962704631,3.7418989836744205,197
1789408021.4909744,1789408021.4902914,20.396455536058106,22.33083797918977,1.7655277752862188,2.8333732645977925,1.306682454582131,-0.11287760269304566,3.7256494124782917,197
1789408021.5009675,1789408021.5002825,20.396455536058106,22.33083797918977,1.7655277752862188,2.8333732645977925,1.306682454582131,-0.11287760269304566,3.7256494124782917,197
1789408021.5108063,1789408021.5102856,20.449956883476027,22.355563734700613,1.763226714360733,2.4647771902067723,1.1418142552676736,-0.11426082482646943,3.6957611043072522,197
1789408021.5208337,1789408021.520288,20.47387856629028,22.366659449204267,1.7620788066582191,2.282641562972905,1.060171358703203,-0.11335993046908968,3.6825544906091623,197
1789408021.5309396,1789408021.5302851,20.49541888632312,22.376677033512166,1.7609746608604968,2.1074883803710023,0.9814692266858571,-0.11149446678281524,3.67074184133728,197
1789408021.5409422,1789408021.540327,20.51551695556812,22.38605012500684,1.7598786746774846,1.9329289420871547,0.9027991657639809,-0.10865047838818659,3.659784954565296,197
1789408021.5508807,1789408021.5502944,20.5341820730415,22.394781178931183,1.7587985209337824,1.7594604699984575,0.8243428936745862,-0.1048373618100904,3.6496623722651704,197
1789408021.5610497,1789408021.5603006,20.550847462081105,22.402601476071187,1.7577782537581998,1.5935587060280554,0.7490093463804343,-0.10025486312929285,3.64066465245723,197
1789408021.5712366,1789408021.570383,20.566149941824857,22.40980589532352,1.7567900428275554,1.4301763862247072,0.6744961099644509,-0.09482930720081402,3.6324334651174612,197
1789408021.581156,1789408021.5803885,20.579699559524656,22.416206938606294,1.755869293291562,1.2747304858952064,0.6032702470390509,-0.08880556336493711,3.6251669594537392,197
1789408021.5908732,1789408021.5902586,20.59157448094398,22.42183649746726,1.75502267181215,1.1282675033069782,0.5358603965789588,-0.0823619565455271,3.6188128211136106,197
1789408021.600987,1789408021.6002855,20.59157448094398,22.42183649746726,1.75502267181215,1.1282675033069782,0.5358603965789588,-0.0823619565455271,3.6188128211136106,197
1789408021.610772,1789408021.6102834,20.6113006716544,22.43124080925661,1.7535175444888471,0.8571815656839586,0.4104993109970945,-0.06859969103352233,3.6082752861414407,197
1789408021.6208959,1789408021.620286,20.61936187001532,22.43511097179236,1.7528572162714688,0.7329646617114826,0.35288846185256734,-0.061537194080792675,3.603967462531252,197
1789408021.6311312,1789408021.6302834,20.626034178298188,22.438333025595334,1.7522836553515482,0.6220562278455322,0.3014185507204125,-0.054838231100610396,3.6003943701955436,197
1789408021.6409135,1789408021.6403089,20.62267649774766,22.436709035503675,1.7525757764640237,0.5431226189007017,0.2622403895401599,-0.04665459741416208,3.6021937400503234,197
1789408021.650982,1789408021.6503832,20.62776159158876,22.43917093169027,1.7521302619813914,0.473525064632879,0.22994278430514237,-0.042362105718159584,3.5994672425072705,197
1789408021.660877,1789408021.6602957,20.632201797563322,22.441334260985354,1.7517245866421471,0.408973661182934,0.20000609849733272,-0.03821421755823517,3.5970777147629067,197
1789408021.6708846,1789408021.6702857,20.63597110536972,22.443185187888922,1.7513644331032925,0.3508686108681952,0.17309873936789247,-0.03433791112905356,3.595038323052679,197
1789408021.6808894,1789408021.6802914,20.639206666814943,22.444789784358992,1.751039967839259,0.2981672512762424,0.14875419104302653,-0.03069726269327425,3.5932745622457403,197
1789408021.6909363,1789408021.6902966,20.641944026680804,22.446164594337574,1.75075053459734,0.2513354006753146,0.12720273930706721,-0.027351926619185566,3.591766988846205,197
1789408021.7010992,1789408021.7002828,20.641944026680804,22.446164594337574,1.75075053459734,0.2513354006753146,0.12720273930706721,-0.027351926619185566,3.591766988846205,197
1789408021.7108808,1789408021.7102542,20.646150231589644,22.44833121757414,1.750265113386788,0.17631262368459477,0.09286373392132749,-0.021807431805263747,3.5893997718542434,197
1789408021.7207456,1789408021.7202878,20.647785072433436,22.44920255771532,1.7500554373153843,0.1479814507058105,0.07988215097318203,-0.01973385426775205,3.5884515934875076,197
1789408021.7309425,1789408021.7302852,20.649142412526754,22.449943851535735,1.749867448193805,0.12699515467672368,0.07017358358738805,-0.0182967821589183,3.5876469890209504,197
1789408021.7408497,1789408021.740286,20.650332922588902,22.450607883547057,1.749689391154503,0.11279998972417758,0.06343288486932273,-0.017507574005624197,3.58692779015967,197
1789408021.7509181,1789408021.7502823,20.651419425890495,22.451220952911537,1.7495151944221752,0.1059484256118011,0.05978943230208445,-0.01751165336444974,3.5862646641001557,197
1789408021.760777,1789408021.7602513,20.652478674691775,22.45181385631821,1.7493356418339063,0.10753937158638024,0.059432972140180326,-0.018636973163758664,3.585623214437725,197
1789408021.7710555,1789408021.7704065,20.653614821288524,22.45242799911111,1.7491353415161053,0.11876180705534137,0.06258329963479203,-0.021228663038795125,3.584957263479303,197
1789408021.7809696,1789408021.7803864,20.65489779384936,22.453082978823097,1.7489038182406749,0.1400950869948593,0.06927351770435623,-0.02546287968750758,3.58424409610484,197
1789408021.7909734,1789408021.7902727,20.65644302277228,22.453820982216204,1.7486216566223092,0.17211650457427224,0.07957594990312909,-0.03153428684800313,3.58343646142199,197
1789408021.8010366,1789408021.8002872,20.65644302277228,22.453820982216204,1.7486216566223092,0.17211650457427224,0.07957594990312909,-0.03153428684800313,3.58343646142199,197
1789408021.8108506,1789408021.8102548,20.66078646244178,22.455704010565608,1.747822995130124,0.2701955454280807,0.11135197688698527,-0.04978222204872133,3.5813604762530464,197
1789408021.8208892,1789408021.820313,20.663821747424155,22.456926220420613,1.7472633522254006,0.3367421048982797,0.13288107801863766,-0.062132309968162665,3.5800059367068466,197
1789408021.8309097,1789408021.8302946,20.667586051864404,22.45838414546692,1.74656805923475,0.4146385299562172,0.15799329431260895,-0.07667806855266053,3.57838683126502,197
1789408021.84109,1789408021.8403065,20.67214219841459,22.460094552153844,1.7457240583771612,0.502515336140684,0.18619583258649858,-0.09325673959678804,3.5764857246627266,197
1789408021.851243,1789408021.85038,20.677776600573583,22.462156583776896,1.7446759350185037,0.603179218630684,0.2183513492901757,-0.11247460690964108,3.574194549187291,197
1789408021.8611026,1789408021.8602974,20.684204944712988,22.464461191719483,1.7434739860832675,0.709459903841951,0.2521554158116918,-0.13300625674603622,3.571637584141389,197
1789408021.8709779,1789408021.870265,20.69198951328257,22.467205128718124,1.7420101020010135,0.8286257549304692,0.28991972172030706,-0.15628247612304533,3.568601050179812,197
1789408021.8811793,1789408021.8803766,20.700777603997565,22.470259365204967,1.7403475467063314,0.9533351486916809,0.32932899805662375,-0.18088165937894193,3.5652336730507677,197
1789408021.8911285,1789408021.8902783,20.710972324817384,22.47376119757044,1.7384073299989335,1.0877570961702094,0.37172853716907117,-0.20761314483854945,3.5613914795063244,197
1789408021.901175,1789408021.900387,20.710972324817384,22.47376119757044,1.7384073299989335,1.0877570961702094,0.37172853716907117,-0.20761314483854945,3.5613914795063244,197
1789408021.9108946,1789408021.91029,20.735877116389997,22.482193634471567,1.7336359856558028,1.3826833212388348,0.4645674946764804,-0.26507444792524704,3.5522315153485233,197
1789408021.9208999,1789408021.920426,20.750508387768374,22.487092614857822,1.7308377281848064,1.5396868041501808,0.5138964464449794,-0.29350046111798267,3.546974248054274,197
1789408021.9310102,1789408021.9302626,20.766455293690488,22.492399614651287,1.72781406309505,1.7003557213147547,0.5643410577603899,-0.32042976786908883,3.541335319194902,197
1789408021.9408576,1789408021.940256,20.78418079895252,22.49826774261592,1.7245014730444985,1.8682965167230954,0.6170693524372795,-0.34600736975049723,3.5351702475328968,197
1789408021.9508793,1789408021.950286,20.80409842857349,22.504831759244272,1.7208547811221948,2.0457371159421367,0.6728330379949473,-0.3700515552593292,3.5283634383550173,197
1789408021.9608235,1789408021.9602835,20.82505250967864,22.511711313596184,1.717115892599816,2.221439463763346,0.7281630199746356,-0.39080433146763943,3.521332776306694,197
1789408021.9708242,1789408021.970286,20.848373973648602,22.519344745054475,1.7130795789485012,2.4056020347889393,0.786373029819642,-0.40949591558760884,3.5136576089394933,197
1789408021.9809651,1789408021.9802947,20.873141895946905,22.5274328057627,1.7089367384685303,2.5897331311608154,0.8449430239319445,-0.4256465199709118,3.5056718946523726,197
1789408021.991002,1789408021.9902928,20.89973781568054,22.53610469707581,1.7046447154800994,2.775917727840843,0.904682045496372,-0.43992693931606464,3.497279122685596,197
1789408022.0011451,1789408022.0002854,20.92862622413856,22.545517448403437,1.700151965207998,2.9661830864803065,0.9663977001869215,-0.45282178949401175,3.488369343219937,197
1789408022.0109715,1789408022.0102932,20.959670632279707,22.55563385705918,1.6955013517340103,3.1583006655157533,1.0295287134567084,-0.4644501458214079,3.479026897959107,197
1789408022.0210037,1789408022.0204089,20.99242545310646,22.566317535695735,1.6907722318971752,3.348612502024222,1.0930046309563173,-0.474863381836034,3.469423855999666,197
1789408022.0310225,1789408022.0303953,21.026099033927068,22.577319302678887,1.6860789668251726,3.532340930479196,1.1553023881397906,-0.48407175282296333,3.4598176900013935,197
1789408022.0410957,1789408022.0404317,21.062661980462956,22.5892942583362,1.6811535970022495,3.7197576407874813,1.2201149691680941,-0.49278228163137244,3.4496873143657587,197
1789408022.0508907,1789408022.0503008,21.10048475638898,22.601723084111903,1.6762230741123978,3.9022549321730047,1.284812104416202,-0.5007760946861662,3.4395300865193805,197
1789408022.061249,1789408022.0603058,21.10048475638898,22.601723084111903,1.6762230741123978,3.9022549321730047,1.284812104416202,-0.5007760946861662,3.4395300865193805,197
1789408022.0709248,1789408022.0702686,21.182556160222255,22.6288827625076,1.6660068482906507,4.264668624636565,1.419229124345073,-0.5158877706759262,3.4185845589402453,197
1789408022.0813394,1789408022.0803847,21.225716844022614,22.64329402689294,1.66085499693883,4.439137878796388,1.4873289413992383,-0.5230918111776591,3.408154987307347,197
1789408022.0909824,1789408022.0902863,21.27129044696569,22.65862253539247,1.6555513798437398,4.612534738351112,1.55756984794392,-0.5303754174546611,3.397570849368956,197
1789408022.1011422,1789408022.1002848,21.27129044696569,22.65862253539247,1.6555513798437398,4.612534738351112,1.55756984794392,-0.5303754174546611,3.397570849368956,197
1789408022.111022,1789408022.1103733,21.366827589423867,22.691172177553415,1.6448039025773034,4.943016086581514,1.6996440805830082,-0.5450346120124109,3.3767890811491363,197
1789408022.1210897,1789408022.1202958,21.417105969429915,22.708547655855583,1.6393094253338676,5.100736306191374,1.771717611039037,-0.5527135897692846,3.3666096843114657,197
1789408022.1309283,1789408022.1303024,21.469164154187162,22.726726709693384,1.6337118339907435,5.2533662385048805,1.844370398800831,-0.5607906513751935,3.356619242927668,197
1789408022.140879,1789408022.1402895,21.52241537238983,22.745526011589284,1.6280638217630217,5.398841610892959,1.9165240300860724,-0.5691957567430836,3.3469801166061472,197
1789408022.1508431,1789408022.1502879,21.576605220374677,22.764871614241,1.622380401875435,5.5362567728849985,1.9875815522730598,-0.5778441951946418,3.3377776144037417,197
1789408022.160834,1789408022.1602883,21.63206796590831,22.78489827978059,1.6166155820521646,5.66613293406178,2.0576989128255083,-0.5866946431021856,3.3289982980177335,197
1789408022.1708243,1789408022.1702917,21.68977746074822,22.80598078863636,1.6106599116320357,5.789848858577428,2.127709743288002,-0.595685870820198,3.3205572772043683,197
1789408022.1810124,1789408022.1802878,21.748575202266718,22.827719165816468,1.6046273121169121,5.9035679883501455,2.1958323482971047,-0.6040785811967319,3.3126921233955495,197
1789408022.1910148,1789408022.1902945,21.808873415243905,22.8502870091179,1.5984738788555348,6.007042454136939,2.262298724887165,-0.6113557163738829,3.305402311010411,197
1789408022.201098,1789408022.200252,21.868162078189684,22.87275404481469,1.592456928303931,6.095832095209202,2.32433680969841,-0.6168135635137659,3.2990041582688296,197
1789408022.211,1789408022.210378,21.93017715596841,22.896556201990947,1.5862034067033086,6.175160541478628,2.385788008809232,-0.6204198600572717,3.293130064156952,197
1789408022.2209632,1789408022.2203636,21.99239207812986,22.920755220836643,1.5799786933890811,6.241131586453783,2.443997610069912,-0.6216543027069998,3.288077798536745,197
1789408022.2310824,1789408022.2302935,22.054452927809606,22.945225187034957,1.5738283324602091,6.293537108939084,2.498648199403308,-0.6203310014077515,3.2838755692230914,197
1789408022.2410033,1789408022.2403002,22.11738789309861,22.97039013782978,1.5676635996168269,6.333096442905768,2.5505434421482445,-0.6162424085730764,3.2804656038841578,197
1789408022.2509816,1789408022.250325,22.181722538768444,22.99649416164506,1.5614512832916334,6.35962702431812,2.5999293247150863,-0.6091145589186624,3.2778617685704305,197
1789408022.260766,1789408022.2602742,22.2450592383817,23.022583915826672,1.555439233185203,6.372335259720306,2.6449662652116714,-0.5991436639372314,3.276163833645238,197
1789408022.2712326,1789408022.2703996,22.30934186625327,23.049477253164465,1.5494597337185918,6.371993931227085,2.687077199267779,-0.5860203151627864,3.2753117242126484,197
1789408022.2812018,1789408022.280329,22.37266819444174,23.076396754020866,1.5437072682878887,6.35889657307877,2.725000914251764,-0.5701429238915903,3.2753225711577776,197
1789408022.2909234,1789408022.2903023,22.435625998125918,23.103598312338843,1.5381422953931718,6.333574880787631,2.759161726512825,-0.5514881843326452,3.276161186098884,197
1789408022.3010318,1789408022.3002827,22.435625998125918,23.103598312338843,1.5381422953931718,6.333574880787631,2.759161726512825,-0.5514881843326452,3.276161186098884,197
1789408022.3111646,1789408022.3103995,22.561474050384703,23.159365914652824,1.5275546509614055,6.2472083856320015,2.816633627552981,-0.5058692693531645,3.280272505200618,197
1789408022.320876,1789408022.320302,22.624005490065233,23.1878105018943,1.5225993295591382,6.187040877873132,2.8396615714309625,-0.47924668117784414,3.283501176823816,197
1789408022.3309326,1789408022.3302598,22.685533622894425,23.216305077804883,1.5179482933617578,6.116945120400047,2.858596319092622,-0.4506239598564368,3.2874315346837184,197
1789408022.3412492,1789408022.3402956,22.74651954478955,23.245067664917208,1.5135787654890664,6.036959507833815,2.8735652290653233,-0.4199958774269676,3.292053213048653,197
1789408022.3511214,1789408022.350284,22.80695474561898,23.274104274993654,1.5095056248942216,5.94745837407736,2.8844565319659274,-0.38756280435004287,3.29733443468505,197
1789408022.3610988,1789408022.360283,22.865002886287332,23.30251727058192,1.5058539168422114,5.851907913061,2.890969159494517,-0.3546039992185319,3.3030532833574995,197
1789408022.3710947,1789408022.3703055,22.924116087417936,23.332002409949016,1.5024179420998647,5.744896843690955,2.893309617962925,-0.3193850971022377,3.309516584710084,197
1789408022.381255,1789408022.3802965,22.981127241768093,23.36098892234099,1.4993941462579239,5.632292003659315,2.8911042130750353,-0.28401016737811646,3.3163507642303554,197
1789408022.3912272,1789408022.390403,23.03592236883758,23.389379439936874,1.496774725713937,5.5152113404668714,2.8844363560264306,-0.24889119112694782,3.323465625595306,197
1789408022.4010673,1789408022.4003098,23.03592236883758,23.389379439936874,1.496774725713937,5.5152113404668714,2.8844363560264306,-0.24889119112694782,3.323465625595306,197
1789408022.4110324,1789408022.410288,23.144415350358123,23.447207860225074,1.4924887733774725,5.2569577965490355,2.855974613599497,-0.17695199275920415,3.339100555146071,197
1789408022.4207537,1789408022.4202845,23.196451645068855,23.475742836813552,1.4908913388857705,5.120000059949566,2.8339914492891753,-0.14174088153247552,3.3473164896580614,197
1789408022.4311078,1789408022.43028,23.24702492163382,23.503994256530337,1.4896446329325752,4.978210402154691,2.8066468137618177,-0.10736985864301515,3.355740024926439,197
1789408022.441078,1789408022.4402921,23.295863052010233,23.53177702357758,1.4887415480691302,4.832665285281475,2.774017045186235,-0.07425577676903738,3.3642807867679876,197
1789408022.4511104,1789408022.4503012,23.34355226098612,23.559395439289318,1.4881589920992218,4.681806410580122,2.735602080207595,-0.042215100155981976,3.373002172437741,197
1789408022.461295,1789408022.4603107,23.38905910341668,23.586214577676923,1.4878918561726648,4.529202407198842,2.6923175541650126,-0.0121215705720291,3.38167250764,197
1789408022.4715905,1789408022.4702883,23.43402000984188,23.613172236009493,1.487917711212011,4.36946349068468,2.6425853660820313,0.01693396005761448,3.3905685629297415,197
1789408022.4814029,1789408022.4802828,23.47642244232294,23.63902970718738,1.4882179677313372,4.209935212644507,2.5886801650700275,0.043502795501440504,3.3992542333722544,197
1789408022.4910274,1789408022.4903078,23.518361803442446,23.665034460121273,1.4887902389450856,4.04286685117367,2.5279287457577144,0.06875352360155454,3.4081225281226026,197
1789408022.5011592,1789408022.5003088,23.518361803442446,23.665034460121273,1.4887902389450856,4.04286685117367,2.5279287457577144,0.06875352360155454,3.4081225281226026,197
1789408022.5111651,1789408022.5103292,23.595372655841295,23.713956268823768,1.4905960533108054,3.708750403226005,2.394027226131689,0.11155422406926417,3.4251054605774676,197
1789408022.5212555,1789408022.5203438,23.631758799871562,23.737627562371582,1.4918095491754992,3.536751574680496,2.3189820807229675,0.12969426350983196,3.4334336237819754,197
1789408022.531304,1789408022.5304089,23.66621687553723,23.760393244863213,1.493184700005147,3.3641906791839236,2.239707125700239,0.14531096832494297,3.4414930773722925,197
1789408022.5412245,1789408022.5403244,23.699224101807015,23.78253310420406,1.494717421654311,3.1889838007509064,2.1552617308354125,0.15858167749015648,3.4493648878276426,197
1789408022.5510798,1789408022.5502858,23.729708389932302,23.803283641749026,1.4963288811396138,3.0174554250320145,2.068841282127775,0.16911004320232975,3.4567612786455997,197
1789408022.5613868,1789408022.5602992,23.759465312680142,23.823833704747464,1.4980919474643088,2.8398163005714947,1.975540241628072,0.17750683285180294,3.464092255329803,197
1789408022.5710528,1789408022.5702825,23.786923540669086,23.84306802402193,1.499893552699041,2.66570675606564,1.880434740529744,0.18332250875881542,3.470948420361959,197
1789408022.5809703,1789408022.580289,23.812255009610702,23.861056575802063,1.5017119452675423,2.4951367660874557,1.7838337920046465,0.18675877929435492,3.477345752057228,197
1789408022.5909839,1789408022.5902593,23.836651840469347,23.87861562133198,1.503612656740974,2.320453718463925,1.6814622543854685,0.18801351932859958,3.4835666482467054,197
1789408022.6011367,1789408022.6003132,23.858917201768765,23.89485344148209,1.5054824624950236,2.1506872720529873,1.5787007068045695,0.1870874410825215,3.4892892510431657,197
1789408022.6111934,1789408022.6102715,23.87940340929903,23.90998488702376,1.5073236096819251,1.9842855065420413,1.4749003607655653,0.184171298982894,3.4945869568329884,197
1789408022.621298,1789408022.6203177,23.898352694120792,23.924155488267715,1.5091361861506143,1.820116226617121,1.3695520793027685,0.1793836653603967,3.499509169967617,197
1789408022.6313183,1789408022.6303098,23.915968827664553,23.9374905866388,1.5109221154612087,1.6569896272520466,1.2620132078564286,0.17277901894331094,3.5040982393530427,197
1789408022.641333,1789408022.640311,23.9317075885265,23.94954663358934,1.5126059652838753,1.5009650616020658,1.156510558520251,0.16476350857733757,3.508203393782002,197
1789408022.6512246,1789408022.6503098,23.946154699370457,23.960741509910473,1.5142307863305886,1.3473681156238755,1.0501329949614837,0.15526826025910553,3.5119703799600503,197
1789408022.6612628,1789408022.6603396,23.958908896912476,23.970736091292647,1.515733613366784,1.2016320020588007,0.9468902346787521,0.14479705960611666,3.5152896778457863,197
1789408022.6712933,1789408022.6702907,23.970180608669445,23.97966479035787,1.5171201622464574,1.0629925397698428,0.8465760215880623,0.13351707587225603,3.518213294774904,197
1789408022.6812603,1789408022.6803215,23.980181244483735,23.987670148196237,1.5184009157050733,0.9302393683668744,0.7485810187663139,0.12150664619882501,3.520794742788596,197
1789408022.6912017,1789408022.6902833,23.98872240486057,23.994576774671568,1.5195365861507595,0.8075787507831376,0.6563190577630063,0.10934734536559632,3.522985857703372,197
1789408022.7012699,1789408022.700339,23.98872240486057,23.994576774671568,1.5195365861507595,0.8075787507831376,0.6563190577630063,0.10934734536559632,3.522985857703372,197
1789408022.7115474,1789408022.7103329,24.002611814447846,24.005969150991987,1.5214793424694515,0.5820987783899427,0.4822610563939763,0.08426787290106688,3.526507891701972,197
1789408022.7215579,1789408022.7203124,24.007947207258496,24.010409274494133,1.5222633721121672,0.4827731070914274,0.4036595359338617,0.07205385548412327,3.527840724118295,197
1789408022.7313097,1789408022.7303114,24.01232444170192,24.014085018787938,1.522925906119244,0.3930539176875789,0.3315735482818781,0.06037128335672859,3.528921910086235,197
1789408022.740923,1789408022.7402718,24.015786626822546,24.017017607562483,1.5234646053607248,0.3145236409684835,0.2675726237156111,0.04960915287171616,3.5297666654343964,197
1789408022.7510934,1789408022.7504308,24.01861364313035,24.01943244845797,1.5239161615455923,0.24298810594680087,0.20847435772567868,0.03933659783959764,3.530447325290273,197
1789408022.7611897,1789408022.760325,24.020707207453786,24.021235509760974,1.5242590033920793,0.18332013457214935,0.15853766726912455,0.03039377798220333,3.530944251682253,197
1789408022.7713437,1789408022.7702992,24.02228394177517,24.022604196414743,1.5245233159747729,0.13218473028468458,0.11521657202018187,0.022426377480744164,3.531312960992197,197
1789408022.78147,1789408022.7804816,24.02338885829913,24.023570718828758,1.5247127129167317,0.09078816541566526,0.07973439249031733,0.01574074298831135,3.53156731631286,197
1789408022.7910037,1789408022.7904093,24.0241233618494,24.024217992794625,1.524841289553958,0.058431394471631926,0.0516929008742788,0.010340561142502369,3.5317336950097915,197
1789408022.801168,1789408022.8003657,24.0241233618494,24.024217992794625,1.524841289553958,0.058431394471631926,0.0516929008742788,0.010340561142502369,3.5317336950097915,197
1789408022.8115,1789408022.8104534,24.024835413513987,24.02485157574245,1.5249693213724407,0.017199564829834202,0.015432522497255796,0.003163359330532911,3.531891386158636,197
1789408022.8217044,1789408022.8202865,24.02495186927228,24.024956368285217,1.5249909047833616,0.006946133080751871,0.006274427365925206,0.0013004421287020618,3.531916463670385,197
1789408022.8313673,1789408022.8302944,24.024991986061952,24.024992698411292,1.5249984657341726,0.0018380822497836569,0.0016710319733137524,0.00034992357820717856,3.5319249589343857,197
1789408022.841404,1789408022.8403177,24.02499973147898,24.024999754142158,1.5249999479436487,0.00014610816867488552,0.00013365605121773427,2.8260355843245932e-05,3.531926573259019,197
1789408022.8514094,1789408022.850407,24.02500000000001,24.025000000000002,1.5250000000000001,0.0,-2.6645352591003757e-15,0.0,3.5319266284439794,197
1789408022.8616881,1789408022.860471,24.02500000000001,24.025000000000002,1.5250000000000001,0.0,-2.6645352591003757e-15,0.0,3.5319266284439794,197
1789408022.871036,1789408022.8702815,24.02500000000001,24.025000000000002,1.5250000000000001,0.0,-2.6645352591003757e-15,0.0,3.5319266284439794,197
1789408022.8810196,1789408022.8802867,24.02500000000001,24.025000000000002,1.5250000000000001,0.0,-2.6645352591003757e-15,0.0,3.5319266284439794,197
1789408022.891066,1789408022.890286,24.02500000000001,24.025000000000002,1.5250000000000001,0.0,-2.6645352591003757e-15,0.0,3.5319266284439794,197
1789408022.9010088,1789408022.900247,24.02500000000001,24.025000000000002,1.5250000000000001,0.0,-2.6645352591003757e-15,0.0,3.5319266284439794,197
1789408022.9111145,1789408022.910306,24.02500000000001,24.025000000000002,1.5250000000000001,0.0,-2.6645352591003757e-15,0.0,3.5319266284439794,197
1789408022.9208746,1789408022.9202883,24.02500000000001,24.025000000000002,1.5250000000000001,0.0,-2.6645352591003757e-15,0.0,3.5319266284439794,197
1789408022.930932,1789408022.9303687,24.02500000000001,24.025000000000002,1.5250000000000001,0.0,-2.6645352591003757e-15,0.0,3.5319266284439794,197
1789408022.9410625,1789408022.9403815,24.02500000000001,24.025000000000002,1.5250000000000001,0.0,-2.6645352591003757e-15,0.0,3.5319266284439794,197
1789408022.9509327,1789408022.9502816,24.02500000000001,24.025000000000002,1.5250000000000001,0.0,-2.6645352591003757e-15,0.0,3.5319266284439794,197
1789408022.9610095,1789408022.9603767,24.02500000000001,24.025000000000002,1.5250000000000001,0.0,-2.6645352591003757e-15,0.0,3.5319266284439794,197
1789408022.9708915,1789408022.9703686,24.02500000000001,24.025000000000002,1.5250000000000001,0.0,-2.6645352591003757e-15,0.0,3.5319266284439794,197
1789408022.981059,1789408022.9802837,24.02500000000001,24.025000000000002,1.5250000000000001,0.0,-2.6645352591003757e-15,0.0,3.5319266284439794,197
1789408022.9909115,1789408022.9902544,24.02500000000001,24.025000000000002,1.5250000000000001,0.0,-2.6645352591003757e-15,0.0,3.5319266284439794,197
1789408023.0009778,1789408023.000282,24.02500000000001,24.025000000000002,1.5250000000000001,0.0,-2.6645352591003757e-15,0.0,3.5319266284439794,197
1789408023.0107772,1789408023.010246,23.9955975043178,24.003753852119022,1.5386584225241744,-0.7041261273716963,-0.47730815094864604,0.30676178351196176,3.5224780564885836,197
1789408023.0211985,1789408023.020256,23.98794388548926,23.998621733417462,1.5419566982487993,-0.8249478420536457,-0.5474215133902515,0.351804496851078,3.519815005610137,197
1789408023.031321,1789408023.0303955,23.978899957673708,23.992687853704716,1.5457700672813732,-0.9567566023278861,-0.6209312332652391,0.3990300173027805,3.516609737836602,197
1789408023.0417175,1789408023.0403016,23.968728501274793,23.986161101068966,1.54996430652913,-1.094106697880641,-0.6943823710915392,0.4462210272806805,3.512942341909412,197
1789408023.0512285,1789408023.0502636,23.956872876388672,23.978726058720273,1.554742154271075,-1.2428363459096945,-0.770442621886658,0.4950944506203791,3.508598317866023,197
1789408023.0615711,1789408023.0603437,23.943910060052765,23.970785128268083,1.5598450979358616,-1.3943216802892837,-0.8443215986236995,0.542575576114244,3.503777117271461,197
1789408023.0714116,1789408023.0703125,23.929075229849317,23.961913398852875,1.5655463059202985,-1.5561801762665615,-0.9193662892524345,0.5908195987584643,3.4981828200493594,197
1789408023.0809264,1789408023.080282,23.912601910913544,23.95230513134482,1.5717211060248826,-1.724159903615053,-0.9930891883182489,0.6382328144755894,3.491889803004399,197
1789408023.0908709,1789408023.0902848,23.89487123437456,23.942222949753518,1.5782009169309728,-1.893529787325133,-1.0632039698026252,0.6833496227782989,3.4850363960988804,197
1789408023.1009626,1789408023.1002817,23.89487123437456,23.942222949753518,1.5782009169309728,-1.893529787325133,-1.0632039698026252,0.6833496227782989,3.4850363960988804,197
1789408023.1107702,1789408023.1102462,23.853464396012328,23.919604488638843,1.5927401817231504,-2.2526606107342255,-1.1980611136812347,0.7702277272820431,3.4687748880479217,197
1789408023.1209238,1789408023.120283,23.83001015659182,23.907307191061783,1.6006467752265914,-2.437925284744618,-1.2603375336410603,0.8104168417713947,3.4594374497020355,197
1789408023.130919,1789408023.130295,23.80454215803253,23.894333856749643,1.608989778779796,-2.6269780588510048,-1.3187680546306917,0.8481860235219303,3.4492168607551945,197
1789408023.1407824,1789408023.1402519,23.777611887345888,23.881015112194117,1.6175570963486656,-2.8150083051826362,-1.3717252244045524,0.8824914357907757,3.438333115414064,197
1789408023.1508667,1789408023.1502514,23.74793833851682,23.86678260791874,1.6267150277214917,-3.0098800849331453,-1.421130239008305,0.9145894087382175,3.426266439130122,197
1789408023.1606386,1789408023.1602507,23.717029399954733,23.8524192547201,1.635960572489394,-3.2008238528689557,-1.4640576980979239,0.9425906247596489,3.41363080262246,197
1789408023.1709485,1789408023.1702535,23.684172246178253,23.837634887755296,1.6454812305399455,-3.3919134070383175,-1.5014920554479838,0.9671438004762528,3.4001402490913635,197
1789408023.1807823,1789408023.180288,23.64924723133291,23.822434689756,1.6552746363995026,-3.58309593531475,-1.53329616581998,0.9881713188284104,3.3857506096072054,197
1789408023.1911108,1789408023.1902695,23.612944971577594,23.807165078435446,1.6651185425007655,-3.770172705279307,-1.5588118166087426,1.0052457894260232,3.370754489559646,197
1789408023.200959,1789408023.200251,23.612944971577594,23.807165078435446,1.6651185425007655,-3.770172705279307,-1.5588118166087426,1.0052457894260232,3.370754489559646,197
1789408023.2108154,1789408023.2102494,23.533033435367397,23.775316910581335,1.6856724331923378,-4.145742437935565,-1.5926175946161862,1.0286844032139892,3.337670915488,197
1789408023.2210143,1789408023.220235,23.49034493768849,23.759229073013092,1.6960686635990712,-4.328530745937578,-1.6002511909251926,1.0346255572394831,3.3199901520967705,197
1789408023.2310534,1789408023.230253,23.44610788749807,23.743192392502877,1.7064426443857281,-4.506416669067388,-1.6018195004442815,1.0367903871173556,3.3016843985168594,197
1789408023.2409108,1789408023.2402544,23.400386248319055,23.727263670163705,1.716758982004533,-4.6790063836375975,-1.5975435177422483,1.035324390393835,3.282798016611576,197
1789408023.25105,1789408023.2502809,23.35324342157206,23.71149556503401,1.7269849644187774,-4.845963212190525,-1.5876734936155161,1.0303909599509318,3.263376491868065,197
1789408023.2610948,1789408023.2602522,23.303651077930247,23.695594238285,1.7373131019593677,-5.010506030912007,-1.572086631870399,1.0219484109340014,3.243019306297872,197
1789408023.2709403,1789408023.27025,23.252937519284853,23.68002899889433,1.7474405135410196,-5.1679150052260105,-1.5513530407450935,1.0103259744204902,3.2222964630419364,197
1789408023.2810354,1789408023.2802978,23.20063113937017,23.664680332280447,1.7574465700582125,-5.319624991033091,-1.5255636060798925,0.9955998404270499,3.2010398571659953,197
1789408023.2911453,1789408023.2902937,23.147364544426598,23.649755853133954,1.7671975239957536,-5.463806007420637,-1.4953192387478185,0.9781346961392193,3.1795320684565045,197
1789408023.3007934,1789408023.3002787,23.147364544426598,23.649755853133954,1.7671975239957536,-5.463806007420637,-1.4953192387478185,0.9781346961392193,3.1795320684565045,197
1789408023.310725,1789408023.310286,23.03488517259858,23.620457722726155,1.7864141835614982,-5.737173733615854,-1.4206094649317207,0.9345560304627004,3.1346485021162063,197
1789408023.3207364,1789408023.3202507,22.976062968348895,23.606273197306624,1.7957611856823505,-5.864805852179227,-1.376769298551802,0.9088314092950076,3.1115017354738224,197
1789408023.3308756,1789408023.3302805,22.917619471081597,23.592915659324404,1.8045949661475094,-5.982076124400926,-1.330604277462022,0.8816748192185437,3.0887500704503075,197
1789408023.3408747,1789408023.3402817,22.857092859862934,23.579827435864907,1.8132856463194296,-6.094129332431958,-1.2804918200442648,0.8521436444616771,3.0654651585107087,197
1789408023.3511586,1789408023.350372,22.79551763941852,23.567263911865943,1.8216663081617501,-6.19891236772704,-1.2275150210082235,0.820884171471246,3.0420864758849726,197
1789408023.3606477,1789408023.360248,22.73351740347902,23.5553536901046,1.8296523003542253,-6.295598541389166,-1.1725120968262426,0.7883989308008993,3.018881925179554,197
1789408023.3707712,1789408023.3702931,22.668905737329123,23.543705941294824,1.8375084831579922,-6.387505676254209,-1.1137808428654918,0.753687740026992,2.9950795936646206,197
1789408023.380844,1789408023.3802812,22.60514345527538,23.532951426410058,1.8448108771757779,-6.469875908419797,-1.0547345094533238,0.7187719117027381,2.971991279278999,197
1789408023.3910127,1789408023.3902905,22.540470672538714,23.522770898640402,1.8517756369407374,-6.545474831246756,-0.9940407023567904,0.6828664821382852,2.949001985651353,197
1789408023.4007838,1789408023.4002504,22.540470672538714,23.522770898640402,1.8517756369407374,-6.545474831246756,-0.9940407023567904,0.6828664821382852,2.949001985651353,197
1789408023.410875,1789408023.410251,22.407628271661515,23.504065099280897,1.8647456117582817,-6.6776379526071015,-0.8679454843502905,0.6082252797597366,2.9032265339541965,197
1789408023.421037,1789408023.4203002,22.341194986933385,23.495779620972336,1.8705857357374083,-6.733004731744491,-0.8046649262524576,0.57074100041555,2.881110971330155,197
1789408023.4309928,1789408023.4302833,22.27384633264488,23.48807952546431,1.8760845200268388,-6.782439990668909,-0.7406625433060988,0.5328068052125633,2.859251131653139,197
1789408023.440946,1789408023.4402878,22.205604022117317,23.480975134821286,1.8812360203004512,-6.826102869588741,-0.6761711164936377,0.49455414913410833,2.8377018430247167,197
1789408023.4511309,1789408023.450406,22.137584960397568,23.474573186452254,1.885962096202923,-6.863618451788679,-0.6124396524593451,0.45671646771078644,2.816850056796316,197
1789408023.4608,1789408023.4602647,22.068482122734764,23.46874396030218,1.8903578928446292,-6.8960269986794325,-0.5484294264029848,0.41866795013329156,2.796333388903647,197
1789408023.470922,1789408023.4703972,21.99784390660183,23.463468115708036,1.8944410181616633,-6.923657196871863,-0.48393131150654645,0.3802716181729554,2.7760840244822935,197
1789408023.481045,1789408023.4802616,21.929777813498312,23.45901897771711,1.8979941346043512,-6.9454372023505675,-0.4228192411467355,0.34382438039955016,2.7572905659873315,197
1789408023.490913,1789408023.4902973,21.860427046949937,23.45510817250622,1.901240182945904,-6.963148435413308,-0.3617315594086873,0.30731178682627924,2.7388951376220168,197
1789408023.5010054,1789408023.5002882,21.860427046949937,23.45510817250622,1.901240182945904,-6.963148435413308,-0.3617315594086873,0.30731178682627924,2.7388951376220168,197
1789408023.5108004,1789408023.5103133,21.72102860134674,23.44907510152889,1.9066643477990035,-6.986691602706427,-0.24299929576990928,0.23604640681585326,2.7043301056956963,197
1789408023.5209336,1789408023.5203168,21.650394431163257,23.446913464424473,1.9088723644474654,-6.993286462542441,-0.18510867291867003,0.2011156817294977,2.6881029534635266,197
1789408023.5308354,1789408023.53027,21.580895442534842,23.445350693676577,1.9107031668132102,-6.996791700018769,-0.1297526452962098,0.16757142579020348,2.673020022075641,197
1789408023.540909,1789408023.5402849,21.511097824600334,23.444326792090784,1.9122101650049557,-6.997709761711589,-0.07582979247031203,0.13473597077741348,2.6587831047974575,197
1789408023.5507782,1789408023.5502605,21.440355074228073,23.44382901044931,1.9134078851253469,-6.996353102464892,-0.02294464298484317,0.10235137807296485,2.645314362655765,197
1789408023.5609736,1789408023.5602603,21.370588145624772,23.44385284841733,1.914273190548655,-6.993117124224563,0.027421305229128144,0.07131315392052459,2.6330079978539356,197
1789408023.5710156,1789408023.5702858,21.300484904452546,23.44437399285858,1.914835719014338,-6.988311434840235,0.07620494834474055,0.04103585205568907,2.621648101649603,197
1789408023.5811727,1789408023.5803156,21.230955649781386,23.445365738791008,1.9150984609523307,-6.982330908060138,0.12275921099794636,0.011912706203307463,2.611405293854336,197
1789408023.591258,1789408023.5903008,21.16054268027176,23.44683433551913,1.9150737040089323,-6.97535625463805,0.1680362813329725,-0.016661723277869755,2.602099989451849,197
1789408023.601042,1789408023.600287,21.16054268027176,23.44683433551913,1.9150737040089323,-6.97535625463805,0.1680362813329725,-0.016661723277869755,2.602099989451849,197
1789408023.6108592,1789408023.6102898,21.021246983593013,23.45104616359959,1.9141963910458193,-6.959985501534371,0.25207799916504364,-0.07049643494767285,2.586965305280896,197
1789408023.6207545,1789408023.620262,20.95212946031277,23.45374619244425,1.913368937147086,-6.952099467819382,0.29108655144898216,-0.09590873392546169,2.5811214240731193,197
1789408023.6307745,1789408023.630278,20.88271392986207,23.45684268561657,1.9122867650865083,-6.9443138900209425,0.3285068210589131,-0.12058937791257571,2.5763970193560453,197
1789408023.6406868,1789408023.6402779,20.813224116651455,23.460312114565962,1.910959126120188,-6.93685641307338,0.3642480920440672,-0.14447777293758943,2.572839538758336,197
1789408023.650681,1789408023.6502795,20.744092335624902,23.464114398124277,1.909403320781834,-6.92994602430154,0.39815233161438024,-0.16745998210581817,2.5704853691354757,197
1789408023.660887,1789408023.6602786,20.67467301751514,23.46826858709109,1.9076125460065763,-6.92366573444109,0.4306022801924983,-0.1897853862008309,2.569330601516768,197
1789408023.6709347,1789408023.67028,20.60459694783236,23.472787910479347,1.9055798636597336,-6.9181179285809,0.4618117893152133,-0.2115949719416493,2.569412294517606,197
1789408023.6811647,1789408023.6804254,20.536901668565946,23.477450177604403,1.9034082348839207,-6.913601803394536,0.49056244163889495,-0.23200841374223508,2.5706968908484034,197
1789408023.691181,1789408023.690382,20.4677849881295,23.48249700485759,1.900986541861252,-6.909905134108724,0.5185846072862897,-0.25222747423810116,2.573244556233753,197
1789408023.7010489,1789408023.7002885,20.4677849881295,23.48249700485759,1.900986541861252,-6.909905134108724,0.5185846072862897,-0.25222747423810116,2.573244556233753,197
1789408023.7111168,1789408023.710287,20.329332457634237,23.49342525320643,1.8955384409888072,-6.905367442602406,0.5710446973693042,-0.29101150900030387,2.5821485908541066,197
1789408023.7210848,1789408023.7202806,20.25963862524808,23.499314856173832,1.8925061125140945,-6.904498420640161,0.5957996080943501,-0.30975863685640986,2.588565322333782,197
1789408023.7309809,1789408023.7302606,20.19098946005046,23.505356010885354,1.8893363283812117,-6.904497559481395,0.6192380283779552,-0.32777680701076717,2.5961588149708357,197
1789408023.7408702,1789408023.74029,20.122357845458904,23.511623982930384,1.885990489430302,-6.905255719459691,0.6418347439241897,-0.3453896291242483,2.605014744409465,197
1789408023.7508924,1789408023.7502916,20.05349144655624,23.518134361148856,1.8824596299156078,-6.906661819720491,0.6637702502308849,-0.362702129274761,2.61517063636041,197
1789408023.7608752,1789408023.7603023,19.984634744768883,23.52485761823374,1.87875919087762,-6.908569391048927,0.6850621850471073,-0.3796911168827798,2.6265930600335725,197
1789408023.7707987,1789408023.7702928,19.914173809044666,23.531952125409976,1.8747999537435234,-6.9108628628729525,0.7062863817414389,-0.39678225163208497,2.6395877285986034,197
1789408023.7811592,1789408023.7802858,19.8457901066327,23.539039682536167,1.8707934215747675,-6.913223107805886,0.726429477539353,-0.41311910332838736,2.6534539805514408,197
1789408023.7909184,1789408023.7902958,19.776919964116395,23.54637467420822,1.8665975735249265,-6.915516362514259,0.7463447638855544,-0.4293519596667747,2.6686570448280724,197
1789408023.801078,1789408023.800291,19.776919964116395,23.54637467420822,1.8665975735249265,-6.915516362514259,0.7463447638855544,-0.4293519596667747,2.6686570448280724,197
1789408023.8108315,1789408023.8102925,19.638060761473763,23.561752842833744,1.857654936123486,-6.91889707501678,0.785655768822823,-0.4615020593553902,2.703033020383041,197
1789408023.8208432,1789408023.8202584,19.569002028967443,23.569690414286825,1.8529701863520984,-6.919419435872544,0.8049056473891044,-0.47723506630795165,2.7219496459279497,197
1789408023.8311706,1789408023.8302944,19.500357650723252,23.577770082016496,1.8481586927455143,-6.918791882359428,0.8239021082153521,-0.4927162953641226,2.7419267341046742,197
1789408023.8412244,1789408023.8402936,19.430121881738874,23.58623320493458,1.8430765007989764,-6.916648337057143,0.8432278936966123,-0.5083946130753194,2.763557387054627,197
1789408023.8511112,1789408023.8502874,19.360897628244437,23.594769687119825,1.837910319511233,-6.912719863304409,0.8621836495913187,-0.5236808658472285,2.786032531004893,197
1789408023.8610783,1789408023.8602931,19.29226159282836,23.60342675995901,1.8326340360814706,-6.9067081443353375,0.8808934890123734,-0.5386615500439959,2.8094268524645587,197
1789408023.8709629,1789408023.8702881,19.22339121634093,23.612309029960063,1.827185423834696,-6.898209455955769,0.8995742653078574,-0.5534981230560977,2.83398842627302,197
1789408023.880927,1789408023.8803005,19.154815848487505,23.621351549115822,1.8216061229896154,-6.8863881435238605,0.9183575592588207,-0.5680291172158538,2.859502110916729,197
1789408023.8910387,1789408023.8902638,19.08543699710263,23.630721348147848,1.8158034257598168,-6.866191970458342,0.9398582660139343,-0.5822464773276423,2.886348799720624,197
1789408023.9012454,1789408023.9002917,19.016451820291543,23.640312979955418,1.809872432457572,-6.832554854675436,0.9660851161971361,-0.5955413732873147,2.9140062423579076,197
1789408023.9108813,1789408023.9102938,18.949441110822235,23.649969629131743,1.8039528202810304,-6.783263047167663,0.9974416111654131,-0.6072722863137552,2.9417073962458633,197
1789408023.920921,1789408023.9202807,18.88135978516626,23.660217364496997,1.7977743641370931,-6.7138469097959765,1.0356685714239398,-0.6175794985326304,2.9705986631935906,197
1789408023.9309454,1789408023.930296,18.815044213188326,23.67072249999313,1.7915936390580482,-6.625878030081841,1.0788411354674454,-0.6256254674296312,2.9993692146468565,197
1789408023.940999,1789408023.94044,18.74915851231771,23.681772944687857,1.7852926322573244,-6.517662062900263,1.1267650659521296,-0.6312152567126005,3.0284744354249775,197
1789408023.950981,1789408023.9502525,18.684007126523955,23.6934013522794,1.7789057224481515,-6.389853991647859,1.1778703238509687,-0.633909865667728,3.0576792482669557,197
1789408023.9609191,1789408023.9602637,18.6212174184264,23.705358463333305,1.7726075522290106,-6.247123434615797,1.2290892837643732,-0.6333640678298216,3.0861495044203626,197
1789408023.9707692,1789408023.9702785,18.559100959045992,23.717992884398896,1.7662469192021588,-6.087358927970036,1.2798319856190747,-0.6293002829282166,3.114564012239041,197
1789408023.980966,1789408023.9802952,18.499931134124036,23.73083823284132,1.7600794417008145,-5.918534632586931,1.326259950356219,-0.621698898403352,3.1418133205798386,197
1789408023.9911363,1789408023.9903615,18.441621077562985,23.744320799792252,1.7539141814496988,-5.736984165581093,1.3680301680239004,-0.6101791998621863,3.1688068098063025,197
1789408024.0010748,1789408024.0002787,18.441621077562985,23.744320799792252,1.7539141814496988,-5.736984165581093,1.3680301680239004,-0.6101791998621863,3.1688068098063025,197
1789408024.0109556,1789408024.0102887,18.329796853988615,23.77257490519818,1.7419363457997254,-5.349978038960428,1.4279477481156242,-0.5751375780619569,3.2209026337079245,197
1789408024.0209732,1789408024.020281,18.277350994981852,23.786916563492774,1.7363047523989341,-5.152659298065151,1.4422598326605909,-0.5520452461287426,3.245493340643704,197
1789408024.0310197,1789408024.03029,18.22746915797499,23.801171406256806,1.730984168105239,-4.956765188299375,1.4447161981779475,-0.5256975737872817,3.2690056261067926,197
1789408024.0410793,1789408024.0402772,18.179210199581718,23.81548229858599,1.725907873823524,-4.760397538175123,1.434616678546134,-0.4958839178201555,3.291908237849153,197
1789408024.0511165,1789408024.050297,18.132537995013873,23.82973747591716,1.721106948691554,-4.564747955115648,1.4111992279960839,-0.4628226173655283,3.314256814835473,197
1789408024.060822,1789408024.0602906,18.087804198174624,23.84369249279482,1.7166500808825516,-4.372420292350315,1.3744004511056822,-0.4271322139944531,3.3359260050894544,197
1789408024.070892,1789408024.070298,18.044694766115498,23.857302314737325,1.7125355847720667,-4.182892115663425,1.32415932915739,-0.38902199057388637,3.3571137254883516,197
1789408024.0809498,1789408024.0802917,18.004002424309036,23.870174957906396,1.708860248796872,-4.000206958670093,1.2623033452233792,-0.34978698518483886,3.3774681334086867,197
1789408024.0909736,1789408024.0902812,17.965104674171357,23.882376282336715,1.7055808053940926,-3.8218180840148306,1.1893183233107683,-0.3094966465404954,3.3973290667847125,197
1789408024.101157,1789408024.1002867,17.965104674171357,23.882376282336715,1.7055808053940926,-3.8218180840148306,1.1893183233107683,-0.3094966465404954,3.3973290667847125,197
1789408024.1108713,1789408024.1103086,17.89172625446869,23.9045997031578,1.7001811370730306,-3.472315834499575,1.0136223961442958,-0.22719273792672035,3.4361947291468153,197
1789408024.120832,1789408024.1202927,17.858168671832175,23.914164534180927,1.69812821850181,-3.304489442336064,0.9170186436346119,-0.18754376091526104,3.446631170887557,2
1789408024.130837,1789408024.130289,17.825710830362762,23.922895187752577,1.6964353787378181,-3.1352100317397613,0.8146123540049443,-0.14859771213925752,3.419539209228091,2
1789408024.1408432,1789408024.1402917,17.79534447460339,23.93048908048794,1.6951401053667943,-2.968625553996812,0.71168747586305,-0.11213429019149018,3.3947348151697048,2
1789408024.1510737,1789408024.1502955,17.766581138905856,23.93707098892376,1.6941940767271457,-2.801225556867419,0.6088971260535958,-0.07810036197059925,3.3718073335312084,2
1789408024.1608996,1789408024.1602972,17.739377872696274,23.94266072992177,1.6935708560590155,-2.631767682618241,0.5081151988036091,-0.046909883754816396,3.350707331443366,2
1789408024.1709373,1789408024.1703744,17.713673870242552,23.947296543741277,1.6932416730910582,-2.4588998358333214,0.4109827391099839,-0.018893200350053332,3.3313601953725476,2
1789408024.1809282,1789408024.1803024,17.690016977460246,23.950941337565162,1.6931759697823545,-2.285888702224485,0.32126171675997234,0.005083355979167947,3.314119621385012,2
1789408024.1911,1789408024.1903558,17.668044107705725,23.953734495027458,1.6933308112003782,-2.110093742405464,0.2389857889063135,0.0252382579435657,3.298643664783947,2
1789408024.2012062,1789408024.2003214,17.647935420723368,23.955740455754707,1.6936651753858272,-1.9331402522595127,0.1659260283209075,0.04133650385520708,3.284979001343303,2
1789408024.2109015,1789408024.2102869,17.647935420723368,23.955740455754707,1.6936651753858272,-1.9331402522595127,0.1659260283209075,0.04133650385520708,3.284979001343303,2
1789408024.2209666,1789408024.220286,17.612574302266424,23.95782739927087,1.694734498967854,-1.570896039347883,0.04786446073819998,0.06200690135771572,3.2622511751362344,2
1789408024.2310944,1789408024.230374,17.598045733739202,23.958082196272148,1.6953669432738254,-1.3958558701778692,0.005829354457183803,0.06656381262306615,3.253455982703863,2
1789408024.2409668,1789408024.2402773,17.58492290737316,23.957967375430712,1.6960445570330767,-1.2190850819571886,-0.027007130764808346,0.06789872413870846,3.245821175952739,2
1789408024.2509634,1789408024.250322,17.573641318838245,23.957577195697,1.6967146814750576,-1.0483140643439381,-0.04981972886139772,0.06627759710771289,3.2395178620883285,2
1789408024.2607708,1789408024.2602613,17.56396640257076,23.957000560567327,1.6973603499988579,-0.8830009071641645,-0.06378678159143618,0.06214964617664306,3.234327160324039,2
1789408024.2709131,1789408024.2702959,17.555839007144762,23.95631836068474,1.6979594364884802,-0.7252323192742307,-0.06981665190853698,0.055982867433968846,3.2301411970942757,2
1789408024.2812119,1789408024.2802987,17.54934299367759,23.95562141249655,1.6984808116594348,-0.5810711937937565,-0.06914160913911613,0.04851700992833873,3.226928223042368,2
1789408024.2910228,1789408024.2903006,17.544203776820698,23.95495574109326,1.6989246882273668,-0.4497294185184856,-0.06333827987679302,0.04022163503223376,3.2244854867540726,2
1789408024.3011565,1789408024.3002899,17.053458106811853,24.020916117214554,1.5681193453639626,-1.661820101844198,0.44802084017483357,-0.28030831006260887,2.9049568018547047,2
1789408024.3108225,1789408024.310298,17.037631888376712,24.025203263772468,1.5654382999523937,-1.4921756512685278,0.406200469214165,-0.25390348895351145,2.8934591863604404,2
1789408024.3209271,1789408024.3203065,17.023615561628,24.02903636918934,1.5630434268062212,-1.3310377967194906,0.3657279954233284,-0.22839548097548645,2.8832780123108392,2
1789408024.3310027,1789408024.3304381,17.011056357598974,24.032502827208965,1.5608796102896423,-1.175902039661191,0.32607048897253094,-0.2034438941026586,2.874154067620767,2
1789408024.3408778,1789408024.3402913,17.00010836155946,24.035551824133567,1.558978091421389,-1.0302801550187222,0.2882196767041233,-0.17966806989770795,2.86619740641463,2
1789408024.350917,1789408024.3503046,16.9904644036372,24.03826121240973,1.5572898655779221,-0.8917885613196033,0.2516494169531487,-0.15673272478289269,2.8591838084750703,2
1789408024.360782,1789408024.3602576,16.98212434986744,24.040624440300395,1.555818623459395,-0.7620089655637344,0.2168584770192043,-0.13494645522342102,2.853112896223281,2
1789408024.370767,1789408024.370285,16.97504881390309,24.04264617454871,1.5545610659633313,-0.6422514751096089,0.18428979116581012,-0.11458158465167684,2.847956507644582,2
1789408024.3808339,1789408024.3802967,16.969188864340737,24.04433415980713,1.5535119907594026,-0.5339713662895764,0.15443987287142535,-0.09594278627089925,2.8436801919309573,2
1789408024.3909159,1789408024.3902593,16.964427083157478,24.045716500335818,1.552653572821477,-0.43756257290741485,0.12752128299095478,-0.07915661750061709,2.840199968959895,2
1789408024.4010832,1789408024.4002912,16.960469184062507,24.046874221765126,1.5519352180986536,-0.349222296709506,0.10255221997068065,-0.06360608438922555,2.8373023774908863,2
1789408024.410975,1789408024.410384,16.95733458831442,24.04779802422134,1.5513624665007186,-0.27142685455931215,0.08030149828471744,-0.049765858461868095,2.8350032529485047,2
1789408024.421206,1789408024.4202988,16.95496442821608,24.04850163439545,1.5509265733578483,-0.2054913902546205,0.061229314689958514,-0.03791695246112736,2.8332613862639455,2
1789408024.4311109,1789408024.430279,16.953210941037472,24.049025831345972,1.5506020740509545,-0.15031741511225505,0.04509912368934543,-0.027907259007324603,2.8319700885399954,2
1789408024.441127,1789408024.4404542,16.951953956873265,24.049404158857385,1.550368046812298,-0.10502382074473848,0.03172230277683874,-0.019615302651994404,2.831042476048074,2
1789408024.4510257,1789408024.4503055,16.951086613257093,24.04966695551747,1.550205603558646,-0.0685883999992778,0.020855526899322463,-0.01288645595401916,2.8304010176590815,2
1789408024.4610531,1789408024.4602616,16.950542262336032,24.04983296851758,1.5501030592328118,-0.04128933791691214,0.012636174073794137,-0.007802210813615318,2.8299975439187564,2
1789408024.4710243,1789408024.4702919,16.95023281784125,24.04992793786819,1.5500444387065104,-0.022197032133600914,0.006835695015758425,-0.00421777707559734,2.8297676784252035,2
1789408024.48099,1789408024.4802632,16.95007795720519,24.049975755254273,1.5500149430812111,-0.009901929999165837,0.003068022471495624,-0.0018917485114793298,2.829652392814849,2
1789408024.4911306,1789408024.4902961,16.950016834466094,24.049994739937826,1.55000324029966,-0.0031782600079708345,0.0009906256766369914,-0.000610414301623674,2.8296067930126534,2
1789408024.50115,1789408024.5003176,16.950001226039934,24.049999615124232,1.5500002369661718,-0.0004514869825849033,0.00014155403863336247,-8.716638542760613e-05,2.8295951246578257,2
1789408024.5109606,1789408024.5102437,16.95000000001852,24.049999999994164,1.5500000000035945,-1.1083702311509569e-07,3.4950773386555056e-08,-2.150804467859757e-08,2.829594206423885,2
1789408024.5209365,1789408024.520296,16.95,24.05,1.55,0.0,-3.9968028886505635e-15,8.881784197001252e-16,2.8295942064099937,2
1789408024.531403,1789408024.5303512,16.95,24.05,1.55,0.0,-3.9968028886505635e-15,8.881784197001252e-16,2.8295942064099937,2
1789408024.5409806,1789408024.5403638,16.95,24.05,1.55,0.0,-3.9968028886505635e-15,8.881784197001252e-16,2.8295942064099937,2
1789408024.5509703,1789408024.5502768,16.95,24.05,1.55,0.0,-3.9968028886505635e-15,8.881784197001252e-16,2.8295942064099937,2
1789408024.561003,1789408024.5602863,16.95,24.05,1.55,0.0,-3.9968028886505635e-15,8.881784197001252e-16,2.8295942064099937,2
1789408024.570748,1789408024.5702784,16.95,24.05,1.55,0.0,-3.9968028886505635e-15,8.881784197001252e-16,2.8295942064099937,2
1789408024.5808818,1789408024.5802844,16.95,24.05,1.55,0.0,-3.9968028886505635e-15,8.881784197001252e-16,2.8295942064099937,2
1789408024.590969,1789408024.5904005,16.95,24.05,1.55,0.0,-3.9968028886505635e-15,8.881784197001252e-16,2.8295942064099937,2
1789408024.6010575,1789408024.600284,16.95,24.05,1.55,0.0,-3.9968028886505635e-15,8.881784197001252e-16,2.8295942064099937,2
1789408024.6110377,1789408024.610258,16.95,24.05,1.55,0.0,-3.9968028886505635e-15,8.881784197001252e-16,2.8295942064099937,2
1789408024.621236,1789408024.6203394,16.95,24.05,1.55,0.0,-3.9968028886505635e-15,8.881784197001252e-16,2.8295942064099937,2
1789408024.6311033,1789408024.630293,16.95,24.05,1.55,0.0,-3.9968028886505635e-15,8.881784197001252e-16,2.8295942064099937,2
1789408024.640831,1789408024.640293,16.95,24.05,1.55,0.0,-3.9968028886505635e-15,8.881784197001252e-16,2.8295942064099937,2
1789408024.6507254,1789408024.650278,16.95,24.05,1.55,0.0,-3.9968028886505635e-15,8.881784197001252e-16,2.8295942064099937,2
1789408024.6607835,1789408024.660249,16.95,24.05,1.55,0.0,-3.9968028886505635e-15,8.881784197001252e-16,2.8295942064099937,2
1789408024.6708636,1789408024.6703026,16.94683904404122,24.070992263693824,1.5778578218018515,-0.7175905778280864,-0.10139129454944576,0.07287620587838135,2.8096050345642314,2
1789408024.6809547,1789408024.6802974,16.939005907983613,24.06988684914245,1.5786532451543724,-0.8479180233761036,-0.11951928407904373,0.08609123204613187,2.8068727065411734,2
1789408024.6909091,1789408024.69028,16.929975708748238,24.0686155190476,1.5795699154491494,-0.9858960433000153,-0.13864206349215108,0.10005702460016383,2.80374055490706,2
1789408024.7010453,1789408024.7002845,16.929975708748238,24.0686155190476,1.5795699154491494,-0.9858960433000153,-0.13864206349215108,0.10005702460016383,2.80374055490706,2
1789408024.7110198,1789408024.7102783,16.90708203310477,24.06540409908385,1.5818916396903295,-1.2949842036147394,-0.18124284482106515,0.13121965473946873,2.7958876946902835,2
1789408024.7215729,1789408024.720282,16.893438417525275,24.063496830961093,1.5832733560728813,-1.4592426997209034,-0.20375910739337538,0.14769392522172975,2.7912691730736876,2
1789408024.7316866,1789408024.7302856,16.87787474075254,24.061326204609113,1.5848474731495343,-1.633161494495059,-0.22751292961380293,0.16505698452678016,2.786057850420668,2
1789408024.7408948,1789408024.7402995,16.86082226647576,24.05895339461142,1.5865694264723906,-1.8103651951898474,-0.2516281849895175,0.18264994863993256,2.780418919734778,2
1789408024.7510133,1789408024.7504003,16.841809627096392,24.056313799198076,1.5884856687114892,-1.9944240642230073,-0.2765875170116695,0.20080272000374358,2.7742203198522932,2
1789408024.7608857,1789408024.760364,16.82104730595865,24.05343769611919,1.5905735606519382,-2.1818922850741163,-0.30192043137740915,0.21914634362303081,2.76755916634459,2
1789408024.7708702,1789408024.770287,16.798098211578168,24.05026563001858,1.592875295092108,-2.375313420750224,-0.32796832580751223,0.23789579981573208,2.760329000506124,2
1789408024.7808232,1789408024.7802918,16.77340244996898,24.046859457712987,1.5953446922645802,-2.5697462481726814,-0.35406540027313643,0.2565356997895883,2.7527057890356845,2
1789408024.791176,1789408024.7902884,16.746780862006514,24.043195303036214,1.5979974446627883,-2.7657333260035517,-0.380287416062453,0.27508259895507436,2.74467270271003,2
1789408024.8011754,1789408024.8002794,16.746780862006514,24.043195303036214,1.5979974446627883,-2.7657333260035517,-0.380287416062453,0.27508259895507436,2.74467270271003,2
1789408024.811016,1789408024.8102522,16.687529583216577,24.035064733352435,1.6038648687831243,-3.1602874883449044,-0.43284207687064774,0.31153085797625424,2.7274913470808437,2
1789408024.8210397,1789408024.820289,16.65462259052994,24.03056195545154,1.6071001181853302,-3.358753382141265,-0.4591705945596867,0.32932198536107504,2.7183711279462144,2
1789408024.8310292,1789408024.830304,16.620053035579172,24.025840215277228,1.6104796450887184,-3.5538634496553385,-0.4849924137382433,0.3463840326547464,2.709119356739695,2
1789408024.840943,1789408024.8402772,16.5839409348319,24.020916152133534,1.6139879578275373,-3.7447151024257153,-0.5101986289841619,0.36259816264272515,2.69981893941344,2
1789408024.850794,1789408024.8502884,16.54535912440163,24.01566377295085,1.6177101356026358,-3.93558831268494,-0.5353640784159684,0.37826848394082735,2.6902981005675723,2
1789408024.860648,1789408024.860244,16.505230857061253,24.010209093446424,1.6215515419249082,-4.121333156245955,-0.5598201105254752,0.3929086409007053,2.6808560821770677,2
1789408024.8710914,1789408024.8703754,16.462374143686358,24.004391714364992,1.6256187307845233,-4.30678605922223,-0.5842147462028752,0.4068259392487582,2.671296093798955,2
1789408024.8810148,1789408024.8802931,16.41904645317236,23.998517936159928,1.6296916127166046,-4.482034347966668,-0.6072561988777996,0.41922572749756665,2.6621870254814564,2
1789408024.8911448,1789408024.8902855,16.372858653575054,23.9922636571111,1.6339880234977289,-4.656577033916676,-0.6302057064771579,0.43072309648751095,2.653098589208117,2
1789408024.90114,1789408024.9002473,16.372858653575054,23.9922636571111,1.6339880234977289,-4.656577033916676,-0.6302057064771579,0.43072309648751095,2.653098589208117,2
1789408024.9112387,1789408024.9103446,16.27650788769941,23.979236311925806,1.6427899012219325,-4.984734210445077,-0.6734020907911215,0.44947073486160644,2.636232784333802,2
1789408024.9211392,1789408024.9202704,16.225748372495094,23.972381575527166,1.647333666605563,-5.140290265104052,-0.6939255908971118,0.45671939580230864,2.6284998690852004,2
1789408024.931082,1789408024.9302976,16.174306243772627,23.965439077403406,1.6518685573545075,-5.287064957049588,-0.7133347005368412,0.46234453104315715,2.6214835424503224,2
1789408024.94084,1789408024.9402847,16.120747619370086,23.95821461028113,1.6565114499845501,-5.42917134029379,-0.7321795517051544,0.4664494468893671,2.615063162327187,2
1789408024.9509425,1789408024.9502857,16.065707004849777,23.950793107026346,1.6611951388675623,-5.564706283953849,-0.7502130989217851,0.4688901230441356,2.6094120555417835,2
1789408024.9610567,1789408024.9602928,16.009018322689695,23.943151432788753,1.665921519139232,-5.694008921146139,-0.7674825196133632,0.4695997623927604,2.6046014618044744,2
1789408024.971091,1789408024.9702897,15.951949384495885,23.93545970879857,1.6705746353538335,-5.814404177870603,-0.7836277643807577,0.4685378080553599,2.6007991049423675,2
1789408024.981043,1789408024.9802585,15.893370388154883,23.927564927518816,1.6752359071387783,-5.9285141240471635,-0.7989942357370026,0.46566233307839566,2.5979866461652463,2
1789408024.9911087,1789408024.9902883,15.833493845775509,23.919495086702245,1.679874129021111,-6.035928376588159,-0.8135185757596339,0.46091838191152384,2.59625732481618,2
1789408025.001146,1789408025.0002558,15.833493845775509,23.919495086702245,1.679874129021111,-6.035928376588159,-0.8135185757596339,0.46091838191152384,2.59625732481618,2
1789408025.0109274,1789408025.0102565,15.71064429441335,23.902935508742875,1.688964103025222,-6.229753794686273,-0.839861403790701,0.4457178609379808,2.596343013124326,2
1789408025.0210044,1789408025.0202856,15.647371349861364,23.89440473225259,1.6934075154806085,-6.316890582517589,-0.851739667098068,0.43513648147039846,2.598293861999534,2
1789408025.031109,1789408025.0304246,15.583772888910648,23.885828836248425,1.6976999927023368,-6.396547034029533,-0.8625908310594006,0.42268729319003284,2.601558431176197,2
1789408025.0408928,1789408025.0402834,15.519958237834391,23.877222910626365,1.7018236190347311,-6.46901453351128,-0.872424405833469,0.40841968847961224,2.606143367752111,2
1789408025.050897,1789408025.050288,15.454563355989743,23.86840364796006,1.7058498005025438,-6.53603854707341,-0.8814415776455051,0.392004145362283,2.612195801827598,2
1789408025.060939,1789408025.0602577,15.389230815568197,23.859593581049847,1.7096611530517751,-6.5961700653961035,-0.8894078129952212,0.3738405335557895,2.619602224072925,2
1789408025.0709474,1789408025.070285,15.322868266894933,23.850646843531532,1.7133068938093168,-6.650734292444076,-0.8964559054935517,0.35363680221744853,2.628505619318487,2
1789408025.0808878,1789408025.0802913,15.255692633592433,23.84159464426869,1.7167553315662498,-6.699739229697294,-0.9025359021539014,0.3314379797916059,2.638921015019757,2
1789408025.0910277,1789408025.0902915,15.188883162156602,23.832598244038195,1.7199330146532712,-6.742698927799975,-0.9075411932853356,0.3076695997515116,2.6506636430051675,2
1789408025.1010823,1789408025.1002588,15.188883162156602,23.832598244038195,1.7199330146532712,-6.742698927799975,-0.9075411932853356,0.3076695997515116,2.6506636430051675,2
1789408025.1110845,1789408025.1102862,15.052292298809803,23.814237437224527,1.725603204190369,-6.814311837040011,-0.9145560904918273,0.2540590315303788,2.6788892628859537,2
1789408025.1210916,1789408025.1202672,14.984789599645136,23.805186897511774,1.7279732918784492,-6.842465087613427,-0.9164203231049033,0.22519745640535088,2.694886321507266,2
1789408025.1311648,1789408025.1302931,14.916351838727756,23.796032671631394,1.7300693253285362,-6.866639600117547,-0.9172151859701497,0.1944243327851749,2.712455158215023,2
1789408025.1409535,1789408025.140278,14.847287223126276,23.786822088717447,1.731859825084923,-6.886955988491076,-0.9168833492695357,0.1618981750605443,2.731535531828899,2
1789408025.1509051,1789408025.1502883,14.779108856318395,23.777762743891493,1.7332962163613939,-6.903354610322045,-0.9154182054459599,0.12841589468795986,2.751672837001194,2
1789408025.1609414,1789408025.1603363,14.709439105451851,23.768546022417837,1.7344128943979435,-6.916720241493159,-0.9127283182949105,0.09287577363350807,2.7735551577658604,2
1789408025.170827,1789408025.1702898,14.639808845383712,23.759383455467344,1.735163272581872,-6.927007150583905,-0.9088060099728051,0.05610912463518875,2.7967090333062736,2
1789408025.1809313,1789408025.1802976,14.571441461548194,23.750442959374837,1.7355340882311439,-6.934453721429988,-0.9037225299367289,0.018893218113294603,2.820657819289382,2
1789408025.1909442,1789408025.190292,14.501480156304435,23.741360698984366,1.7355282163311612,-6.939682388550881,-0.8972203040849834,-0.02022819185512918,2.846374869986715,2
1789408025.201109,1789408025.2002873,14.501480156304435,23.741360698984366,1.7355282163311612,-6.939682388550881,-0.8972203040849834,-0.02022819185512918,2.846374869986715,2
1789408025.2109823,1789408025.210291,14.362800729824926,23.723598322269495,1.7343286746455187,-6.944152360742069,-0.880286301345599,-0.10041070078527821,2.900819648190735,2
1789408025.2209175,1789408025.2202847,14.292825609060202,23.714780425435073,1.733108129709237,-6.944038153775928,-0.8696148034174588,-0.14193895742531368,2.9299629992883216,2
1789408025.231124,1789408025.230303,14.224273214873476,23.706252328181343,1.7315037658685652,-6.942753950936031,-0.8577186787086712,-0.18313542138632347,2.959549073543297,2
1789408025.2408962,1789408025.2402892,14.15494057533677,23.697751869008446,1.7294649679590024,-6.940535351225805,-0.8441905711915553,-0.22516722225858632,2.9904742075191613,2
1789408025.2508824,1789408025.2502995,14.084585010154273,23.68926889752683,1.7269647880922652,-6.937590479710078,-0.8288771482159052,-0.268032682382666,3.022844560468826,2
1789408025.2606704,1789408025.2602844,14.01623084425339,23.68118007250359,1.7241178543084574,-6.934286693159978,-0.8124240922169729,-0.30971895999259014,3.055207980270911,2
1789408025.270827,1789408025.2702837,13.94604495909864,23.673047421964036,1.7207660036030095,-6.930655315140952,-0.7938685231927518,-0.35238450042252983,3.0700039310194938,184
1789408025.281016,1789408025.2803166,13.876725279051708,23.66520389552436,1.7170310216155176,-6.927024571058184,-0.7738450319171185,-0.3942015923594561,3.0856629926950205,184
1789408025.2910178,1789408025.2902918,13.80776989152099,23.65760493806263,1.7129008398952899,-6.923540835823351,-0.7522116255196449,-0.4352920887737922,3.10268514531789,184
1789408025.3010895,1789408025.300283,13.738354590433433,23.650178058327253,1.7083310148594926,-6.920313730872362,-0.7286664997398802,-0.47595010293812695,3.1212718500134917,184
1789408025.3108568,1789408025.3102646,13.669124718054029,23.643012049949338,1.703369496106252,-6.91750373497335,-0.703381619268467,-0.5155929942553237,3.1412526873590236,184
1789408025.3208933,1789408025.3202844,13.599371444377484,23.63605445050176,1.6979727599101528,-6.915192434486172,-0.6760517975328268,-0.5544132349668367,3.1628352575244842,184
1789408025.3310301,1789408025.3302684,13.53149777618279,23.62955600954729,1.6923501766267264,-6.9135242111725885,-0.6476448884190285,-0.5909061289011693,3.1852256092346463,184
1789408025.3408914,1789408025.3402953,13.462668373659604,23.62325873581197,1.68628862471202,-6.912474202638876,-0.6169887701164577,-0.6264207657357627,3.209320992790819,184
1789408025.3508534,1789408025.3502936,13.392410677235198,23.617154719207946,1.6797446267121698,-6.912102810822926,-0.5837584104729678,-0.6609138419280495,3.2353483370491882,184
1789408025.3608885,1789408025.3602915,13.32389675241976,23.611536948623957,1.6730347719194496,-6.912430652223051,-0.5494562083717506,-0.6926384234380359,3.2621106053912596,184
1789408025.3708658,1789408025.3702834,13.254593318896,23.606210393702664,1.6659388002366877,-6.913439062544352,-0.5128493906996003,-0.7226088578285444,3.2905548437114684,184
1789408025.38087,1789408025.3802898,13.184971517597152,23.601239563582006,1.6585207424299921,-6.915095762269861,-0.4741443359719639,-0.7503758494229191,3.32050574015235,184
1789408025.390958,1789408025.3902872,13.116291547083234,23.596728514522006,1.6509434478393452,-6.917296848813582,-0.4340787761653063,-0.7752844279639014,3.351386855267135,184
1789408025.4010856,1789408025.400285,13.116291547083234,23.596728514522006,1.6509434478393452,-6.917296848813582,-0.4340787761653063,-0.7752844279639014,3.351386855267135,184
1789408025.4108117,1789408025.4102883,12.978288358859114,23.58891782518943,1.6350457081753162,-6.923042030321893,-0.348002508428869,-0.8171927927846081,3.417379213271941,184
1789408025.4209187,1789408025.420286,12.90896567585242,23.58566261111801,1.626779011698314,-6.926345553301605,-0.30202453933606593,-0.8338250709023561,3.4524772767521426,184
1789408025.4310787,1789408025.4302745,12.839665568034686,23.582878765885713,1.618368279331038,-6.929723500048607,-0.25429153145352207,-0.8473083580845429,3.4888394579426056,184
1789408025.440816,1789408025.44029,12.770013004132492,23.580571697577884,1.6097994311638517,-6.933013589933873,-0.20459190001331465,-0.8575688155208373,3.5266502244195608,184
1789408025.451005,1789408025.4503706,12.701074542237427,23.578789070112368,1.6012374432013385,-6.93596801545288,-0.15376939003184154,-0.8643695353298366,3.5652988345879364,184
1789408025.4610105,1789408025.4602869,12.631434150259334,23.57750970073587,1.5925403838743277,-6.938427985935777,-0.10086195574244915,-0.8677630950896594,3.6055558680386883,184
1789408025.4710562,1789408025.4702764,12.561411982734102,23.576766650675822,1.5837819984105532,-6.940128766176531,-0.04617052230795315,-0.8675830045829146,3.6472407251287238,184
1789408025.4811625,1789408025.4802861,12.492972890091481,23.576580506547145,1.575242358631422,-6.940792676464828,0.00862937768870283,-0.8638787690965135,3.689129098803233,184
1789408025.4911258,1789408025.4904127,12.423217720420434,23.57695319627297,1.5665942042455236,-6.940183489096154,0.06573504501935429,-0.856486512260045,3.732964034090418,184
1789408025.5011556,1789408025.500263,12.423217720420434,23.57695319627297,1.5665942042455236,-6.940183489096154,0.06573504501935429,-0.856486512260045,3.732964034090418,184
1789408025.511035,1789408025.5102756,12.284655756003595,23.57942474169479,1.5497191424665644,-6.933972464406,0.1823986074754946,-0.8309653699379507,3.823354595109315,184
1789408025.5209026,1789408025.5202765,12.214841460542663,23.581564157304367,1.5414380958958362,-6.927703583939197,0.24251412973620307,-0.8126929166928681,3.870518012189118,184
1789408025.5309749,1789408025.53029,12.14614533679117,23.584266725041793,1.533478176079901,-6.919055465797116,0.30233050030126607,-0.7912369133009135,3.9179520811952715,184
1789408025.540928,1789408025.5402868,12.076749773593253,23.587606914202627,1.525659180506081,-6.907482832831074,0.3632520906672897,-0.766134931050587,3.9668769388825593,184
1789408025.551137,1789408025.550258,12.007719375545092,23.591545428265043,1.5181337763376226,-6.8927921014108655,0.4241656510821576,-0.7378393333109722,4.016524016550409,184
1789408025.5610013,1789408025.560289,11.93939727419252,23.596054285578223,1.5109597083996993,-6.873515517270058,0.48421532784906407,-0.7078554767817264,4.066598616697085,184
1789408025.5708513,1789408025.5702884,11.87023326968964,23.60123586331848,1.5039655610646638,-6.843607268434752,0.543097853138455,-0.68039781161305,4.117850837725537,136
1789408025.5808613,1789408025.5802991,11.802471907259905,23.606903277530833,1.4973149739023461,-6.799297807097569,0.5975002747263201,-0.6602594055630098,4.1003983750431,136
1789408025.5910242,1789408025.5903175,11.734950819769873,23.613116246214176,1.4907930928470288,-6.736970473555905,0.6474906606715223,-0.649139875264819,4.08337612738981,136
1789408025.6010094,1789408025.600292,11.734950819769873,23.613116246214176,1.4907930928470288,-6.736970473555905,0.6474906606715223,-0.649139875264819,4.08337612738981,136
1789408025.6107533,1789408025.6102853,11.601488461372623,23.62699069114147,1.4777601132494498,-6.552308779954358,0.7316089902583387,-0.6562697746410755,4.0509031506930055,136
1789408025.6208315,1789408025.620283,11.536979969659267,23.634427715345726,1.4711652587755697,-6.43177088825515,0.7647078793288135,-0.672631930249811,4.035806283992855,136
1789408025.631066,1789408025.6303,11.473176418922666,23.64223909146707,1.4643115875596098,-6.292095849141307,0.7924862701650228,-0.6952834826352723,4.02127932527262,136
1789408025.6410294,1789408025.6403809,11.41082406713905,23.65030610372425,1.4572064300973886,-6.1361575801043164,0.8149172674377643,-0.7216071050883979,4.007482255712132,136
1789408025.6510713,1789408025.6502616,11.35020017133867,23.658560027901164,1.4498420293005532,-5.9666232033964155,0.8323738919097705,-0.7487615757796138,3.9944520300946493,136
1789408025.6608324,1789408025.6602616,11.291373051218295,23.666960233950878,1.4422186075692178,-5.785945867653965,0.8453694173171442,-0.7739018265151222,3.982171569757848,136
1789408025.670848,1789408025.670287,11.234801421227157,23.67540908858347,1.4344222459342393,-5.598039160214792,0.8543804852075433,-0.794129423209851,3.970696951779532,136
1789408025.6813736,1789408025.6803904,11.179909671232862,23.683965191815574,1.4264262332638658,-5.403406552325308,0.8600378723146761,-0.8071332367343153,3.9598707149030137,136
1789408025.690975,1789408025.6902492,11.12631573514457,23.692672882351342,1.4182431107366744,-5.202713653914147,0.8628012265428998,-0.8105393596206331,3.949583302141722,136
1789408025.7010176,1789408025.7002747,11.07539034161359,23.701286285860697,1.4101848075558294,-5.003265187183892,0.8630417982064034,-0.8023989966645425,3.9400553810476104,136
1789408025.7113864,1789408025.710276,11.026413251254645,23.709898513186783,1.4022641505154116,-4.804348568793804,0.8611780036159393,-0.7814410242384328,3.9311060760610514,136
1789408025.7209005,1789408025.7202816,10.979248920334902,23.718513308645893,1.3945939402698972,-4.607038981363116,0.8574809283046522,-0.7466987272387966,3.922672339310524,136
1789408025.7310941,1789408025.7302816,10.934321093801465,23.72702951740678,1.3873856956199775,-4.414470175754665,0.8521914346376165,-0.698318976719963,3.9147926429377335,136
1789408025.740822,1789408025.740288,10.891338841366876,23.735475806731355,1.3807342797392645,-4.226421318592726,0.8454024560399036,-0.6365404119559182,3.9073814656750017,136
1789408025.750892,1789408025.7502544,10.849895973989787,23.743911000265406,1.3747180465822113,-4.041679268086538,0.8370475404968456,-0.5616004682461619,3.9003411050418713,136
1789408025.7607589,1789408025.7602587,10.810295931431687,23.75225134791287,1.3695128723281078,-3.8617779737344895,0.8270945589395775,-0.4754314731732263,3.893699516481667,136
1789408025.770891,1789408025.7702928,10.772755852658728,23.760421447668318,1.3652484435305474,-3.687595685133773,0.8154723866440449,-0.38073771207763496,3.88747180011051,136
1789408025.781039,1789408025.7802942,10.7363366758193,23.76860154016824,1.3619147374434872,-3.5142221560938007,0.8016372762505739,-0.27750363990455273,3.8814865473120364,136
1789408025.7910726,1789408025.7903008,10.702291563574116,23.776480937465582,1.3596813400381476,-3.346863505174647,0.7858102421121709,-0.17213444321861715,3.8759368730310566,136
1789408025.8010364,1789408025.8002625,10.702291563574116,23.776480937465582,1.3596813400381476,-3.346863505174647,0.7858102421121709,-0.17213444321861715,3.8759368730310566,136
1789408025.8109593,1789408025.810259,10.638458665568274,23.791875284860573,1.3583811063741278,-3.012123564606536,0.7457601910977507,0.041302124150541096,3.8656394836116856,136
1789408025.8211536,1789408025.8202832,10.608777558669603,23.799313031200967,1.359320915639348,-2.842653896812429,0.7208759321215974,0.14297828649340366,3.8608976782705993,136
1789408025.8311145,1789408025.830278,10.581821202927536,23.806222479480805,1.3611652659531985,-2.6778089939861838,0.6936727897948323,0.23329613224459222,3.8566171336586894,136
1789408025.8410132,1789408025.8403087,10.55583237979578,23.813022859465768,1.363927143241306,-2.5061540411333527,0.6623311172094274,0.31573364178363905,3.852514670354471,136
1789408025.8510292,1789408025.8502884,10.531490541529907,23.819515394711424,1.367468770716909,-2.3309099343095045,0.6273875066549708,0.38584448077553557,3.8486951639423435,136
1789408025.8610957,1789408025.8604338,10.508953489822893,23.825632117451317,1.3716396563900135,-2.152802721947183,0.5891169434890798,0.4415394007764207,3.8451797785246242,136
1789408025.8709035,1789408025.8703046,10.488139435053807,23.83137092834312,1.376313321065736,-1.971136180053823,0.5475489697915183,0.48189533202346607,3.8419518784910096,136
1789408025.8811681,1789408025.8803759,10.469710040970444,23.836524008821204,1.3811604964683344,-1.792828732170052,0.5045775161562817,0.5055969175661307,3.8391092714537534,136
1789408025.890973,1789408025.8902915,10.45266878803728,23.84134907924761,1.3862812340227455,-1.6093518509856168,0.4584146797483876,0.5141329612220157,3.836493797609794,136
1789408025.9011402,1789408025.9003077,10.437365472500659,23.8457317665172,1.3914456710577543,-1.4249704932569562,0.4103080323111603,0.5072994990259303,3.8341554504315996,136
1789408025.9109209,1789408025.910296,10.424041636357668,23.849586559220644,1.3964175211538603,-1.244651751337222,0.3618244948856682,0.4864839730608259,3.832126998955517,136
1789408025.9211006,1789408025.9202833,10.412390304510328,23.852988133779874,1.4011647096677773,-1.0668075980841458,0.31279852857103446,0.4530051119237788,3.8303580325721853,136
1789408025.9311912,1789408025.9302883,10.402701409747724,23.85583955019382,1.4054287691166178,-0.8993572420837952,0.26567676126848905,0.41029944499633286,3.8288895481721337,136
1789408025.9409811,1789408025.940282,10.39457384874934,23.858248429286004,1.4092568617996393,-0.7396258977847301,0.21995595495550943,0.35984802539279825,3.8276585116010144,136
1789408025.9509013,1789408025.9502819,10.387933115618225,23.860229112602745,1.4125814072815592,-0.5900992121337363,0.17654012686969023,0.30423887316825954,3.8266522623415815,136
1789408025.9608665,1789408025.960291,10.382702218061732,23.861798109505585,1.415348171519608,-0.4539097837385824,0.1365197561020573,0.2465825459052189,3.825858483946189,136
1789408025.9710898,1789408025.9702826,10.378795720039689,23.862975698953115,1.417518903543076,-0.33508045196562075,0.101250172317459,0.19071934923782996,3.825264252487133,136
1789408025.9811633,1789408025.980378,10.375962219870885,23.863833598562984,1.4191649676143592,-0.2329635032073053,0.07068683572501899,0.13836783378832762,3.8248318513925774,136
1789408025.9909604,1789408025.9902496,10.37406134551046,23.86441137230718,1.4203147837184098,-0.15016339276423207,0.04573032249630071,0.09269691633224686,3.8245406500162478,136
1789408026.0010889,1789408026.000284,10.372893293402072,23.86476762171495,1.4210476570762247,-0.08700958323939068,0.02658319568099432,0.05562783946311556,3.823613335774077,33
1789408026.0109098,1789408026.0103006,9.893185729386984,24.03268118704918,1.5403660240312658,-0.9328605129822841,0.3614752284194738,0.19132902156638387,3.3574803584005593,33
1789408026.0212002,1789408026.020429,9.884391781092814,24.036106505719477,1.5421929339007354,-0.7991650639779712,0.31296441659192475,0.16823542263079916,3.3487911292808623,33
1789408026.0312362,1789408026.0303354,9.87712403633696,24.0389664749116,1.543741121683695,-0.6791797447921828,0.2686193003677718,0.1464660691278934,3.3415922140254946,33
1789408026.0411115,1789408026.0403056,9.870862025662175,24.04145496721314,1.5451072219170199,-0.5665289477183353,0.22626325104493616,0.1250895045594751,3.335374415519682,33
1789408026.050911,1789408026.0502996,9.865682762706799,24.04353299491039,1.5462634709815986,-0.4644250741647453,0.18724000032440247,0.10488630314662861,3.3302191722029773,33
1789408026.0609605,1789408026.0602868,9.861566880644796,24.04519954656986,1.5472026094626519,-0.37511231474706963,0.15258173248953155,0.08652431324775223,3.3261125980464,33
1789408026.070985,1789408026.0702648,9.858153791585542,24.046593876255088,1.547997968979188,-0.29299137677886367,0.12024957791000745,0.0690249099038509,3.3226991438790208,33
1789408026.0809174,1789408026.0802932,9.855618369950136,24.047638626506554,1.548600906101672,-0.22478910684116027,0.09302668246083856,0.05399707740490256,3.3201574945874253,33
1789408026.0909398,1789408026.0902882,9.853687321266243,24.048440873326893,1.5490689783548683,-0.1662687750485614,0.06936854869677456,0.04070041911874056,3.318217308623923,33
1789408026.101084,1789408026.100301,9.853687321266243,24.048440873326893,1.5490689783548683,-0.1662687750485614,0.06936854869677456,0.04070041911874056,3.318217308623923,33
1789408026.1109695,1789408026.1102827,9.851301939284301,24.049442991991672,1.5496623343036668,-0.07834675069177655,0.033200305019275955,0.019880248955618907,3.3158130650473203,33
1789408026.1208415,1789408026.1202981,9.850675741843018,24.049709260970662,1.5498224821043387,-0.04857590075779994,0.020737344691038384,0.012536138348775872,3.3151797143550144,33
1789408026.1310408,1789408026.130299,9.850302937618018,24.049868935404234,1.5499194133822238,-0.026981484882926843,0.011601854996494687,0.007078237816274591,3.3148018516898823,33
1789408026.1410255,1789408026.1402934,9.850108551289596,24.04995277924305,1.5499707669647456,-0.012667625070049482,0.00548534141801138,0.0033763533753146113,3.314604418752798,33
1789408026.1509383,1789408026.1502898,9.85002732512942,24.049988050918603,1.5499925542912103,-0.0045618221367531575,0.0019886229858863125,0.0012343349101149315,3.3145217540955696,33
1789408026.1608868,1789408026.160296,9.850003037841866,24.049998664670856,1.5499991625790803,-0.0008899934366741746,0.00039052980649856295,0.00024438579056340615,3.3144969896240957,33
1789408026.170882,1789408026.1702838,9.850000015426758,24.049999993184887,1.5499999956996637,-1.7150540893240418e-05,7.573236748825707e-06,4.776089482128043e-06,3.314493902437134,33
1789408026.181041,1789408026.180281,9.849999999999998,24.05,1.5500000000000003,-1.1546319456101628e-14,4.440892098500626e-15,7.105427357601002e-15,3.3144938866557907,33
1789408026.1911345,1789408026.190284,9.849999999999998,24.05,1.5500000000000003,-1.1546319456101628e-14,4.440892098500626e-15,7.105427357601002e-15,3.3144938866557907,33
1789408026.2012448,1789408026.2002885,9.849999999999998,24.05,1.5500000000000003,-1.1546319456101628e-14,4.440892098500626e-15,7.105427357601002e-15,3.3144938866557907,33
1789408026.2111266,1789408026.210293,9.849999999999998,24.05,1.5500000000000003,-1.1546319456101628e-14,4.440892098500626e-15,7.105427357601002e-15,3.3144938866557907,33
1789408026.2211099,1789408026.220284,9.849999999999998,24.05,1.5500000000000003,-1.1546319456101628e-14,4.440892098500626e-15,7.105427357601002e-15,3.3144938866557907,33
1789408026.2312045,1789408026.2302957,9.849999999999998,24.05,1.5500000000000003,-1.1546319456101628e-14,4.440892098500626e-15,7.105427357601002e-15,3.3144938866557907,33
1789408026.2410777,1789408026.2402864,9.849999999999998,24.05,1.5500000000000003,-1.1546319456101628e-14,4.440892098500626e-15,7.105427357601002e-15,3.3144938866557907,33
1789408026.2510984,1789408026.2502925,9.849999999999998,24.05,1.5500000000000003,-1.1546319456101628e-14,4.440892098500626e-15,7.105427357601002e-15,3.3144938866557907,33
1789408026.261088,1789408026.260282,9.849999999999998,24.05,1.5500000000000003,-1.1546319456101628e-14,4.440892098500626e-15,7.105427357601002e-15,3.3144938866557907,33
1789408026.27112,1789408026.2702827,9.849999999999998,24.05,1.5500000000000003,-1.1546319456101628e-14,4.440892098500626e-15,7.105427357601002e-15,3.3144938866557907,33
1789408026.2811432,1789408026.2802906,9.849999999999998,24.05,1.5500000000000003,-1.1546319456101628e-14,4.440892098500626e-15,7.105427357601002e-15,3.3144938866557907,33
1789408026.2911654,1789408026.2902524,9.849999999999998,24.05,1.5500000000000003,-1.1546319456101628e-14,4.440892098500626e-15,7.105427357601002e-15,3.3144938866557907,33
1789408026.3011892,1789408026.3002863,9.849999999999998,24.05,1.5500000000000003,-1.1546319456101628e-14,4.440892098500626e-15,7.105427357601002e-15,3.3144938866557907,33
1789408026.3110576,1789408026.3102865,9.849999999999998,24.05,1.5500000000000003,-1.1546319456101628e-14,4.440892098500626e-15,7.105427357601002e-15,3.3144938866557907,33
1789408026.3209124,1789408026.320283,9.849999999999998,24.05,1.5500000000000003,-1.1546319456101628e-14,4.440892098500626e-15,7.105427357601002e-15,3.3144938866557907,33
1789408026.3311265,1789408026.330277,9.849999999999998,24.05,1.5500000000000003,-1.1546319456101628e-14,4.440892098500626e-15,7.105427357601002e-15,3.3144938866557907,33
1789408026.3409824,1789408026.3402758,9.79208984476935,24.067181506519276,1.5812089589003049,-0.7960257040532465,-0.18732113902936467,0.14433805035737407,3.2612452236762333,33
1789408026.3510878,1789408026.3502994,9.783314649928226,24.065120246792745,1.5827880502383123,-0.9338270072953515,-0.218970532801299,0.16680634434002872,3.2564936990427285,33
1789408026.3610148,1789408026.360281,9.773383182416625,24.062795736888017,1.5845482161623239,-1.0772831506449363,-0.25169246328304373,0.1894734358911777,3.2511287829378888,33
1789408026.3711486,1789408026.3702493,9.761738647326142,24.060080532470593,1.58657894630962,-1.2325179256366594,-0.2868377764380588,0.21316355062453174,3.244856442740136,33
1789408026.3810441,1789408026.3802495,9.748589093602805,24.05702662218572,1.5888328849307574,-1.3946570813451469,-0.32324765149960694,0.2369611012598742,3.2377975951367355,33
1789408026.3909972,1789408026.390282,9.733982378528651,24.053648395964977,1.591291465363045,-1.5617528692395424,-0.36044166622749935,0.26044872579012673,3.2299875028822047,33
1789408026.4010608,1789408026.4002762,9.733982378528651,24.053648395964977,1.591291465363045,-1.5617528692395424,-0.36044166622749935,0.26044872579012673,3.2299875028822047,33
1789408026.4108953,1789408026.4102762,9.699073021242652,24.04562967952079,1.5969919383008808,-1.9193525696659908,-0.43885696726649487,0.3070078667418867,3.211458406983293,33
1789408026.420918,1789408026.4202845,9.678928070371995,24.041035223099296,1.6001773669218373,-2.105058197102435,-0.4789005138004261,0.3290764643706451,3.200856113483549,33
1789408026.4309032,1789408026.430302,9.656876400754468,24.036031851521013,1.6035825163553352,-2.294707546089428,-0.5192788052251821,0.3500219978849216,3.1893278539972667,33
1789408026.4408538,1789408026.4402776,9.633201925776458,24.03068932184367,1.607147112724263,-2.484905689798857,-0.5592161914800592,0.36931692912688585,3.177042977871862,33
1789408026.4509225,1789408026.4502807,9.607353932462118,24.024889524654945,1.610935190785167,-2.679041206674122,-0.5993629018302875,0.3871291697281119,3.1637405089920567,33
1789408026.4607875,1789408026.46037,9.57977063759077,24.018737546626745,1.6148619634064774,-2.872809530550909,-0.6387634556568009,0.4028785850049814,3.149673903527723,33
1789408026.4710484,1789408026.47041,9.549539201458582,24.01203800873365,1.6190325160317778,-3.0714170565066694,-0.6783947629448006,0.4167574153936117,3.1344120434313827,33
1789408026.4809926,1789408026.4802785,9.517937198002997,24.005081950603895,1.6232468757092475,-3.2656044267626023,-0.7163408477661557,0.42793187750761985,3.1186343782052575,33
1789408026.4908793,1789408026.4902742,9.484712689121997,23.997819978923367,1.6275208600354634,-3.456765908749202,-0.7528465489006645,0.4364204884210945,3.102243603055219,33
1789408026.5008798,1789408026.5002842,9.484712689121997,23.997819978923367,1.6275208600354634,-3.456765908749202,-0.7528465489006645,0.4364204884210945,3.102243603055219,33
1789408026.5109353,1789408026.5102546,9.411544874668396,23.98200981366931,1.6363796465759228,-3.837852377174034,-0.8227625949760876,0.4449851270263404,3.066873214595083,33
1789408026.5209801,1789408026.520272,9.372324096632886,23.973637174248896,1.6408206029046,-4.022762489967912,-0.8551153808292911,0.444604743426997,3.048332208526053,33
1789408026.5310287,1789408026.5302565,9.330975516115675,23.96488715229731,1.645273243391084,-4.205057180426084,-0.8858505114209432,0.4409274932973468,3.029107960195534,33
1789408026.5411098,1789408026.5404053,9.2882495349092,23.95592843886313,1.6496290519883205,-4.3811377709376975,-0.9143134568913451,0.4339291612928062,3.0095962628156405,33
1789408026.5508146,1789408026.5502565,9.243796257434065,23.94669698010753,1.6538981791244944,-4.552346332641513,-0.9406915215318599,0.42351702779800393,2.989682077623484,33
1789408026.560816,1789408026.5602903,9.197297310108464,23.937138618482685,1.6580784353678033,-4.719554218384475,-0.9650590948907743,0.4095218922198639,2.969279202203981,33
1789408026.5708048,1789408026.5702863,9.1493988800257,23.927397787637947,1.6620806102536418,-4.880227460581565,-0.9870023892337427,0.39209014026506916,2.9487262308445765,33
1789408026.5809805,1789408026.5802944,9.099889620681589,23.917442330508113,1.6658941619451095,-5.035034785003635,-1.0065900951676863,0.37115148660675984,2.927984160876623,33
1789408026.5910776,1789408026.5902727,9.049057075562706,23.907341208788043,1.6694685086701344,-5.183059157598092,-1.0236877131622293,0.34685162128746755,2.9072264644904204,33
1789408026.6009903,1789408026.600273,8.995920178026637,23.896913819278492,1.6728360048719828,-5.326931778175138,-1.0385482597458704,0.3187069240920638,2.886119808367646,33
1789408026.6108556,1789408026.610283,8.942382617835936,23.886545278641076,1.675848099219916,-5.461550947075257,-1.0506413845703009,0.2877963320140764,2.865474825550343,33
1789408026.6207006,1789408026.620273,8.886075694542225,23.87579094460575,1.6786042122461462,-5.592808652200574,-1.0604733996551845,0.25281312617183826,2.844443914009287,33
1789408026.630812,1789408026.6302805,8.830508877093434,23.86533105862947,1.6809109288602868,-5.712744496470029,-1.0674850958910858,0.21608124552879202,2.824384492370155,33
1789408026.6407232,1789408026.6402867,8.772680195946949,23.854608885614148,1.682876689089673,-5.828186589410526,-1.0721473944079556,0.17580772491093788,2.8042518575311384,33
1789408026.6506693,1789408026.6502504,8.713201289713151,23.843756906996504,1.6844372590731174,-5.937667110846057,-1.0743386639084798,0.13249919631427082,2.784346266407665,33
1789408026.6608543,1789408026.6602607,8.653598378367292,23.833063846913745,1.6855337630956575,-6.038631333527919,-1.0740742970862314,0.08747319913000004,2.7652253012719408,33
1789408026.6709597,1789408026.6703002,8.5932594066008,23.822426279374923,1.6861698662323448,-6.1325503594300965,-1.071476813115566,0.040522625264408564,2.7467213040108103,33
1789408026.6811283,1789408026.6803093,8.53076709521686,23.81161061995461,1.686329498684531,-6.221635770041487,-1.0664931563407354,-0.009250397359507013,2.7284729065424003,33
1789408026.6911886,1789408026.6904452,8.469006453700693,23.801125693047194,1.6859926349293475,-6.302056641373331,-1.0594418077056358,-0.059286053318498365,2.7113646572782364,33
1789408026.7010853,1789408026.7002645,8.404677065400232,23.790423188206756,1.6851247623207366,-6.378321850433111,-1.0500181864519775,-0.11197689026998865,2.6945352298580323,33
1789408026.7111673,1789408026.7102952,8.404677065400232,23.790423188206756,1.6851247623207366,-6.378321850433111,-1.0500181864519775,-0.11197689026998865,2.6945352298580323,33
1789408026.7212358,1789408026.7203257,8.27534371670305,23.769591897029386,1.6818141447695245,-6.5105891340921564,-1.0253038080016625,-0.21837010068699003,2.6638014335561553,33
1789408026.7310371,1789408026.7302732,8.210838335622551,23.759550033569923,1.6794003662287071,-6.567007556485367,-1.010404736914468,-0.2710086184926893,2.6500413662594924,33
1789408026.7409732,1789408026.7402496,8.145187733723946,23.749571023472186,1.6764383774643847,-6.618509122554633,-0.993681110849176,-0.32384591206871,2.637121574996994,33
1789408026.75091,1789408026.7502775,8.078127270193933,23.739631365338962,1.6729012838567796,-6.665397419635835,-0.9751217523431288,-0.37670253029927714,2.6250629841288635,33
1789408026.7609594,1789408026.7602394,8.012399044906248,23.73014019270449,1.6689494823236617,-6.706160153553909,-0.955623346272078,-0.42707352240242896,2.614368754808788,33
1789408026.771054,1789408026.7702727,7.945083830289703,23.72067953347005,1.6644240563455344,-6.7429845111162505,-0.9344518260035661,-0.47683745682416107,2.6045780177771594,33
1789408026.7809935,1789408026.7802775,7.876721362446164,23.711342537053287,1.6593556386897599,-6.77568743872611,-0.9118456276686526,-0.5251267251103044,2.595845016920472,33
1789408026.7911167,1789408026.7902815,7.809302079091557,23.70240327896731,1.6539158001379648,-6.803689762706711,-0.8885943213093446,-0.5701770638955248,2.588432728305102,33
1789408026.8012712,1789408026.8003242,7.809302079091557,23.70240327896731,1.6539158001379648,-6.803689762706711,-0.8885943213093446,-0.5701770638955248,2.588432728305102,33
1789408026.8112369,1789408026.8104022,7.672270560808239,23.68506192674655,1.641625019793154,-6.8490937804541545,-0.8389291437461288,-0.6524581692598372,2.577059766724921,33
1789408026.8212452,1789408026.8204093,7.603454808605661,23.676773510214677,1.6348947294114045,-6.866792664208502,-0.8130210959141879,-0.6883968544178628,2.5732228215392223,33
1789408026.831101,1789408026.8303027,7.534210585704774,23.668717549869854,1.6277955973759022,-6.881621560904764,-0.7864582884358983,-0.720484565901703,2.570630198793196,33
1789408026.840948,1789408026.8402975,7.466424801708574,23.661107156408303,1.6205678427028913,-6.893562377762398,-0.7600823604071668,-0.7476380702821254,2.5693254667027854,33
1789408026.8510292,1789408026.850297,7.396967477061031,23.65359174628945,1.6129198205078923,-6.903469770445309,-0.7327755412248192,-0.7708062372915869,2.547021892426643,41
1789408026.8609774,1789408026.8603806,7.327768608727716,23.646387963142082,1.6051029289826333,-6.911300634657661,-0.7053815348682934,-0.7889437842234711,2.5102172356442876,41
1789408026.870965,1789408026.8703637,7.258496939532865,23.63945901887377,1.597129576617461,-6.917391732961826,-0.6778542395833924,-0.801928177738504,2.474785769127506,41
1789408026.8809493,1789408026.8802574,7.1893203611811325,23.632820129940367,1.5890702283451772,-6.922004448486498,-0.6503337956903924,-0.8095371877654972,2.440859464962299,41
1789408026.8909588,1789408026.8902557,7.1201930761074,23.62646435334882,1.5809726777436017,-6.925405715473074,-0.622863997234212,-0.8116383825096865,2.408457903346915,41
1789408026.901115,1789408026.9002857,7.1201930761074,23.62646435334882,1.5809726777436017,-6.925405715473074,-0.622863997234212,-0.8116383825096865,2.408457903346915,41
1789408026.910979,1789408026.9103012,6.982440033940438,23.614621301236518,1.564921830967714,-6.929529693117818,-0.568402312655892,-0.7990213968807994,2.3485459997687683,41
1789408026.9208815,1789408026.9202888,6.913089003637059,23.609069516159327,1.5569957322911272,-6.930703330838987,-0.5411868030003909,-0.7841106073226449,2.32082134961434,41
1789408026.9308338,1789408026.9302926,6.843524826924764,23.60377424848991,1.5492250988302647,-6.931535913559317,-0.5140444844094626,-0.7634157190090198,2.2947115845695576,41
1789408026.9408133,1789408026.9402852,6.7747747141370285,23.59880835286788,1.5417780727948251,-6.932189800722692,-0.4873727327545376,-0.7373932464764024,2.2706232865459905,41
1789408026.9508753,1789408026.950284,6.7048877302100145,23.59403118246853,1.534501026611878,-6.9328357511812095,-0.46040085861431773,-0.7053958546203792,2.2479275729603665,41
1789408026.9609017,1789408026.9602814,6.634720999045826,23.58950827499896,1.5275477154784471,-6.933599641972369,-0.4334352179661852,-0.6678327858116343,2.2269991075425977,41
1789408026.9711616,1789408026.9702985,6.565347332648311,23.58530490779677,1.521073465789039,-6.934579211850928,-0.4068453816835287,-0.6255740702465632,2.208176823662001,41
1789408026.9810424,1789408026.9802365,6.496675093800393,23.581406541313864,1.5151058107922557,-6.935854237430955,-0.38054134658882166,-0.5790084941498954,2.1914119461635595,41
1789408026.9911134,1789408026.9902933,6.427341730924385,23.577735830838286,1.5095720968137583,-6.937513297192733,-0.35393673814380394,-0.527546396490227,2.1764042744958285,41
1789408027.0012562,1789408027.0002947,6.427341730924385,23.577735830838286,1.5095720968137583,-6.937513297192733,-0.35393673814380394,-0.527546396490227,2.1764042744958285,41
1789408027.0110157,1789408027.0102446,6.2883450645165935,23.571183977377103,1.5001333263889605,-6.942105453747736,-0.30014414042056636,-0.4124806245661984,2.1522486933627394,41
1789408027.0211082,1789408027.0202825,6.218931255774926,23.568319483106755,1.496319792434818,-6.945043542480034,-0.2728720998409663,-0.349964553110703,2.1432041156321167,41
1789408027.031122,1789408027.0302753,6.1498620938805155,23.56574289692441,1.4931607628397068,-6.948362943171913,-0.24533359113797784,-0.2850685560966012,2.136231688395424,41
1789408027.0408802,1789408027.0403783,6.080239361819536,23.56342641159745,1.4906420713512814,-6.952056744813025,-0.217061443946142,-0.21746983219861338,2.1312696395116792,41
1789408027.0508687,1789408027.0502756,6.010619631688558,23.561397384180747,1.4888102537177466,-6.956024719572325,-0.1881638927839406,-0.14824544856857602,2.1283984419312167,41
1789408027.0606804,1789408027.0602853,5.941291074080068,23.55966892269281,1.4876811182782685,-6.9601522487781065,-0.15865130533988087,-0.0782728752431881,2.1276293043970984,41
1789408027.0708382,1789408027.070274,5.871331527974962,23.558227889961266,1.4872514443406153,-6.964376135290957,-0.12801085312618754,-0.007217186248377805,2.128976337930688,41
1789408027.0811327,1789408027.0803006,5.802273496907299,23.55711273436222,1.4875270938361114,-6.968465745627218,-0.09680777000624474,0.06276098796608073,2.1324027615523877,41
1789408027.0910962,1789408027.090255,5.7317247222604495,23.556298782733545,1.4885209870945981,-6.972399283172714,-0.0638385662750664,0.13346077800696202,2.1380554614129745,41
1789408027.1010566,1789408027.1002758,5.7317247222604495,23.556298782733545,1.4885209870945981,-6.972399283172714,-0.0638385662750664,0.13346077800696202,2.1380554614129745,41
1789408027.1110418,1789408027.1102817,5.59259563241715,23.555701651737873,1.492538699441319,-6.978698763398087,0.004815703920083234,0.26812719538849705,2.15556351828692,41
1789408027.1210368,1789408027.120274,5.5225282043253685,23.555932409808456,1.4955551671510123,-6.98072406212931,0.041394677543030944,0.3323695639962967,2.167559612916843,41
1789408027.1310909,1789408027.1302774,5.453259601191001,23.556528355056972,1.4991554195324686,-6.981671745944002,0.07897116610207379,0.3927837084194904,2.1814946786242326,41
1789408027.1410303,1789408027.1402848,5.38379970500215,23.55750753255695,1.5033498235563183,-6.981326194773412,0.11811658269448948,0.44975589042533487,2.197523166950418,41
1789408027.1510253,1789408027.1502728,5.31365852692673,23.558899364393227,1.5081408939371828,-6.979398767806715,0.15917161871055285,0.5031282810730904,2.2157758232221876,41
1789408027.1609278,1789408027.16024,5.243389503618443,23.560715957670737,1.5134576156832422,-6.9755981148905475,0.20185760462413596,0.5519494176766527,2.236119714962942,41
1789408027.1710296,1789408027.170278,5.173486771509547,23.562958925845752,1.5192135324042,-6.969668889676844,0.24586563686578944,0.595485959184551,2.2583736049590666,41
1789408027.1810377,1789408027.1802766,5.103695276998665,23.565648830467172,1.5253753932288727,-6.961308428345423,0.29131932265081173,0.63358185587036,2.2825677091429646,41
1789408027.191106,1789408027.190273,5.0348013701372585,23.56876234524959,1.5318138259069665,-6.950355717215239,0.33763277120877366,0.6656120263938158,2.2784557337595723,224
1789408027.2011878,1789408027.200282,5.0348013701372585,23.56876234524959,1.5318138259069665,-6.950355717215239,0.33763277120877366,0.6656120263938158,2.2784557337595723,224
1789408027.2110808,1789408027.2102742,4.896157947850777,23.576475879638796,1.545626437951175,-6.918885925422776,0.43491462833929057,0.7122612893036325,2.257178247963945,224
1789408027.22106,1789408027.2202783,4.8267785665846095,23.58109641509137,1.5528550149835103,-6.897724810903381,0.48545286105710467,0.7262807839832127,2.248297514980355,224
1789408027.231136,1789408027.230403,4.757947924663595,23.58620380668929,1.5601615353862084,-6.871370062564431,0.5363110436425034,0.7349166768339463,2.2406480638959736,224
1789408027.2409968,1789408027.2403154,4.688998793385236,23.591852576970687,1.5675922401113287,-6.83379997857797,0.5863595962459986,0.7425092094335088,2.234147423029575,224
1789408027.2509618,1789408027.2502937,4.62140820358022,23.59790765164055,1.5750088516239624,-6.781133587418325,0.6330177836078582,0.7523380328624283,2.22891449076012,224
1789408027.2609823,1789408027.2603018,4.55353559845324,23.604497106888207,1.582645061650015,-6.709030225531216,0.6762264400966556,0.766595123801837,2.224811505420407,224
1789408027.2710292,1789408027.2703593,4.487579718167809,23.61137857628908,1.590320262595138,-6.618384978861285,0.7137322556589712,0.7854859842868349,2.2219490879838966,224
1789408027.281137,1789408027.280295,4.421440845948324,23.618738532519362,1.5983516597403458,-6.505903926639291,0.7460829559045055,0.8093348000982143,2.2039758579742768,209
1789408027.2910495,1789408027.290256,4.357174174989192,23.626315027913954,1.6065583425430803,-6.3754190263200226,0.771797177821626,0.8364149000369046,2.1856708506477895,209
1789408027.3011034,1789408027.3002827,4.357174174989192,23.626315027913954,1.6065583425430803,-6.3754190263200226,0.771797177821626,0.8364149000369046,2.1856708506477895,209
1789408027.310871,1789408027.310255,4.233135744238905,23.64205157675088,1.623797331378366,-6.065159017566562,0.8033389434665433,0.8938215084902935,2.1554188075613454,209
1789408027.3210106,1789408027.3202803,4.173337063790177,23.650121795370094,1.6328723208264513,-5.889302316470054,0.8091399249249731,0.9200581927049281,2.1432458670767827,209
1789408027.3310466,1789408027.3302908,4.114787191015402,23.65829684758041,1.6422806767774947,-5.701799516241431,0.808385046613416,0.9417443229068989,2.1328497492139733,209
1789408027.3410425,1789408027.3402877,4.059141434881959,23.66629054032574,1.6517055447705742,-5.5106633092014565,0.8014605364664754,0.9561931989203263,2.12435854138951,209
1789408027.351082,1789408027.3502862,4.00501013368517,23.67424680557932,1.6613054343020075,-5.313821391450798,0.78866761481993,0.9619365897805126,2.117383586132966,209
1789408027.3610685,1789408027.3602862,3.952488887823777,23.682103477920585,1.6709807294324994,-5.113756468735005,0.7703468947640933,0.9571282381392059,2.1118068203050444,209
1789408027.3709955,1789408027.370283,3.9027480245349873,23.689633974361353,1.680402132731276,-4.9171506942032925,0.7474934820140562,0.9407829868941883,2.1075805932662566,209
1789408027.3812027,1789408027.3802927,3.854466101543593,23.69698987596391,1.6896939788945586,-4.720653234227536,0.7201117355884185,0.9117868878932381,2.104429266592172,209
1789408027.3913038,1789408027.3903708,3.8081883960418543,23.704044360568027,1.6986210408048357,-4.527842631257046,0.6890403192098218,0.8700058014389724,2.1022533435699597,209
1789408027.4012597,1789408027.4002814,3.7635513839411265,23.710812201187835,1.7071168831511412,-4.33820299494527,0.6546327292995391,0.8152583617349574,2.1009001927927335,209
1789408027.4110293,1789408027.4102707,3.721393544705141,23.717131997091183,1.714893167180445,-4.155912533160526,0.6182234964275891,0.7495333912304583,2.100256554150508,209
1789408027.4210796,1789408027.4204037,3.6807020036906724,23.723127221434954,1.72201806527559,-3.9767461106080813,0.5796087458760931,0.6726804801804576,2.1001818144829625,209
1789408027.430995,1789408027.4302883,3.641808627697942,23.728725075208764,1.7283233441726884,-3.801817725143483,0.5396796522055981,0.5869257505120982,2.100575585905169,209
1789408027.440892,1789408027.4402802,3.6046649442809153,23.733916823687945,1.73373235249313,-3.630211344484349,0.49897991052439544,0.4943340792498754,2.1013419427040794,209
1789408027.4508832,1789408027.450255,3.568515176472057,23.73879388852644,1.7382725901361908,-3.4572131617679895,0.4571676518620862,0.395227273251181,2.102421887703373,209
1789408027.4606795,1789408027.4602587,3.5350218638254063,23.743131650872375,1.7417090184536377,-3.289550121026717,0.41668771082994444,0.29691229699195887,2.1036893236293746,209
1789408027.4708982,1789408027.4702845,3.50342780682349,23.74704232703686,1.7441564390351967,-3.122448588091083,0.377149575791588,0.20016403102138605,2.105097452492342,209
1789408027.4809418,1789408027.4802816,3.4730015171545756,23.750623999867013,1.7456827009776523,-2.950492108591439,0.33799442442959804,0.10529865908200405,2.1066293176251425,209
1789408027.4910715,1789408027.4902463,3.4444299703386396,23.753807532613894,1.7462861336909323,-2.7760407819434385,0.3004026537403156,0.016860455451592007,2.108208880458554,209
1789408027.501067,1789408027.5002759,3.4444299703386396,23.753807532613894,1.7462861336909323,-2.7760407819434385,0.3004026537403156,0.016860455451592007,2.108208880458554,209
1789408027.510862,1789408027.5102584,3.392086144161402,23.75914261659615,1.7450279297351525,-2.410397916435861,0.2298744394937569,-0.13464380095675454,2.111408814085934,209
1789408027.52093,1789408027.5202525,3.3691096798280604,23.761263670145954,1.7433971947466016,-2.2238384417937467,0.19837340482047383,-0.19228908479661994,2.1129197891841165,209
1789408027.530976,1789408027.530262,3.347954710196593,23.763087871196163,1.7412510414399738,-2.0327247293580006,0.1691254310693557,-0.23742954323506288,2.114358223940731,209
1789408027.5408938,1789408027.540283,3.3286466230665406,23.764638861919945,1.7387114035908813,-1.837697133722997,0.14223422907613356,-0.2694810418813095,2.1157040793624566,209
1789408027.550894,1789408027.5502927,3.311266966186506,23.765936223314707,1.7359137567672416,-1.6405755676090568,0.11785468604217607,-0.28825080759127264,2.116936524259891,209
1789408027.5609186,1789408027.5602553,3.295775989076671,23.767008381745494,1.7329766109593245,-1.4424680081878294,0.09595183307201276,-0.2941693533657706,2.118046297864967,209
1789408027.5709891,1789408027.5702865,3.2822275365737226,23.767875925627482,1.7300324791073205,-1.246262158624338,0.0766098220841819,-0.28806430169174424,2.119020422574303,209
1789408027.5809906,1789408027.580291,3.2708297856851223,23.76855039732837,1.7272551932368598,-1.0587470500480833,0.06013667462459797,-0.27177612905399257,2.119837753416024,209
1789408027.5910215,1789408027.5902855,3.261173648776868,23.769077908825043,1.7246605287200887,-0.8775203637260233,0.04595370145404337,-0.24683162010536575,2.1205243027857428,209
1789408027.60109,1789408027.6002865,3.261173648776868,23.769077908825043,1.7246605287200887,-0.8775203637260233,0.04595370145404337,-0.24683162010536575,2.1205243027857428,209
1789408027.6108952,1789408027.6102786,3.2469010202129347,23.76977060190342,1.720337476118389,-0.5481189458785782,0.02425358428034689,-0.17937334637088265,2.1215158785307127,209
1789408027.6209517,1789408027.6202781,3.242163653866956,23.7699719906939,1.7187396965579418,-0.40968421231875696,0.01664915967723158,-0.14261431676065317,2.121833292877386,209
1789408027.6310315,1789408027.6302936,3.238700720833811,23.770107138560167,1.7175016264827303,-0.2899322282716622,0.010802891719126408,-0.10666083307123575,2.1220585571571404,209
1789408027.6409473,1789408027.6402888,3.236321898652983,23.77019223172562,1.7166055562259235,-0.19079800251636314,0.006506219288497542,-0.0737643819951237,2.122208150846299,209
1789408027.6508818,1789408027.6502547,3.2348188254906227,23.770241429802585,1.7160121385996747,-0.11336115408578751,0.0035305125438815504,-0.04583743468394652,2.122299194569045,209
1789408027.660853,1789408027.6603057,3.23398085221545,23.77026648833771,1.7156670060747423,-0.05798024460729012,0.0016462425945110853,-0.02441311464753837,2.122347949378219,209
1789408027.6710162,1789408027.670281,3.23358900671528,23.770277176456748,1.7154993312664388,-0.022735829283690556,0.0005865126024135747,-0.00993611089869928,2.122369808494605,209
1789408027.6810532,1789408027.6802816,2.783056622653733,24.034361699502178,1.5606854164326622,-0.7778045896618785,0.35317686372946555,-0.2268883362147387,2.432283961971663,209
1789408027.6908696,1789408027.690276,2.775937615566453,24.03761518917577,1.558574444115214,-0.6586036515980327,0.30302813539299167,-0.1986349504425282,2.4367510543266566,209
1789408027.701162,1789408027.7002892,2.7698996447828215,24.0404108470825,1.55672448236927,-0.5483236945015008,0.2555629357523075,-0.1707769812362696,2.4405862577495268,209
1789408027.7110648,1789408027.7102952,2.764920444214027,24.042745668539016,1.5551502984498256,-0.44860986692180704,0.21171002770136993,-0.14407167160696366,2.4437852767321258,209
1789408027.720917,1789408027.7202826,2.760882321624653,24.044662541985165,1.553834798937547,-0.35943714025546125,0.17168709993429876,-0.11887225103878074,2.4464075216763876,209
1789408027.7312112,1789408027.7302876,2.757679026018143,24.04620128108461,1.5527608753604523,-0.2808894292327868,0.13574775562410335,-0.09554655472508489,2.448508604210938,209
1789408027.741039,1789408027.7402923,2.7552275266391075,24.04739245133576,1.5519161641963197,-0.213606601046878,0.1043982670503647,-0.07462933861109011,2.450131754488901,209
1789408027.7511194,1789408027.7502925,2.7552275266391075,24.04739245133576,1.5519161641963197,-0.213606601046878,0.1043982670503647,-0.07462933861109011,2.450131754488901,209
1789408027.7610738,1789408027.7602928,2.7520744007466993,24.04894851221457,1.550789066603085,-0.10989906873441102,0.054876837499912234,-0.04037735901410722,2.452245359563255,209
1789408027.770956,1789408027.7702882,2.751155969605182,24.049409374869594,1.550447770878748,-0.07190791769764848,0.03628469746266738,-0.027067571457893624,2.4528689830937194,209
1789408027.781056,1789408027.7802916,2.7505903412041257,24.049696092870914,1.5502326167047085,-0.04404158816462589,0.022443227022805434,-0.016956710233866357,2.4532559995507857,209
1789408027.7911053,1789408027.790282,2.750258927010349,24.049865714364046,1.5501037457165225,-0.024062177896019055,0.01238006128698066,-0.009468725327833383,2.453484398661134,209
1789408027.8012443,1789408027.8002965,2.7500878771578092,24.0499540868033,1.5500357990599138,-0.010847248938730125,0.005634207767421184,-0.0043610507187876735,2.453603104227778,209
1789408027.8108127,1789408027.8102808,2.750020028012431,24.04998946132765,1.5500082893974862,-0.003625981232791453,0.0019005317397358112,-0.0014877172489144996,2.453650507281774,209
1789408027.8209162,1789408027.8202813,2.750001695161943,24.04999910168656,1.5500007127052113,-0.0005766448042026084,0.00030495907147010115,-0.00024135039712547268,2.453663396517056,209
1789408027.8309758,1789408027.8303058,2.750000000917152,24.049999999510675,1.5500000003914147,-2.072250349982596e-06,1.105274199275641e-06,-8.837954519336222e-07,2.4536645944720243,209
1789408027.8410861,1789408027.8403182,2.750000000000001,24.05,1.5499999999999998,3.552713678800501e-15,9.769962616701378e-15,-1.2434497875801753e-14,2.4536645951237634,209
1789408027.850977,1789408027.8502705,2.750000000000001,24.05,1.5499999999999998,3.552713678800501e-15,9.769962616701378e-15,-1.2434497875801753e-14,2.4536645951237634,209
1789408027.8608694,1789408027.8603094,2.750000000000001,24.05,1.5499999999999998,3.552713678800501e-15,9.769962616701378e-15,-1.2434497875801753e-14,2.4536645951237634,209
1789408027.8709836,1789408027.8702767,2.750000000000001,24.05,1.5499999999999998,3.552713678800501e-15,9.769962616701378e-15,-1.2434497875801753e-14,2.4536645951237634,209
1789408027.8811443,1789408027.8802752,2.750000000000001,24.05,1.5499999999999998,3.552713678800501e-15,9.769962616701378e-15,-1.2434497875801753e-14,2.4536645951237634,209
1789408027.8912585,1789408027.8903687,2.750000000000001,24.05,1.5499999999999998,3.552713678800501e-15,9.769962616701378e-15,-1.2434497875801753e-14,2.4536645951237634,209
1789408027.9013267,1789408027.9002755,2.750000000000001,24.05,1.5499999999999998,3.552713678800501e-15,9.769962616701378e-15,-1.2434497875801753e-14,2.4536645951237634,209
1789408027.9109547,1789408027.9102705,2.750000000000001,24.05,1.5499999999999998,3.552713678800501e-15,9.769962616701378e-15,-1.2434497875801753e-14,2.4536645951237634,209
1789408027.9208918,1789408027.920268,2.750000000000001,24.05,1.5499999999999998,3.552713678800501e-15,9.769962616701378e-15,-1.2434497875801753e-14,2.4536645951237634,209
1789408027.930957,1789408027.9302714,2.750000000000001,24.05,1.5499999999999998,3.552713678800501e-15,9.769962616701378e-15,-1.2434497875801753e-14,2.4536645951237634,209
1789408027.94088,1789408027.9402688,2.750000000000001,24.05,1.5499999999999998,3.552713678800501e-15,9.769962616701378e-15,-1.2434497875801753e-14,2.4536645951237634,209
1789408027.9509723,1789408027.9502704,2.750000000000001,24.05,1.5499999999999998,3.552713678800501e-15,9.769962616701378e-15,-1.2434497875801753e-14,2.4536645951237634,209
1789408027.960958,1789408027.9603794,2.750000000000001,24.05,1.5499999999999998,3.552713678800501e-15,9.769962616701378e-15,-1.2434497875801753e-14,2.4536645951237634,209
1789408027.9708843,1789408027.9702497,2.750000000000001,24.05,1.5499999999999998,3.552713678800501e-15,9.769962616701378e-15,-1.2434497875801753e-14,2.4536645951237634,209
1789408027.9810102,1789408027.9802837,2.750000000000001,24.05,1.5499999999999998,3.552713678800501e-15,9.769962616701378e-15,-1.2434497875801753e-14,2.4536645951237634,209
1789408027.99099,1789408027.990245,2.750000000000001,24.05,1.5499999999999998,3.552713678800501e-15,9.769962616701378e-15,-1.2434497875801753e-14,2.4536645951237634,209
1789408028.0012333,1789408028.0003,2.750000000000001,24.05,1.5499999999999998,3.552713678800501e-15,9.769962616701378e-15,-1.2434497875801753e-14,2.4536645951237634,209
1789408028.0108252,1789408028.01027,2.744615148913545,24.04255196548677,1.5093297028195223,-0.6772191083140081,-0.6329557230608133,-0.3230419626795845,2.447358537672641,209
1789408028.0211132,1789408028.0203884,2.737314728182235,24.0358764037447,1.5058905662787765,-0.7841069153204804,-0.7018597771091283,-0.36494649314797,2.4421917437606497,209
1789408028.0311182,1789408028.0303,2.72888503591311,24.028502471591747,1.5020175299244793,-0.8985686448720646,-0.7685288427724504,-0.4077028151618725,2.4365832204289664,209
1789408028.0408902,1789408028.0403004,2.7194692134666463,24.02063763749235,1.4978008398490177,-1.0175415541490254,-0.8303795688021226,-0.44991819815986955,2.430720230859578,209
1789408028.0508769,1789408028.0502977,2.708529616759134,24.01193588919995,1.4930304918592552,-1.1464304247309929,-0.8891621054888209,-0.4931806062632959,2.424384325621862,209
1789408028.0608935,1789408028.0603187,2.696478899590716,24.002833979745443,1.487918983348844,-1.2790544207816377,-0.9410290817972812,-0.5350914817412351,2.417938665567682,209
1789408028.070935,1789408028.070289,2.6828318542194296,23.993075618246255,1.4822937819779827,-1.4196051235941627,-0.9867421917951296,-0.5766926409922499,2.4112520269658373,209
1789408028.0809329,1789408028.0802872,2.667933911455702,23.98302425659037,1.4763326381321986,-1.563400557006013,-1.023910377533432,-0.6163143711570583,2.404631072513149,209
1789408028.090919,1789408028.0902925,2.651568118775204,23.972639521077742,1.4699812501802902,-1.7117049768296555,-1.052297886857465,-0.6541101918485444,2.3981072977951694,209
1789408028.1009552,1789408028.1002812,2.651568118775204,23.972639521077742,1.4699812501802902,-1.7117049768296555,-1.052297886857465,-0.6541101918485444,2.3981072977951694,209
1789408028.1108775,1789408028.1102645,2.6145111348190953,23.951375784723353,1.4562791656305312,-2.017755562120842,-1.079720669013498,-0.7223893678991598,2.385941480831453,209
1789408028.1208453,1789408028.1202793,2.5933061102086494,23.940461642228975,1.4488194363556257,-2.177873392455131,-1.0776684079047611,-0.7529328927100143,2.3804529335791824,209
1789408028.1309795,1789408028.13028,2.5708027330763636,23.929776614096973,1.4411776896088568,-2.3379897776394047,-1.0645285274320178,-0.7799261787556945,2.375698008740084,209
1789408028.1408546,1789408028.1402915,2.5466916129009243,23.919277435938046,1.4332823553778695,-2.4998157412497797,-1.0400920660962478,-0.8035932635675698,2.3717468250136027,209
1789408028.1510427,1789408028.1502743,2.5207776410894924,23.909009517854813,1.425111742360236,-2.6639294957558493,-1.0039516958909467,-0.8238665599049915,2.36873695667131,209
1789408028.1609511,1789408028.1602519,2.4907849298573255,23.89834569515094,1.4160361575012586,-2.842753089933121,-0.9516500167463935,-0.8416510299064193,2.366753272409061,209
1789408028.1709757,1789408028.1702514,2.4641444153026923,23.889896949349666,1.4082968945371914,-2.992740482723534,-0.8974626396613408,-0.8530721291006337,2.366260868312863,209
1789408028.1810706,1789408028.180251,2.4334820390142036,23.881285112406324,1.399742183198366,-3.1562063579730055,-0.8277571996538646,-0.8618459114663531,2.3670865915581882,209
1789408028.1911216,1789408028.1902874,2.4017349963120287,23.87354382570329,1.3912609371968903,-3.3161830793177183,-0.7488600619747805,-0.8666741138593523,2.3694243880725114,209
1789408028.201138,1789408028.2002895,2.367211289054979,23.86639507213356,1.3824481600384162,-3.480540634615042,-0.6568863676089967,-0.8677028630291199,2.3735810299621396,209
1789408028.212051,1789408028.2102556,2.367211289054979,23.86639507213356,1.3824481600384162,-3.480540634615042,-0.6568863676089967,-0.8677028630291199,2.3735810299621396,209
1789408028.2209609,1789408028.2202814,2.2945812114139774,23.855309280198856,1.3652041818564078,-3.797812306453028,-0.44844269184460117,-0.8581491511819765,2.387399558167707,209
1789408028.231135,1789408028.2302887,2.256096051877513,23.851425229490772,1.3567299914205433,-3.9521880645266134,-0.33252667456168356,-0.8478511185162709,2.3972967573363717,209
1789408028.2408726,1789408028.2402942,2.216012245291514,23.8487234782826,1.3483595690946866,-4.104035357067688,-0.20943552306093668,-0.8340010886204041,2.4093560810538963,209
1789408028.251018,1789408028.2502806,2.173684432975664,23.84726327441139,1.3400002435253868,-4.255325516843441,-0.07801229750821569,-0.81643378959417,2.423913935092986,209
1789408028.2610953,1789408028.2602537,2.1299684614168495,23.847159256490873,1.331858554110022,-4.4026195899095155,0.058174845241898136,-0.7956078332918023,2.440794832663615,209
1789408028.2710364,1789408028.2702787,2.085751933415961,23.848409818161272,1.3241073676093593,-4.5430813550804565,0.19541012158265184,-0.7722109232053598,2.459657401887523,209
1789408028.2810583,1789408028.2802925,2.039564726892276,23.851074995144366,1.3165055094471954,-4.681359874291645,0.337307440274645,-0.7456773583815954,2.4811586171058675,209
1789408028.2911766,1789408028.2902932,1.9920404471769024,23.855168356480537,1.309186652238177,-4.815306100237518,0.4809312664402398,-0.7165241362685268,2.5050746950184832,209
1789408028.3014092,1789408028.3002965,1.9920404471769024,23.855168356480537,1.309186652238177,-4.815306100237518,0.4809312664402398,-0.7165241362685268,2.5050746950184832,209
1789408028.3110895,1789408028.310258,1.8935559824871695,23.86761040458776,1.295544867149611,-5.068516410667996,0.7678859552595194,-0.6515337498982187,2.5599063052026976,209
1789408028.3210843,1789408028.3202815,1.8422233434846398,23.87601063452093,1.2892011716364675,-5.188654422901021,0.9104361701406136,-0.6158409399432284,2.5910438356784757,209
1789408028.331039,1789408028.3302956,1.7896646862136802,23.885835618640463,1.2832183258124,-5.303996980678458,1.0506536850356132,-0.5783797026832627,2.6245664635771795,209
1789408028.3409503,1789408028.3402796,1.7359032990279362,23.897064559252534,1.277611305826576,-5.414479291746137,1.1875914760931598,-0.5393525889303048,2.66044322512581,209
1789408028.3509536,1789408028.3502817,1.6811591881360348,23.909621765626216,1.2724114880688004,-5.519685544779995,1.3198719114954376,-0.49910187812283974,2.698494589776238,209
1789408028.3607924,1789408028.3602858,1.6253832700645108,23.923478661316842,1.267619945454445,-5.619778492373365,1.4468592548085493,-0.45776668056067893,2.7387099651706475,209
1789408028.3708808,1789408028.3702843,1.5692738788553786,23.938400716737878,1.2632936629683726,-5.713687364825611,1.56638696625357,-0.4160310168603935,2.780514053272673,209
1789408028.3809845,1789408028.3803644,1.5112177632173995,23.954775020240486,1.2593170730885965,-5.804129172920056,1.6811466199731977,-0.37284793170526936,2.8250657033003317,209
1789408028.3910394,1789408028.390281,1.453162093144158,23.971998954391047,1.255828087689609,-5.8881414886097465,1.786660446871206,-0.32980664344738037,2.870814231183686,209
1789408028.4010327,1789408028.4002686,1.453162093144158,23.971998954391047,1.255828087689609,-5.8881414886097465,1.786660446871206,-0.32980664344738037,2.870814231183686,209
1789408028.4109626,1789408028.4102385,1.333849515915395,24.009656559165215,1.2501071906568182,-6.042208914662972,1.9740355633859148,-0.2422770130516613,2.968109199720683,209
1789408028.4209344,1789408028.4202712,1.273073857808487,24.029805809179692,1.2479039365070306,-6.1118314832860525,2.0541510896836352,-0.19836755633245298,3.0191302581812036,209
1789408028.4311495,1789408028.430273,1.2111858402742557,24.050859975825443,1.2461284630993157,-6.1770750270536565,2.125130025964691,-0.15422974281798496,3.0719467409040493,209
1789408028.4409716,1789408028.4402733,1.1498009400178633,24.07218052213289,1.2448167746748722,-6.2364957774086776,2.185048416025986,-0.11108299970098845,3.12508671951263,209
1789408028.4511003,1789408028.4502702,1.0872310876235978,24.09426491325025,1.243923743281026,-6.291974019529936,2.2355144446965287,-0.06779670912463215,3.1799213850126917,209
1789408028.4612195,1789408028.4602551,1.0238192335568188,24.116913560127504,1.2434600347186748,-6.343286130566193,2.2759193559700774,-0.024674844465483507,3.2360830357053967,209
1789408028.470931,1789408028.470279,0.9602080454384023,24.139809522659515,1.2434261173863967,-6.3901119437651275,2.3058240695925782,0.017806469440202394,3.2929213865000153,209
1789408028.481433,1789408028.4802828,0.8958519328954767,24.163060491171855,1.243816948658708,-6.4330650535448015,2.325532763496838,0.0599847110687826,3.3508431887817296,209
1789408028.4911773,1789408028.4902523,0.8310520626053889,24.1864694001598,1.244628935790468,-6.47213157136588,2.3349929297781764,0.10164090678105543,3.4095012530918734,209
1789408028.501222,1789408028.5002694,0.8310520626053889,24.1864694001598,1.244628935790468,-6.47213157136588,2.3349929297781764,0.10164090678105543,3.4095012530918734,209
1789408028.511047,1789408028.5102358,0.7007732161581226,24.23317585063076,1.2474820669227493,-6.539180705714795,2.324033406679426,0.182968321435378,3.5281273486975464,209
1789408028.520853,1789408028.5202823,0.6352566601712363,24.25631785443356,1.249510207972782,-6.567684200363623,2.3042678245677983,0.2226867209467258,3.587983563027199,209
1789408028.5308828,1789408028.5302708,0.5698256697069837,24.279094160752763,1.2519183328845178,-6.593043339085107,2.2756482985412756,0.26160113965627163,3.6101931657282678,97
1789408028.5408392,1789408028.540269,0.5039229851951383,24.30162222023123,1.2547210682487153,-6.615721443958785,2.238375390707255,0.30006833646675346,3.5433083544430617,97
1789408028.5511942,1789408028.5502758,0.43640669419517547,24.32420021399662,1.2579761518144976,-6.636253893776981,2.191973152593426,0.33875499008098775,3.4751742669132724,97
1789408028.5610588,1789408028.560276,0.3713065504729779,24.345424927143196,1.2614747304116634,-6.653721570355413,2.139925025036815,0.3753977955472125,3.409899151777404,97
1789408028.5709162,1789408028.5702715,0.30364739325505036,24.366854034992866,1.2654778720989757,-6.669713442100585,2.0788403032121967,0.41282691389946435,3.3425458168998223,97
1789408028.5811856,1789408028.5804098,0.23767624862111508,24.387074384052976,1.2697346161926866,-6.683429158849449,2.0130225775545316,0.44870702722313927,3.2773992672157735,97
1789408028.5913138,1789408028.5903997,0.17085450531276414,24.406825315556937,1.27439561624162,-6.695670825227147,1.940675311845821,0.48445156782028975,3.2119903068929863,97
1789408028.6012666,1789408028.600268,0.17085450531276414,24.406825315556937,1.27439561624162,-6.695670825227147,1.940675311845821,0.48445156782028975,3.2119903068929863,97
1789408028.6111073,1789408028.6102958,0.03665003464046543,24.444090651262506,1.2847944368052093,-6.716148045402017,1.7805916621772477,0.5544673061227506,3.0825688957521473,97
1789408028.6208863,1789408028.6202562,-0.03145631598605648,24.461694874540502,1.2905893277922733,-6.724879560284524,1.6930668820500565,0.5890923773555852,3.01797964501692,97
1789408028.6310503,1789408028.630279,-0.09880081703762401,24.478192447237728,1.2966538867324757,-6.732683274650757,1.603178420563909,0.6227111654119651,2.954897312537922,97
1789408028.640884,1789408028.6402485,-0.16523989823257565,24.493555932302915,1.3029565743842737,-6.73975269009995,1.5118176661808396,0.6552468829104116,2.893472942946657,97
1789408028.6509736,1789408028.6502807,-0.23293981748787712,24.508257740421758,1.3096986827277637,-6.746481692356954,1.4165507442636454,0.6877144763977625,2.83175651870137,97
1789408028.6610267,1789408028.6602943,-0.30122239205026224,24.522094863456516,1.3168182933115509,-6.752940701098149,1.3187994967421375,0.7197057047494487,2.7704495901872983,97
1789408028.670983,1789408028.6702783,-0.36882314949156614,24.53480172921241,1.3241746923016005,-6.759150991470324,1.2209034390148839,0.7505623211840358,2.710732657991136,97
1789408028.681229,1789408028.6803713,-0.4355985449959457,24.54637783508729,1.3317332635787447,-6.765225210833076,1.123588654101072,0.7801678793192983,2.6527461747812198,97
1789408028.6912084,1789408028.6903698,-0.5033058667120449,24.55712337822168,1.3396838188929092,-6.771426784828828,1.024746260781125,0.8092082330246295,2.5950136248471627,97
1789408028.7011476,1789408028.7002916,-0.5033058667120449,24.55712337822168,1.3396838188929092,-6.771426784828828,1.024746260781125,0.8092082330246295,2.5950136248471627,97
1789408028.7109323,1789408028.710304,-0.6390476590083277,24.575669862847032,1.356447067704799,-6.78431815701178,0.827729553760658,0.8640340697350299,2.4826878990290324,97
1789408028.7208762,1789408028.7202795,-0.7063756340501918,24.583401171129527,1.3651440345528782,-6.791055704353295,0.7313060503053672,0.8893084116297165,2.4287645219840033,97
1789408028.730894,1789408028.7302856,-0.7813397168973452,24.590883823419766,1.3751027094938892,-6.798879521588887,0.6254635351446378,0.915742163918895,2.370202298870693,97
1789408028.7407792,1789408028.7402804,-0.8423164100442336,24.596110185828568,1.3834025562547299,-6.805488815937659,0.5407923371486231,0.9357881424909099,2.3237616528563056,97
1789408028.7509077,1789408028.750276,-0.9107574000674603,24.601075756792643,1.3929144933842095,-6.812336820403175,0.4475668955651466,0.9565224790910838,2.2729637585962275,97
1789408028.7607636,1789408028.7603016,-0.9795779764413304,24.605131740548064,1.4026703541584995,-6.816673261247649,0.3560988960148714,0.9751951881208893,2.2233528895564643,97
1789408028.7713063,1789408028.770362,-1.04800390194844,24.60826021634102,1.4125419067877976,-6.816627237944822,0.26770884385151306,0.9913306981119901,2.1755413456861086,97
1789408028.781336,1789408028.780431,-1.11617355657589,24.610509284401896,1.4225287362672243,-6.810696454088953,0.18241083239926606,1.0047705437261367,2.129466072688567,97
1789408028.791147,1789408028.7903,-1.1834012595255883,24.611907518533368,1.432509376468627,-6.797779833666435,0.1011644958043219,1.01525946079722,2.0856049745789753,97
1789408028.8011627,1789408028.8003273,-1.1834012595255883,24.611907518533368,1.432509376468627,-6.797779833666435,0.1011644958043219,1.01525946079722,2.0856049745789753,97
1789408028.8109941,1789408028.8103766,-1.318708461928634,24.612363711904923,1.452927719026711,-6.746072815288639,-0.053199311235284354,1.0273982947230975,2.002309183422664,97
1789408028.8209667,1789408028.8204,-1.3868295214754693,24.611452663172628,1.4633418355036945,-6.705132805810711,-0.12609831396065332,1.0286838763357773,1.9630173231612316,97
1789408028.83104,1789408028.8302944,-1.4529211085907932,24.6098680240456,1.4735110323248597,-6.654817575273651,-0.19365819538054,1.026672315450781,1.9266722414478707,97
1789408028.8409438,1789408028.8402886,-1.5185478360892524,24.60762990128663,1.4836573214986164,-6.593857242361863,-0.25761212565130914,1.0213802459905694,1.892377630122415,97
1789408028.850917,1789408028.8502805,-1.5847176977976971,24.60471821144591,1.4939212591549889,-6.520668766811438,-0.31890119814034823,1.012600067079561,1.8596763302912558,97
1789408028.8608944,1789408028.8602502,-1.6488675689888943,24.601279371135018,1.503889007143386,-6.4379090883049175,-0.37522840988736816,1.0006668106461303,1.8298379781069996,97
1789408028.8708758,1789408028.8702776,-1.713827863796031,24.597187912008906,1.5139839055863518,-6.341706998568373,-0.4291395329025249,0.9850227075637644,1.8015606220492775,97
1789408028.8810976,1789408028.8802867,-1.7758457003321098,24.592714931162753,1.5236069494215463,-6.2377143400518,-0.4776470055796886,0.9666158744534534,1.7764472502242759,97
1789408028.8908653,1789408028.8902504,-1.837965491624251,24.58768132214598,1.5332148895199567,-6.12115103759046,-0.5233075487743903,0.9446408407065676,1.7531996363604547,97
1789408028.9010887,1789408028.9002903,-1.837965491624251,24.58768132214598,1.5332148895199567,-6.12115103759046,-0.5233075487743903,0.9446408407065676,1.7531996363604547,97
1789408028.9108813,1789408028.9102654,-1.9581029241546908,24.57636592980864,1.5516388171531788,-5.858552933394494,-0.6031856442483772,0.8915036052913057,1.7138918819455122,97
1789408028.9209096,1789408028.9202712,-2.015487280989429,24.570212891313368,1.5603287419515206,-5.7148536296385535,-0.6373513522374816,0.8608537221303646,1.6978571981107786,97
1789408028.9311955,1789408028.930286,-2.0720798612342306,24.563656962431885,1.5688015419786738,-5.560898371397873,-0.6684668321475267,0.8270553697581382,1.6838500390659672,97
1789408028.9409068,1789408028.940299,-2.1266340321384076,24.556864183755355,1.576855347556692,-5.400468510315889,-0.6959912942223099,0.7909258238522826,1.6720950180499379,97
1789408028.9508023,1789408028.9502716,-2.1800550035883672,24.549744745090116,1.5846089668857744,-5.231402361568154,-0.7205421376988926,0.7519640091820492,1.6622945191963427,97
1789408028.960771,1789408028.9602783,-2.232045951648073,24.542350158512708,1.5920015788286817,-5.054934690298491,-0.7420955893943302,0.7104172564607598,1.6544278586150953,97
1789408028.9707568,1789408028.9702713,-2.2808154508512146,24.534972754239295,1.5987702209922958,-4.878163862855686,-0.7601546915015696,0.6679647428968116,1.64859013434107,97
1789408028.9807787,1789408028.980268,-2.32917420342358,24.527208694617155,1.605291419662864,-4.6915703631384655,-0.775930845636005,0.6222957919000077,1.6443178851225089,97
1789408028.990919,1789408028.990302,-2.37515589121095,24.519381523316316,1.611281567216539,-4.503125619543627,-0.7888919145091676,0.575311175683537,1.6416980707584734,97
1789408029.0010793,1789408029.0002673,-2.4190732492226017,24.51146774562629,1.6167736044177672,-4.312529245979981,-0.7993392687891033,0.5269241860062333,1.6405504092840453,97
1789408029.0108235,1789408029.0102386,-2.461392362471392,24.50340043759372,1.6218125317740852,-4.1184738367979365,-0.8075407280999688,0.47676611093295546,1.6407391059105676,97
1789408029.0209424,1789408029.0202463,-2.501787868022055,24.49525542264878,1.626345033374171,-3.9231327535271436,-0.8135771523707399,0.4253540917406006,1.642148362863985,97
1789408029.0311015,1789408029.0302844,-2.5399255616392975,24.487124305473145,1.6303263945700883,-3.7290737387484145,-0.8175834174365484,0.373339534951806,1.6446255609303455,97
1789408029.040968,1789408029.04029,-2.57619109081956,24.47894854541247,1.6337905303748805,-3.5352956486319504,-0.8197794227179911,0.3204285524134215,1.6480610339225998,97
1789408029.050996,1789408029.050292,-2.610454219218706,24.470777454107203,1.6367172191775998,-3.3433925353524523,-0.8203188734707991,0.26702331313640487,1.6523229003879487,97
1789408029.0611508,1789408029.060322,-2.6430844355082312,24.46253880761398,1.6391277398187682,-3.1521362083252376,-0.8193528393804161,0.21273882408379302,1.6573518489573555,97
1789408029.0712008,1789408029.070404,-2.6740240646982505,24.45425721354614,1.6410030402416598,-2.962624866336829,-0.8170076995993877,0.15782852639499215,1.6630509909480284,97
1789408029.0810413,1789408029.080289,-2.7023804662720727,24.44620600505366,1.6422967645036177,-2.7815083884283824,-0.8135438802994213,0.10421838383289025,1.6691277149324504,97
1789408029.0910287,1789408029.0902746,-2.7299888387261695,24.437877247208387,1.6430811629837723,-2.5979237520171847,-0.8088662995317335,0.048638268099678805,1.675892686520877,97
1789408029.1012168,1789408029.1002746,-2.7299888387261695,24.437877247208387,1.6430811629837723,-2.5979237520171847,-0.8088662995317335,0.048638268099678805,1.675892686520877,97
1789408029.1109571,1789408029.1102848,-2.777761991968412,24.42207105304091,1.6429983628068818,-2.2621566878437163,-0.7973896967235077,-0.056725553507267545,1.6898218400558453,97
1789408029.1209497,1789408029.1202807,-2.7996913801737064,24.414085622123316,1.6421610763573296,-2.099910214080345,-0.7905156079564105,-0.10965022401460256,1.6972940670016736,97
1789408029.1308606,1789408029.130283,-2.8197835181433635,24.40626891670784,1.6408156564968595,-1.946626521143434,-0.7832221508029867,-0.1610833864743378,1.7048309021002466,97
1789408029.1409183,1789408029.1402783,-2.838482155939111,24.39848673083401,1.638953227411389,-1.8000162063816403,-0.7755021474594384,-0.21178321180124074,1.7125146701603733,97
1789408029.1509535,1789408029.1502888,-2.8560205347829526,24.390660896524416,1.6365485173877945,-1.659184865173415,-0.7673713189306042,-0.2621092884284695,1.7203887907659097,97
1789408029.160867,1789408029.1602786,-2.8717437822085445,24.383131968275702,1.6337272293097205,-1.5304798416574905,-0.7592871757308376,-0.3097554055409983,1.728075492624426,97
1789408029.1709921,1789408029.1702769,-2.8864227215192786,24.375585322040937,1.6303963326000293,-1.4086677237713272,-0.7510081383607246,-0.35660323305093555,1.7358660227276996,97
1789408029.181199,1789408029.1804092,-2.9000580805637246,24.36804731390816,1.6265648082170414,-1.2946915995397172,-0.742641071470185,-0.40233012547673486,1.7437131201472555,97
1789408029.1910288,1789408029.1902812,-2.9123686839030425,24.360729861778076,1.6223631452563239,-1.1918702696601366,-0.7344969187029317,-0.4455436272561323,1.7513770220973288,97
1789408029.2009037,1789408029.2002745,-2.9123686839030425,24.360729861778076,1.6223631452563239,-1.1918702696601366,-0.7344969187029317,-0.4455436272561323,1.7513770220973288,97
1789408029.2109497,1789408029.2102852,-2.9343392870136604,24.34620631112278,1.6126259934648854,-1.0122549512043069,-0.7185242309854875,-0.5272670827136359,1.7666747817866078,97
1789408029.2211032,1789408029.220292,-2.944203177310566,24.338962453773842,1.6070847037893823,-0.9355494235054396,-0.7107677812357613,-0.5657069919064125,1.7743298522135362,97
1789408029.2311304,1789408029.23028,-2.9531393307446354,24.33195695749768,1.601302347701584,-0.8699013854430468,-0.7034631890573353,-0.6012175408774642,1.781741135574084,97
1789408029.241114,1789408029.2402704,-2.96150590286913,24.32499196697923,1.595150870103377,-0.8131593248737374,-0.6964309149466716,-0.6347618347743852,1.7891141919461473,97
1789408029.2511284,1789408029.2502832,-2.969405681070922,24.318047990429797,1.5886306906709262,-0.7651965313320126,-0.6896792119250248,-0.666325065832519,1.7964680134364388,97
1789408029.2608678,1789408029.2603023,-2.9768204876188284,24.311216710139277,1.581853197664135,-0.7264759743333098,-0.6833126350817655,-0.6954221153364895,1.8037053159148246,97
1789408029.2708666,1789408029.2702677,-2.983979996129594,24.304362636915766,1.574707416407876,-0.6960710403030568,-0.6772144787037444,-0.7225541157890436,1.8109707622878004,97
1789408029.2810245,1789408029.2802682,-2.990818624486689,24.29762589235417,1.5673643453091832,-0.6743676860544134,-0.6715100221159855,-0.7471063977828343,1.8181179854335416,97
1789408029.291001,1789408029.2902694,-2.9974860354240613,24.290939400682852,1.5597819101247523,-0.6607157677519968,-0.6661300571101689,-0.7693115484337074,1.8252210683888574,97
1789408029.301001,1789408029.300267,-3.0041051692662983,24.284255168473482,1.551929722447008,-0.6547251793649167,-0.6610227805152342,-0.7892755573488517,1.8323348401157655,97
1789408029.3108606,1789408029.3103635,-3.010650687143168,24.277671599420184,1.5439509564593583,-0.6560471148176887,-0.6562395545354707,-0.806690301907032,1.8393588304519055,97
1789408029.3208396,1789408029.3202662,-3.017284172698852,24.27109478147096,1.5357598733776285,-0.6642019978536347,-0.6516809244822159,-0.8218058561102297,1.8463979350467776,97
1789408029.3308818,1789408029.3302708,-3.0239321279525218,24.264657920134724,1.527551604440028,-0.6784308837236033,-0.647400569289112,-0.8343521241475078,1.8533142797333608,97
1789408029.340901,1789408029.3404026,-3.0308582931559354,24.258162308116617,1.5190987663215105,-0.6986342117686952,-0.6432247001631173,-0.8447303646423046,1.8603267714182563,97
1789408029.3509045,1789408029.3503208,-3.0379650622529533,24.251751795356526,1.510611688608978,-0.7238701553204976,-0.6392012752671166,-0.8527072790496151,1.8672861120120057,97
1789408029.360913,1789408029.360273,-3.045269836775004,24.245446531036848,1.502144732497686,-0.7533428491844686,-0.6352910617456794,-0.8583508905388622,1.8741750612602244,97
1789408029.3709958,1789408029.3702703,-3.0530197386591853,24.239072490229624,1.493486338611096,-0.7873072979434762,-0.6313330999239336,-0.8618380087632656,1.8811900855678994,97
1789408029.38077,1789408029.3802724,-3.061152112593682,24.232720922309355,1.4847799955591054,-0.8247776394060297,-0.6273271581398763,-0.8631044981050005,1.8882383459845753,97
1789408029.3909993,1789408029.39027,-3.069494798034059,24.226541726541566,1.476253823969386,-0.8641639845452284,-0.6233129150659614,-0.8622372925537796,1.8951578595131344,97
1789408029.401067,1789408029.4002798,-3.069494798034059,24.226541726541566,1.476253823969386,-0.8641639845452284,-0.6233129150659614,-0.8622372925537796,1.8951578595131344,97
1789408029.410829,1789408029.410235,-3.0875779786042963,24.214189134888013,1.459114444610077,-0.9493909680355525,-0.614702969717068,-0.8543868643446101,1.9092039584309914,97
1789408029.420745,1789408029.4202688,-3.098409344347017,24.20738215312139,1.449654300944751,-0.9987580793610511,-0.6094786537632491,-0.8466400876698165,1.917083320254586,97
1789408029.4308434,1789408029.430268,-3.10762602406075,24.201889665735038,1.4420313408874172,-1.0391727094790917,-0.6049376687828565,-0.8386539803226237,1.9235224019190087,97
1789408029.4406898,1789408029.4402678,-3.1182061143635282,24.19588570820002,1.433721980461555,-1.083435680783297,-0.599580409722274,-0.8281808047547542,1.930651467150726,97
1789408029.4510171,1789408029.4504213,-3.1292974075605313,24.189898404981218,1.425472109710996,-1.1271557747411984,-0.593766521696672,-0.8159533079865695,1.9378622325423287,97
1789408029.461067,1789408029.4603026,-3.14074148157924,24.184011676119233,1.4174075401293296,-1.1692233965942505,-0.5875273026155494,-0.8022245604260223,1.9450583384804798,97
1789408029.470813,1789408029.4702792,-3.1525411863605717,24.1782159215471,1.4095229250478807,-1.2092606338819134,-0.5808145454223215,-0.7870822393661919,1.9522539221706048,97
1789408029.4808745,1789408029.4802747,-3.1648394459635214,24.172437715206435,1.4017260100790465,-1.2473292375367175,-0.5734949200151823,-0.7704051958360172,1.9595446264330378,97
1789408029.4909146,1789408029.49027,-3.1774957328787754,24.16673985244381,1.3941082209375422,-1.2825872048132976,-0.5655989619442692,-0.7524368415183988,1.966855788862892,97
1789408029.500979,1789408029.500273,-4.348917979059569,24.050403993698573,1.5503019045494864,-0.0685466105295256,-0.025409022633607226,-0.018735663655489176,1.9931812356401817,244
1789408029.5108345,1789408029.5102847,-4.349468779466341,24.050199258239118,1.5501501627002383,-0.04077610815140886,-0.015205876506870553,-0.011337697952510606,1.9928291598681673,244
1789408029.5208473,1789408029.5202985,-4.34977535250111,24.05008463860899,1.5500642957542738,-0.02167800442454748,-0.008130356881177025,-0.006125785235255865,1.9926325960651978,244
1789408029.5308754,1789408029.530295,-4.349926055534714,24.0500279804526,1.550021419971291,-0.009548166708490236,-0.003600984470603308,-0.002740382387886875,1.9925356790319826,244
1789408029.5409834,1789408029.540296,-4.349984322858881,24.05000595723177,1.550004594378271,-0.003022796153641316,-0.001146135288968786,-0.0008805408544843019,1.9924980967608386,244
1789408029.550937,1789408029.5504642,-4.349998910648649,24.05000041568457,1.5500003229316288,-0.00041453124734580626,-0.00015800870829263403,-0.00012252065733342477,1.9924886611387709,244
1789408029.5610986,1789408029.5604374,-4.349999999990208,24.050000000003752,1.5500000000029353,-6.89324775038358e-08,-2.6408939035604817e-08,-2.065750148716461e-08,1.9924879547467598,244
1789408029.5713127,1789408029.570449,-4.3500000000000005,24.05,1.5500000000000007,5.329070518200751e-15,2.6645352591003757e-15,2.6645352591003757e-15,1.9924879547403955,244
1789408029.581113,1789408029.580277,-4.3500000000000005,24.05,1.5500000000000007,5.329070518200751e-15,2.6645352591003757e-15,2.6645352591003757e-15,1.9924879547403955,244
1789408029.5910947,1789408029.5902705,-4.3500000000000005,24.05,1.5500000000000007,5.329070518200751e-15,2.6645352591003757e-15,2.6645352591003757e-15,1.9924879547403955,244
1789408029.6011539,1789408029.600234,-4.3500000000000005,24.05,1.5500000000000007,5.329070518200751e-15,2.6645352591003757e-15,2.6645352591003757e-15,1.9924879547403955,244
1789408029.6110744,1789408029.6102743,-4.3500000000000005,24.05,1.5500000000000007,5.329070518200751e-15,2.6645352591003757e-15,2.6645352591003757e-15,1.9924879547403955,244
1789408029.6208932,1789408029.6202667,-4.3500000000000005,24.05,1.5500000000000007,5.329070518200751e-15,2.6645352591003757e-15,2.6645352591003757e-15,1.9924879547403955,244
1789408029.6310313,1789408029.6302688,-4.3500000000000005,24.05,1.5500000000000007,5.329070518200751e-15,2.6645352591003757e-15,2.6645352591003757e-15,1.9924879547403955,244
1789408029.640917,1789408029.640284,-4.3500000000000005,24.05,1.5500000000000007,5.329070518200751e-15,2.6645352591003757e-15,2.6645352591003757e-15,1.9924879547403955,244
1789408029.6509645,1789408029.6502767,-4.3500000000000005,24.05,1.5500000000000007,5.329070518200751e-15,2.6645352591003757e-15,2.6645352591003757e-15,1.9924879547403955,244
1789408029.661058,1789408029.6602523,-4.3500000000000005,24.05,1.5500000000000007,5.329070518200751e-15,2.6645352591003757e-15,2.6645352591003757e-15,1.9924879547403955,244
1789408029.6709566,1789408029.6702695,-4.3500000000000005,24.05,1.5500000000000007,5.329070518200751e-15,2.6645352591003757e-15,2.6645352591003757e-15,1.9924879547403955,244
1789408029.6810749,1789408029.6802754,-4.3500000000000005,24.05,1.5500000000000007,5.329070518200751e-15,2.6645352591003757e-15,2.6645352591003757e-15,1.9924879547403955,244
1789408029.6909661,1789408029.6902688,-4.3500000000000005,24.05,1.5500000000000007,5.329070518200751e-15,2.6645352591003757e-15,2.6645352591003757e-15,1.9924879547403955,244
1789408029.701025,1789408029.700236,-4.3500000000000005,24.05,1.5500000000000007,5.329070518200751e-15,2.6645352591003757e-15,2.6645352591003757e-15,1.9924879547403955,244
1789408029.7107317,1789408029.7102356,-4.3500000000000005,24.05,1.5500000000000007,5.329070518200751e-15,2.6645352591003757e-15,2.6645352591003757e-15,1.9924879547403955,244
1789408029.7209406,1789408029.7202768,-4.3500000000000005,24.05,1.5500000000000007,5.329070518200751e-15,2.6645352591003757e-15,2.6645352591003757e-15,1.9924879547403955,244
1789408029.7309597,1789408029.7302463,-4.410495119893292,24.08195706627845,1.5675827992616431,-0.8378148846515312,0.1638666389345089,-0.16893375041871295,2.006939868427791,244
1789408029.740871,1789408029.7402732,-4.4195563118425145,24.083728401188733,1.5657677539925723,-0.9765439416812162,0.19080113341568988,-0.1943611617589812,2.006338194127816,244
1789408029.750954,1789408029.7503026,-4.430160482763402,24.08579903462094,1.563672065814432,-1.1260221214748936,0.21974124400613257,-0.2210060950255492,2.0056739838072755,244
1789408029.7610161,1789408029.7602725,-4.442385869074933,24.088183148990712,1.5612905850119254,-1.2850715721154522,0.2504333930534446,-0.2484886696410453,2.0049617207419494,244
1789408029.771202,1789408029.770281,-4.455795121877149,24.09079436047112,1.5587176864127537,-1.4466660682368535,0.2815001094038719,-0.2754741299548939,2.004246441325068,244
1789408029.7812066,1789408029.7803068,-4.471042953529648,24.093758828536846,1.5558382805279367,-1.6173524854806898,0.31417503116398376,-0.30292201406922786,2.00351700914802,244
1789408029.7913446,1789408029.7902756,-4.4882712043655975,24.097102224675165,1.5526403728463118,-1.796639784955201,0.348326664546641,-0.33054153684504983,2.0028003737116844,244
1789408029.801408,1789408029.8004072,-4.507079544326823,24.100744856460167,1.549212565614732,-1.9788794827835794,0.3828442243830567,-0.35728749101802104,2.0021483514604825,244
1789408029.8113165,1789408029.8102586,-4.527893713576,24.10476691118411,1.5454924475471454,-2.166928918061265,0.41823258782509964,-0.3834103950412506,2.001585430267123,244
1789408029.8210182,1789408029.8202837,-4.527893713576,24.10476691118411,1.5454924475471454,-2.166928918061265,0.41823258782509964,-0.3834103950412506,2.001585430267123,244
1789408029.8311505,1789408029.8302727,-4.574818020274904,24.11379914938061,1.5373716924720158,-2.5491975261459294,0.4893431579637419,-0.43152483800520314,2.000927683660568,244
1789408029.8409297,1789408029.8402855,-4.601442484499706,24.118901933588326,1.5329200236257978,-2.745371238543376,0.5253385734588565,-0.45338847833207613,2.000930815166469,244
1789408029.8509474,1789408029.8502746,-4.630118791707351,24.124379797786023,1.528246547465042,-2.942911080092647,0.5611894385212283,-0.4732763178966224,2.0012385150147636,244
1789408029.8609443,1789408029.8602467,-4.660269065458181,24.13011855997039,1.5234650247879478,-3.1372453796399062,0.596023781316351,-0.49059110156806474,2.0019018073134474,244
1789408029.8708382,1789408029.8702843,-4.693018957206105,24.136327675318984,1.5184213987441253,-3.334769412542031,0.6309317020628875,-0.505707846086147,2.0030159909774903,244
1789408029.8812294,1789408029.8804023,-4.726802421114217,24.14270551413905,1.5133794766371547,-3.5254890100435743,0.6640985520856932,-0.5177166703961609,2.0045936268141715,244
1789408029.8911335,1789408029.8903718,-4.763627366978203,24.14962532839951,1.50806691223083,-3.720030092767036,0.6973113446111634,-0.5270983485508425,2.0068068479500227,244
1789408029.9011667,1789408029.9002905,-4.801256486311139,24.1566607162519,1.5028333901358744,-3.9060084820434815,0.7283979325487828,-0.5330915318332271,2.0095977387791244,244
1789408029.910802,1789408029.9102826,-4.801256486311139,24.1566607162519,1.5028333901358744,-3.9060084820434815,0.7283979325487828,-0.5330915318332271,2.0095977387791244,244
1789408029.920834,1789408029.9202754,-4.88277040562481,24.17177359387789,1.4921640903013413,-4.270550331491443,0.7870793172630237,-0.5351977565428309,2.017464002032878,244
1789408029.930969,1789408029.9302816,-4.92680953618406,24.17986331872438,1.4867767532155471,-4.448512563302582,0.8144257431453181,-0.5308956563258413,2.0227404644386864,244
1789408029.940911,1789408029.9402785,-4.971788708116103,24.188069186165325,1.4815458455445667,-4.618232097960428,0.8395468348567179,-0.523026153723245,2.028864518149175,244
1789408029.9510522,1789408029.9502923,-5.018995255907976,24.19661813670636,1.4763502234863692,-4.784462408488711,0.8631017215509824,-0.5113231688878687,2.036082483952974,244
1789408029.9609382,1789408029.9603515,-5.067726973483909,24.205373256729345,1.4713025998372684,-4.944411036926574,0.8846285629528239,-0.4958658283626788,2.0443732710957194,244
1789408029.9708877,1789408029.9702759,-5.117488061675228,24.214237637572104,1.466479447866909,-5.096566467859891,0.903900795048545,-0.4768523396731408,2.0537079839952015,244
1789408029.981054,1789408029.9802785,-5.169551138924413,24.223427688855892,1.4617915355067286,-5.244680479530948,0.9213419297708086,-0.45377521999379006,2.064400708253763,244
1789408029.9910684,1789408029.9902842,-5.222573608222528,24.23269560331189,1.4573943241037501,-5.384817834383936,0.9364393941802512,-0.4272285481110263,2.076248433942192,244
1789408030.0011516,1789408030.0002818,-5.222573608222528,24.23269560331189,1.4573943241037501,-5.384817834383936,0.9364393941802512,-0.4272285481110263,2.076248433942192,244
1789408030.0107412,1789408030.0102801,-5.333135438867172,24.251711389174876,1.449451601828391,-5.645861679266443,0.9600308335737192,-0.3632173994830824,2.103988214341048,244
1789408030.0209532,1789408030.020275,-5.3898707409581235,24.261300213583315,1.4460203849329574,-5.765093150819717,0.9683502241630904,-0.3264257643506521,2.119773772439285,244
1789408030.0310113,1789408030.03028,-5.4483614121170225,24.271060670484633,1.442941175266712,-5.878577526608087,0.9744642857935638,-0.2860986938650829,2.1371169633059908,244
1789408030.0408382,1789408030.0402663,-5.50757169014911,24.28080803906167,1.4402977736219142,-5.984404861505122,0.9782674845142296,-0.24309932158949174,2.155752803975054,244
1789408030.0512133,1789408030.0503745,-5.568566988083488,24.290705033859222,1.4380724430561185,-6.084578404234707,0.9798339571096073,-0.19682735844957913,2.1760569286149223,244
1789408030.0609913,1789408030.060287,-5.629025693081558,24.300366403256685,1.4363639644732524,-6.1756347335418535,0.9791808243914322,-0.1492901010503629,2.1972607228407424,244
1789408030.0709798,1789408030.0702648,-5.691313043916623,24.310161037012467,1.435119484900149,-6.261466925898901,0.9763585830322034,-0.09889034047927475,2.2201966454464594,244
1789408030.0810866,1789408030.0802672,-5.754809601994914,24.31997534274065,1.4343863640303423,-6.341207759501772,0.9713829485425979,-0.04635232160792738,2.244683316043025,244
1789408030.0911162,1789408030.0902708,-5.818355146732531,24.329620486302655,1.4341895909771911,-6.413712681385864,0.9644249696457192,0.0070662593382660845,2.2702712980797575,244
1789408030.101022,1789408030.100262,-5.818355146732531,24.329620486302655,1.4341895909771911,-6.413712681385864,0.9644249696457192,0.0070662593382660845,2.2702712980797575,244
1789408030.1110153,1789408030.110392,-5.9479731211050355,24.34872838454908,1.4354282734799944,-6.541043843881123,0.944661726020402,0.117254953380496,2.3256754687260957,244
1789408030.121027,1789408030.1203952,-6.01430622736607,24.35820434947251,1.436896455344502,-6.596523574940622,0.9319377886749873,0.1735659258996652,2.3556199362119727,244
1789408030.130845,1789408030.1302533,-6.079380786521286,24.367295897674598,1.438871412312933,-6.64518358506028,0.9179167757786026,0.22828600461263895,2.3859935577044835,244
1789408030.140796,1789408030.140271,-6.145916668707074,24.376378101732623,1.4414246980951606,-6.689464392456763,0.9021388095483428,0.283336835653626,2.4180330844212095,244
1789408030.1507385,1789408030.150274,-6.213611000359903,24.385393050253217,1.4445601925213867,-6.72926652011872,0.8847251853122023,0.3380372682802518,2.45161312654362,244
1789408030.1608133,1789408030.1602478,-6.280642754247776,24.394092230689015,1.4481806943177875,-6.763869578083742,0.8662617352120345,0.39052593991165985,2.4858038167759102,244
1789408030.1707845,1789408030.170281,-6.348925081679634,24.402717639778817,1.4523744081667247,-6.794598345382584,0.8463383037892018,0.44189528277258777,2.521556029950973,244
1789408030.1808305,1789408030.180245,-6.416983858278093,24.411074820058154,1.4570374352572846,-6.821072095306341,0.8254898367560857,0.4906085441012554,2.5580824390319106,244
1789408030.1909633,1789408030.190363,-6.48495402409407,24.419179487304373,1.4621480804654126,-6.843740444884291,0.8038080715846179,0.5364060680080709,2.5954142397009368,244
1789408030.2011325,1789408030.200284,-6.48495402409407,24.419179487304373,1.4621480804654126,-6.843740444884291,0.8038080715846179,0.5364060680080709,2.5954142397009368,244
1789408030.210981,1789408030.2102463,-6.6225967640733,24.43484413651579,1.4737580357332036,-6.879535276187391,0.7577628815893027,0.6189392094299769,2.6734867467079453,244
1789408030.2210615,1789408030.2203188,-6.691050956350519,24.44225905966839,1.4800891131093592,-6.892976450088207,0.7340311706198853,0.6541934386571828,2.713483149928106,244
1789408030.2310517,1789408030.2302783,-6.7601316696840135,24.449487702435942,1.4868000339067253,-6.904039309331547,0.7096698927214804,0.6854250725121436,2.7545910525249075,244
1789408030.2409894,1789408030.2402756,-6.8289905577267636,24.45643872506884,1.4937676517655232,-6.912874877765027,0.6850761878632106,0.7119081349481876,2.7962829053330496,244
1789408030.2508187,1789408030.2502718,-6.898061512283409,24.463156067846683,1.500989235039492,-6.91983571744539,0.6601885950009471,0.7335329701728549,2.838793203206074,244
1789408030.2610068,1789408030.2603106,-6.968270191246242,24.469722721660087,1.5085177106477148,-6.925249746727477,0.6347534420398904,0.7501911676119437,2.8826844304530357,244
1789408030.2710302,1789408030.2702794,-7.037257702360734,24.47591935029672,1.5160476436695094,-6.929208293281601,0.6096994526239651,0.7611214719056703,2.926454915860647,244
1789408030.2809558,1789408030.2802818,-7.106117009630677,24.48185270630034,1.5236409742470023,-6.93206498250804,0.5846928808222243,0.7664878497936493,2.9707550619459284,244
1789408030.2910347,1789408030.2902884,-7.175469753933906,24.487575671984068,1.5313114554617142,-6.934072856000137,0.5595573333021071,0.7661690942700149,3.015966399224315,244
1789408030.3010483,1789408030.3002813,-7.175469753933906,24.487575671984068,1.5313114554617142,-6.934072856000137,0.5595573333021071,0.7661690942700149,3.015966399224315,244
1789408030.3108213,1789408030.3102696,-7.313758287661538,24.49823548552087,1.5464473424128549,-6.936328855302085,0.5097198577102033,0.748120262874545,3.1078079549713116,244
1789408030.3207755,1789408030.3202627,-7.390876732032348,24.503748765712444,1.5546591934148826,-6.937030150795513,0.48212806091088545,0.7279730140854715,3.112050939136151,130
1789408030.330903,1789408030.3303638,-7.453459815066768,24.507997582757103,1.561132588897704,-6.937509901298288,0.4598402437279954,0.7063920243196228,3.091434911392916,130
1789408030.340942,1789408030.3402789,-7.522735072955265,24.512466391601457,1.5680447303428156,-6.938083100076768,0.435258611937291,0.6771607700258693,3.0699727742132565,130
1789408030.350838,1789408030.350284,-7.591530388798583,24.51666128145499,1.574592612282478,-6.938811103575552,0.4109084388887044,0.6427505263052502,3.0500946597937992,130
1789408030.360897,1789408030.3602881,-7.661171334929841,24.520661459097685,1.580846370236445,-6.939808565636674,0.3862742570755866,0.6026901066174449,3.031452252118707,130
1789408030.3709621,1789408030.3702784,-7.730708098109756,24.52440819004832,1.586663546263948,-6.941143326489421,0.3616321617843939,0.5577309411772644,3.0143460897398016,130
1789408030.3809583,1789408030.3802478,-7.8008047664985325,24.52793389758962,1.5920466427057574,-6.942886657739069,0.3366725723153477,0.5077404050024159,2.9986499098326136,130
1789408030.3909812,1789408030.3902552,-7.869914457361085,24.53116139947727,1.5968370786466681,-6.945027288562115,0.31186360833750026,0.45425143910399113,2.9833573172081884,34
1789408030.4011347,1789408030.4002438,-7.869914457361085,24.53116139947727,1.5968370786466681,-6.945027288562115,0.31186360833750026,0.45425143910399113,2.9833573172081884,34
1789408030.4108088,1789408030.4102533,-8.008702166546176,24.536886467612224,1.6047522909562606,-6.9505978966725,0.2610550749442622,0.33599852015633963,2.887328019648373,34
1789408030.420956,1789408030.420245,-8.079000581972336,24.53939289354415,1.6078263072887535,-6.954011447966029,0.23460009768784063,0.2715842208731062,2.8401242943716603,34
1789408030.4309542,1789408030.4302454,-8.147470668574114,24.541572908684156,1.6101815648773077,-6.957645332779392,0.20821774630667986,0.20662734695570292,2.795133661812937,34
1789408030.440929,1789408030.4402788,-8.216981866741396,24.54351578500199,1.6119088424244081,-6.961563050048859,0.18069403962044944,0.13901011994323892,2.750499578987472,34
1789408030.4510813,1789408030.4502537,-8.28770872974551,24.545205115138668,1.6129663608072875,-6.965676813349799,0.1517984119719284,0.06908862347531153,2.7062112575758133,34
1789408030.4610152,1789408030.460271,-8.35749707211746,24.546578601732403,1.6133105587400687,-6.96973232499815,0.12228167312256838,-0.00039440195907186615,2.6636767767177063,34
1789408030.4709754,1789408030.4702816,-8.426480789990409,24.547639737628867,1.6129671896695335,-6.973591060453252,0.09200645270143078,-0.06894285531216734,2.6228248068523237,34
1789408030.4811695,1789408030.4803092,-8.496654090804052,24.548405306479744,1.6119258167915502,-6.977194751166811,0.059973254386506164,-0.13791451688022072,2.5825415870393713,34
1789408030.4910722,1789408030.4902856,-8.565333480744751,24.54883591177888,1.6102417032421046,-6.980225995559228,0.02731070897750037,-0.20407793146842093,2.5444172691323956,34
1789408030.5012393,1789408030.5002797,-8.565333480744751,24.54883591177888,1.6102417032421046,-6.980225995559228,0.02731070897750037,-0.20407793146842093,2.5444172691323956,34
1789408030.5111113,1789408030.5102646,-8.705313657888551,24.548682388283847,1.604846784413035,-6.984052788353946,-0.043652640259485245,-0.3324398923902774,2.470948686839498,34
1789408030.5210798,1789408030.520276,-8.775106598389245,24.54805897530172,1.6012241226816109,-6.984324517816204,-0.08138960081539222,-0.3920494190971745,2.4365708182547636,34
1789408030.53104,1789408030.5302656,-8.844685595561257,24.547053919688363,1.5970369817607166,-6.983182230803503,-0.12064673190710977,-0.4478612373546485,2.4038799194466205,34
1789408030.540994,1789408030.5402868,-8.91446477790302,24.545644428787803,1.5922981425770293,-6.980354274752417,-0.16169178233660167,-0.4997218005690693,2.372749744079,34
1789408030.551003,1789408030.5502708,-8.984162891680807,24.543817642044132,1.5870669613316042,-6.975568988546965,-0.20437872722143402,-0.5469645285291554,2.343379681874801,34
1789408030.560978,1789408030.5602505,-9.054119574214523,24.54154492040016,1.581361697021351,-6.968501503842267,-0.2489166345058651,-0.5893947228355879,2.3157038679784887,34
1789408030.5709808,1789408030.5703528,-9.123785345170761,24.538825973756065,1.5752761899460286,-6.958903150704068,-0.2949277215862707,-0.626321693063997,2.2900087835890597,34
1789408030.581001,1789408030.5802794,-9.193162224267027,24.535647834243637,1.5688663561846568,-6.946489787604626,-0.3423442630792491,-0.6575012683595222,2.2663396275341925,34
1789408030.5909753,1789408030.5902822,-9.263173166444403,24.53194569933966,1.5620984215912204,-6.930741997167453,-0.3917372461941376,-0.6830385909884913,2.244464856884119,34
1789408030.601172,1789408030.6002443,-9.263173166444403,24.53194569933966,1.5620984215912204,-6.930741997167453,-0.3917372461941376,-0.6830385909884913,2.244464856884119,34
1789408030.6110406,1789408030.6102831,-9.40145750634379,24.523097316177676,1.5480682436296653,-6.888756506396737,-0.49345620711108634,-0.7151706436941215,2.2074551081630323,34
1789408030.6209886,1789408030.6202717,-9.471079172611041,24.51783393470139,1.5407859405465552,-6.860706829691975,-0.5458908574819602,-0.7222714590614475,2.192060653402078,34
1789408030.6310027,1789408030.6302779,-9.539241759329443,24.51215239999414,1.5335720555952161,-6.823671765110465,-0.5939735638103841,-0.7258917003886016,2.179146556520626,34
1789408030.6409152,1789408030.6402593,-9.606597939591326,24.506059762783895,1.5263676439123397,-6.773080678855038,-0.6347525637983699,-0.7287294086814671,2.168481318675618,34
1789408030.6510513,1789408030.6502545,-9.673455826303151,24.499598966349332,1.5191224451573997,-6.705829851367767,-0.6664246685867566,-0.7325227206274786,2.159927379636078,34
1789408030.6609566,1789408030.6602955,-9.740288370865168,24.49279778700815,1.511748905755558,-6.619405340111549,-0.6881894182305793,-0.7383716313722994,2.153355170592684,34
1789408030.670905,1789408030.6702762,-9.805711845938337,24.485878262648153,1.504355679542926,-6.514826472312554,-0.6996421931487369,-0.7466416142407393,2.1487846000817807,34
1789408030.681003,1789408030.6802485,-9.870180746855366,24.478872393877825,1.496846652578843,-6.3916988027644495,-0.7017808587954353,-0.7573783785132158,2.146029604527936,34
1789408030.6911087,1789408030.6902776,-9.933500324730712,24.471867674970284,1.4891991213887734,-6.251112061061684,-0.6959382154141486,-0.7702018013414861,2.1449633642613426,34
1789408030.7012541,1789408030.7003775,-9.995666035711343,24.46491673212343,1.4813727889627186,-6.094246042683246,-0.683832474018457,-0.7844793854712103,2.14545489273809,34
1789408030.710989,1789408030.710275,-10.055770419515957,24.45815695586264,1.4734550567490603,-5.92520383940548,-0.6676799462554063,-0.799143112945101,2.1473489214394643,34
1789408030.7213786,1789408030.720294,-10.115015481611387,24.45147006725298,1.4652667787175135,-5.74243139014026,-0.649256965241251,-0.8134922141778965,2.1505643438017374,34
1789408030.7311327,1789408030.7303574,-10.17048064133831,24.445184788152314,1.4572194643442207,-5.557452662060466,-0.6315491856334583,-0.8258117285460159,2.154787562304968,34
1789408030.7409363,1789408030.7402794,-10.224925709229904,24.438970372715634,1.4489341160686517,-5.3635592504059435,-0.615561366936996,-0.8357347018646796,2.160089899015508,34
1789408030.7507565,1789408030.7502391,-10.277595241975828,24.432877480613644,1.4405377846806922,-5.165115371160652,-0.6032057680506377,-0.8420959487032251,2.166342830182717,34
1789408030.7606988,1789408030.7602744,-10.328451953322826,24.426861903388396,1.4320683293703849,-4.964055528832162,-0.5958826052629393,-0.8439814509218598,2.1734789981475786,34
1789408030.7706492,1789408030.7702625,-10.37730584872856,24.420887764257156,1.4236024968411007,-4.762775433380997,-0.5946307657354551,-0.8406253652652049,2.18141619527536,34
1789408030.7808204,1789408030.7802792,-10.423939698679868,24.41491991727334,1.4152361846314512,-4.563641888341967,-0.599972685546142,-0.8315259419963172,2.190060779128992,34
1789408030.7908177,1789408030.7902663,-10.46830328379215,24.408905702340142,1.4070452572044014,-4.368080436273188,-0.6118944241101234,-0.8164525532267553,2.1993414356451977,34
1789408030.8009284,1789408030.8002706,-10.511381879130413,24.402644274681254,1.398911964332109,-4.172434756493064,-0.6304068565726719,-0.7948497104025595,2.2094380955253605,34
1789408030.8108277,1789408030.8102837,-10.552100573772043,24.39623280510436,1.3911059293808314,-3.981956821753479,-0.6543203473151165,-0.7672908583258766,2.2200668573158686,34
1789408030.8207412,1789408030.8202665,-10.590914523458213,24.389562702113707,1.3836081969763492,-3.794685006170475,-0.6826105516911678,-0.7338955794302294,2.2312836454772396,34
1789408030.8308566,1789408030.830284,-10.627989227332165,24.382571456907026,1.3764487205343263,-3.609553475719018,-0.7138826898092359,-0.6950048181412405,2.243088539448997,34
1789408030.8409097,1789408030.8402722,-10.662754366729798,24.375361505327085,1.3697917482706714,-3.429006445842448,-0.7458100372090422,-0.6520096207898574,2.2552208874739565,34
1789408030.8508425,1789408030.8502693,-10.696460626406774,24.367666948138105,1.36344538822777,-3.2457175510572824,-0.7775559525830298,-0.6041235496121709,2.2680560826712854,34
1789408030.8608239,1789408030.8602724,-10.728384137625932,24.35964794973858,1.357586871121771,-3.062422882800276,-0.8063290031037776,-0.5531137293535248,2.2812687299789225,34
1789408030.8707702,1789408030.8702936,-10.757792514137337,24.351551622241793,1.3523699195972239,-2.882749809294542,-0.8294789788042413,-0.501336988729692,2.2944206367613544,34
1789408030.8807952,1789408030.8802743,-10.785535569136938,24.34322141004947,1.34765080743115,-2.701015040482321,-0.8459175803646289,-0.4484473230608153,2.307750573371219,34
1789408030.8910294,1789408030.8902855,-10.811465312992661,24.33476815758392,1.3434572626298118,-2.5174517638264287,-0.8539189218383288,-0.39567764520516996,2.3210718686484415,34
1789408030.9008608,1789408030.900267,-10.836252553661613,24.326029654544833,1.3396814964475479,-2.3262125787027013,-0.8519880573129358,-0.3424766580003021,2.3346334539669495,34
1789408030.9110177,1789408030.9102721,-10.858256906892034,24.317687883605075,1.3365515577776015,-2.14005789942413,-0.8394853130587623,-0.29325298966589547,2.3473900948824733,34
1789408030.9209824,1789408030.9202647,-10.878734137137398,24.30939084540034,1.333853895098842,-1.949227893209848,-0.8156285018971389,-0.2460281975513937,2.3599034423856797,34
1789408030.9309392,1789408030.9302683,-10.897138973039915,24.301458508329624,1.3316301312276284,-1.7592819468051586,-0.7809224455710784,-0.2026803894916365,2.371710174338664,34
1789408030.9409857,1789408030.940279,-10.913769167865347,24.293871847849076,1.329805854217035,-1.5683696980831208,-0.7353550749707936,-0.16304014618787027,2.3828634543332434,34
1789408030.9509873,1789408030.9502664,-10.928696736699125,24.2866925847727,1.328337724189624,-1.3767033973137286,-0.6792694328485689,-0.12734280951106278,2.3932947106915763,34
1789408030.9610164,1789408030.9602675,-10.941655597025228,24.280148759024048,1.3272109613011571,-1.1896628832988627,-0.6149986134794528,-0.0965307756256279,2.4026982721070476,34
1789408030.970928,1789408030.970268,-10.95251856920983,24.274415577796834,1.3263876044981415,-1.012857248488292,-0.5459580356542352,-0.07108560337746528,2.4108532892439434,34
1789408030.9810042,1789408030.9802659,-10.961783929776438,24.269324482474076,1.3257864481595254,-0.8420299303667824,-0.4718873215131132,-0.049919576226612916,2.418026520087558,34
1789408030.991737,1789408030.990241,-10.969343940837513,24.26501324227117,1.3253769807487124,-0.6830939193702509,-0.3966461576402409,-0.03327866358410879,2.4240469295467784,34
1789408031.000981,1789408031.0002677,-10.969343940837513,24.26501324227117,1.3253769807487124,-0.6830939193702509,-0.3966461576402409,-0.03327866358410879,2.4240469295467784,34
1789408031.0108914,1789408031.0102828,-10.980168966570353,24.258536010356192,1.3249521358520846,-0.4031165952794231,-0.24940391182677724,-0.011372388415581455,2.4329851090312213,34
1789408031.020946,1789408031.0202658,-10.983633603862279,24.25636350848849,1.3248704403882166,-0.2886868619935129,-0.18366897415247885,-0.005331246811726448,2.435947756943186,34
1789408031.0310292,1789408031.0302918,-10.98600388691688,24.254837278005702,1.3248369378763716,-0.19518892672456511,-0.12735849765806828,-0.0018078760738374777,2.438014832184579,34
1789408031.0407746,1789408031.0402637,-10.987573182510133,24.253801876722367,1.3248289763508176,-0.11958406251358511,-0.07990724639093116,-2.5405489885721444e-05,2.4394082018258394,34
1789408031.0509183,1789408031.0502634,-10.988471707699636,24.25319550861479,1.3248322648881776,-0.06492187378204273,-0.04432975687337515,0.0005409755266190253,2.440219343009366,34
1789408031.06098,1789408031.0602438,-10.988923354199757,24.252884368797897,1.3248376559222352,-0.028540545000236506,-0.01988459729414993,0.00047340745910917637,2.4406332773567834,34
1789408031.0709794,1789408031.0702817,-10.98909644248913,24.25276284496351,1.324841086333944,-0.008474794963625243,-0.006016141076509829,0.00020785163894643244,2.4407941352939693,34
1789408031.0811708,1789408031.080285,-10.989135205137282,24.25273516201265,1.3248421380694968,-0.0009052318622422284,-0.0006538987910071903,2.90992946445634e-05,2.4408306130750934,34
1789408031.0911412,1789408031.0903108,-10.989137193364922,24.252733721647733,1.324842204546088,7.105427357601002e-15,5.329070518200751e-15,-2.4424906541753444e-15,2.4408325039097356,34
1789408031.10104,1789408031.1002312,-10.989137193364922,24.252733721647733,1.324842204546088,7.105427357601002e-15,5.329070518200751e-15,-2.4424906541753444e-15,2.4408325039097356,34
1789408031.111013,1789408031.1102335,-10.989137193364922,24.252733721647733,1.324842204546088,7.105427357601002e-15,5.329070518200751e-15,-2.4424906541753444e-15,2.4408325039097356,34
1789408031.1211858,1789408031.120269,-10.989137193364922,24.252733721647733,1.324842204546088,7.105427357601002e-15,5.329070518200751e-15,-2.4424906541753444e-15,2.4408325039097356,34
1789408031.131056,1789408031.1302729,-10.989137193364922,24.252733721647733,1.324842204546088,7.105427357601002e-15,5.329070518200751e-15,-2.4424906541753444e-15,2.4408325039097356,34
1789408031.1409292,1789408031.1402743,-10.989137193364922,24.252733721647733,1.324842204546088,7.105427357601002e-15,5.329070518200751e-15,-2.4424906541753444e-15,2.4408325039097356,34
1789408031.1509168,1789408031.1502643,-10.989137193364922,24.252733721647733,1.324842204546088,7.105427357601002e-15,5.329070518200751e-15,-2.4424906541753444e-15,2.4408325039097356,34
1789408031.160752,1789408031.1602783,-10.989137193364922,24.252733721647733,1.324842204546088,7.105427357601002e-15,5.329070518200751e-15,-2.4424906541753444e-15,2.4408325039097356,34
1789408031.1708744,1789408031.1702743,-10.989137193364922,24.252733721647733,1.324842204546088,7.105427357601002e-15,5.329070518200751e-15,-2.4424906541753444e-15,2.4408325039097356,34
1789408031.1810062,1789408031.180267,-10.989137193364922,24.252733721647733,1.324842204546088,7.105427357601002e-15,5.329070518200751e-15,-2.4424906541753444e-15,2.4408325039097356,34
1789408031.1912038,1789408031.1903782,-10.989137193364922,24.252733721647733,1.324842204546088,7.105427357601002e-15,5.329070518200751e-15,-2.4424906541753444e-15,2.4408325039097356,34
1789408031.2011235,1789408031.2002609,-10.989137193364922,24.252733721647733,1.324842204546088,7.105427357601002e-15,5.329070518200751e-15,-2.4424906541753444e-15,2.4408325039097356,34
1789408031.2110963,1789408031.2102773,-10.989137193364922,24.252733721647733,1.324842204546088,7.105427357601002e-15,5.329070518200751e-15,-2.4424906541753444e-15,2.4408325039097356,34
1789408031.221166,1789408031.220268,-10.989137193364922,24.252733721647733,1.324842204546088,7.105427357601002e-15,5.329070518200751e-15,-2.4424906541753444e-15,2.4408325039097356,34
1789408031.2309768,1789408031.2302778,-10.989137193364922,24.252733721647733,1.324842204546088,7.105427357601002e-15,5.329070518200751e-15,-2.4424906541753444e-15,2.4408325039097356,34
1789408031.240963,1789408031.2402737,-10.989137193364922,24.252733721647733,1.324842204546088,7.105427357601002e-15,5.329070518200751e-15,-2.4424906541753444e-15,2.4408325039097356,34
1789408031.2511373,1789408031.2502646,-10.989137193364922,24.252733721647733,1.324842204546088,7.105427357601002e-15,5.329070518200751e-15,-2.4424906541753444e-15,2.4408325039097356,34
1789408031.2608685,1789408031.2602344,-10.989137193364922,24.252733721647733,1.324842204546088,7.105427357601002e-15,5.329070518200751e-15,-2.4424906541753444e-15,2.4408325039097356,34
1789408031.2711015,1789408031.2702932,-11.015275995570114,24.28035834219918,1.3226722944189473,-0.9376312713954108,0.12757433760766956,-0.0549488867199479,2.420776863751981,34
1789408031.28104,1789408031.280311,-11.02549052713009,24.28175294205775,1.3220722350184555,-1.089735331397403,0.1492688850954379,-0.0641657145986548,2.42210314698646,34
1789408031.2909284,1789408031.2902412,-11.037047414467594,24.283341238074655,1.3213900885518606,-1.2478888554686725,0.17204213418096642,-0.07382929264155752,2.423636063176221,34
1789408031.301084,1789408031.3002892,-11.050439663589279,24.28519368986828,1.3205957524435918,-1.4168070948013434,0.19659268793389728,-0.08424065381570534,2.4254571736604498,34
1789408031.3111596,1789408031.3102767,-11.065572573763161,24.28730026959065,1.3196936489629598,-1.593046020616377,0.22244151741028426,-0.09520270906163744,2.4275746818732036,34
1789408031.3212972,1789408031.3202803,-11.082559431564976,24.289679645354386,1.3186758002910115,-1.7760648232189975,0.24952160264156292,-0.10669495003607969,2.430029014895732,34
1789408031.3313072,1789408031.330273,-11.101174601959505,24.29230276283936,1.3175545367117647,-1.962005141271919,0.27726437444784846,-0.11848530264796146,2.4328145688677325,34
1789408031.3412387,1789408031.3402739,-11.12180167258397,24.295226193879635,1.3163054753353634,-2.153336962911209,0.306036097966115,-0.13074012856107511,2.436020314102886,34
1789408031.35125,1789408031.350275,-11.144359438990747,24.298441069496278,1.31493209552315,-2.347832836477079,0.3354974302018946,-0.14332739615856863,2.4396713957443956,34
1789408031.361563,1789408031.3602767,-11.168454344803616,24.30189311575734,1.3134571459250615,-2.5412500651225804,0.3649878851976609,-0.15597709368604742,2.4437406959551176,34
1789408031.371701,1789408031.370272,-11.195099716395871,24.305729699057917,1.311817075488785,-2.7404890756259737,0.3955418569695367,-0.16914799411549084,2.4484462433367695,34
1789408031.381706,1789408031.3802834,-11.223468432930407,24.30983376502801,1.3100611820308852,-2.938113465238089,0.4259960518913952,-0.18235528929990166,2.4536949342065406,34
1789408031.3911428,1789408031.390292,-11.25371622876901,24.31422879248985,1.308178578096705,-3.1346015634577205,0.4563882878662131,-0.1956297286300201,2.4595639375207843,34
1789408031.4011343,1789408031.4002802,-11.285937449578421,24.318929277007168,1.306162049522161,-3.32985505169547,0.48666327876052684,-0.208962904175666,2.466126459695335,34
1789408031.4107246,1789408031.4102833,-11.285937449578421,24.318929277007168,1.306162049522161,-3.32985505169547,0.48666327876052684,-0.208962904175666,2.466126459695335,34
1789408031.4209108,1789408031.4202776,-11.356029524002063,24.329207886003278,1.3017391095493562,-3.7125783792071867,0.546037815126329,-0.23550455705842885,2.481511551595732,34
1789408031.4310255,1789408031.4302692,-11.394256369304433,24.33483746085707,1.2993077553451684,-3.900754094584337,0.5751349421345457,-0.24874428009037447,2.4905430476445174,34
1789408031.4408977,1789408031.4402766,-11.434047752948802,24.34071035830406,1.2967638415592397,-4.083462500795557,0.6032376878349205,-0.2617088099685389,2.5004238166951644,34
1789408031.450999,1789408031.4502642,-11.47622826055608,24.34694621954146,1.294053800775194,-4.2640478096367875,0.6307886767444857,-0.2746155013990329,2.51143060205783,34
1789408031.46102,1789408031.4602292,-11.519771926109785,24.353390532655865,1.291243003112871,-4.4378003303566,0.6569945503750108,-0.2871024806099187,2.523366044779933,34
1789408031.4709544,1789408031.4702759,-11.564371965443101,24.359994113182104,1.2883515385332267,-4.60376354677128,0.6816483257442243,-0.2990682550647562,2.5361914567576402,34
1789408031.4810138,1789408031.4802742,-11.611522643033458,24.366973844055593,1.2852826084428148,-4.767292829056963,0.7054654520389786,-0.31086285117823476,2.5504070308354834,34
1789408031.491097,1789408031.490244,-11.659600501514076,24.37408431266446,1.282142345969566,-4.922608730467831,0.7275243167290358,-0.3220278331333611,2.56559208702147,34
1789408031.5012279,1789408031.500265,-11.659600501514076,24.37408431266446,1.282142345969566,-4.922608730467831,0.7275243167290358,-0.3220278331333611,2.56559208702147,34
1789408031.5110722,1789408031.5102441,-11.761960663069397,24.389178817155692,1.275428747842945,-5.219491104476417,0.7676017568193565,-0.3430488409737986,2.6002149858745165,34
1789408031.5209758,1789408031.5202663,-11.814841943685451,24.39694193517118,1.271950853967341,-5.356958315737,0.784916887408414,-0.3524968969658544,2.6193076038968197,34
1789408031.531031,1789408031.5302644,-11.868144382596384,24.40473500211275,1.268442724337761,-5.485794899258624,0.8002063093299593,-0.36106960294842827,2.622167324360917,7
1789408031.5411046,1789408031.540291,-11.923994577863153,24.41286006549652,1.264767804448646,-5.611186750654588,0.8140244698896075,-0.36903654189767665,2.5770846974808213,7
1789408031.551162,1789408031.550275,-11.980898884532538,24.421089485520287,1.2610286235523223,-5.7296614425607935,0.8259130010639444,-0.3760863645464429,2.5315713465730396,7
1789408031.5611577,1789408031.5603445,-12.038275685164077,24.429330781986227,1.2572682476868593,-5.840389942808098,0.8357854609826059,-0.3820983757703997,2.4861329688703,7
1789408031.5711625,1789408031.5704045,-12.097470822750811,24.437767305525337,1.2534043813189004,-5.946157815586598,0.8438697461643592,-0.3871350133915673,2.439757431178928,7
1789408031.5809374,1789408031.58028,-12.157591245475242,24.446260560732618,1.2495024151990042,-6.045447437368747,0.8500210161496671,-0.3910198496671645,2.3932086229046763,7
1789408031.59107,1789408031.5902548,-12.218149288956463,24.45473261715153,1.2456013887516888,-6.137796685035312,0.8542424105154763,-0.39365511213461213,2.3469142134826457,7
1789408031.60097,1789408031.600246,-12.218149288956463,24.45473261715153,1.2456013887516888,-6.137796685035312,0.8542424105154763,-0.39365511213461213,2.3469142134826457,7
1789408031.6108022,1789408031.610242,-12.342760807625725,24.47187777009387,1.2376976804025541,-6.305954743424491,0.8572004041085707,-0.3949170343660312,2.253668002597657,7
1789408031.6209779,1789408031.6202517,-12.406804316230398,24.480526024648448,1.2337180020460572,-6.382006423667323,0.8559799947271699,-0.39331081197037704,2.2068788963679338,7
1789408031.6311252,1789408031.630273,-12.470594818755657,24.489021976800785,1.2298226925358533,-6.451404400497853,0.8530859917499682,-0.39013243855741264,2.1610973741167347,7
1789408031.6410766,1789408031.6402657,-12.535347064065512,24.497519972347586,1.2259496105556487,-6.515807655811493,0.8485650235612934,-0.3852484229638086,2.1155121863319306,7
1789408031.6509917,1789408031.6502664,-12.601222978064316,24.506029982228526,1.2221050082282325,-6.575502732688406,0.8424615958861856,-0.37851617000225274,2.070103326400234,7
1789408031.6609488,1789408031.660232,-12.666604022904245,24.514336391589268,1.2183974126674937,-6.629323091592345,0.8350354028197308,-0.3700256919245602,2.026053388806499,7
1789408031.670962,1789408031.670272,-12.73374938918944,24.522717934678038,1.2147158828971794,-6.679335853264768,0.8261249982820245,-0.3593785329036062,1.9819279168924224,7
1789408031.6811135,1789408031.680283,-12.800027312103378,24.530839577872626,1.2112218465935256,-6.723808731727594,0.8161861242092351,-0.3469031612606606,1.9395382886182995,7
1789408031.691119,1789408031.6902628,-12.867705685406936,24.53897439698243,1.2078132610419867,-6.764520611517972,0.8049990938094929,-0.33209937939764417,1.8975119655947286,7
1789408031.70109,1789408031.7002628,-12.936247775500778,24.547047468625152,1.2045423034722795,-6.801211882712421,0.7927359904830785,-0.31493265568379025,1.856314095630234,7
1789408031.7110183,1789408031.71023,-13.004680127563503,24.554939685579374,1.2014764249113963,-6.833567349139374,0.7796894476979548,-0.295567718792001,1.8166233705815007,7
1789408031.7208436,1789408031.720264,-13.072658437842069,24.56261241481866,1.1986470405892156,-6.861733805066629,0.7660630538619485,-0.274092971352903,1.7786937102248859,7
1789408031.7312474,1789408031.730392,-13.141157562732404,24.570175132279903,1.1960330637276047,-6.886349200553542,0.7517840101018537,-0.25016809784025335,1.7420572864392765,7
1789408031.7409582,1789408031.7402923,-13.210363667456631,24.577644197178895,1.1936539255064276,-6.907607216878849,0.7369185725094108,-0.22364600378343183,1.7067339399874066,7
1789408031.750814,1789408031.7502728,-13.28047439143188,24.58503595251834,1.1915333294054158,-6.925663212820018,0.7215249245586733,-0.19435876904574126,1.67276217664727,7
1789408031.760726,1789408031.7602315,-13.3494343201081,24.592136251303423,1.1897532226333718,-6.940211625306367,0.706161030531722,-0.16318136133791017,1.6412071663169459,7
1789408031.7706833,1789408031.7702646,-13.41859530307203,24.599089958174915,1.1882938373965652,-6.9517982196137815,0.6906241922677692,-0.12956995268807645,1.611489903386088,7
1789408031.780777,1789408031.7802625,-13.488381924041915,24.60593940956172,1.1871738848034663,-6.960628486462462,0.6748998983593161,-0.09331141243487363,1.5835404738305205,7
1789408031.7909985,1789408031.7903001,-13.558250160475863,24.612631719661685,1.186429431834852,-6.966773440900864,0.6591808798013581,-0.05470674041057063,1.5576844991454613,7
1789408031.8010795,1789408031.8002682,-13.558250160475863,24.612631719661685,1.186429431834852,-6.966773440900864,0.6591808798013581,-0.05470674041057063,1.5576844991454613,7
1789408031.8109848,1789408031.8102663,-13.696501554821946,24.62540025096375,1.1861522857958442,-6.971677315241442,0.62835455466495,0.02816605150682982,1.5130788401418631,7
1789408031.8211703,1789408031.8203998,-13.76685730141216,24.6316633806021,1.1866633071396573,-6.970816238718366,0.6128764191186182,0.07343592437008774,1.4938607545606037,7
1789408031.831104,1789408031.830266,-13.835780182898294,24.637649852569616,1.1876165248000021,-6.967996708898398,0.5978681362525158,0.11963473657656716,1.477392695478,7
1789408031.8409915,1789408031.840263,-13.905307020008525,24.64354232400625,1.1890503435726991,-6.963333833697677,0.5828760689471258,0.16793441172308876,1.4631997213600114,7
1789408031.8511145,1789408031.850273,-13.975656331339328,24.649357487993665,1.1910013089652594,-6.956921365119446,0.5678326792516317,0.21835152292087953,1.4513606881499752,7
1789408031.8611104,1789408031.860262,-14.04486101525951,24.654935841449777,1.193426962578459,-6.949110578528896,0.5531158200638977,0.269257269601586,1.4422297570071516,7
1789408031.871109,1789408031.870267,-14.1151742163237,24.660460506979614,1.1964197753233792,-6.939810420490358,0.5381856578077729,0.3220707758919987,1.4355406834311595,7
1789408031.881155,1789408031.8802674,-14.183668856011419,24.66570411987635,1.1998584336956928,-6.929582784697931,0.5235881348647985,0.37432564665334656,1.431556423633875,7
1789408031.8909972,1789408031.8902638,-14.252222434889871,24.670815169804023,1.2038258287326336,-6.9183423091762934,0.5088346677077792,0.42715303760576717,1.430085351648504,7
1789408031.9013152,1789408031.900288,-14.252222434889871,24.670815169804023,1.2038258287326336,-6.9183423091762934,0.5088346677077792,0.42715303760576717,1.430085351648504,7
1789408031.9109592,1789408031.9102452,-14.391698621430283,24.680782161857387,1.2135435685040283,-6.892978611643191,0.47792095020874475,0.5350376299257311,1.4348813750300218,7
1789408031.9208353,1789408031.9202623,-14.461286383651185,24.685530656596114,1.2192205280803867,-6.879370586479816,0.46178064765672944,0.5883968049755754,1.441166354542806,7
1789408031.930996,1789408031.9302309,-14.528919125369777,24.689995202973773,1.2252632237737873,-6.865718558589942,0.4454445406385482,0.6395028911796172,1.449735853766186,7
1789408031.9408789,1789408031.9403596,-14.597054838070372,24.69433529977177,1.2318675517391662,-6.851667870230555,0.42818334947981734,0.689880344893027,1.4607969038110957,7
1789408031.950926,1789408031.9502654,-14.666207540998785,24.698568795287642,1.2390899018592365,-6.837226235823225,0.40966996139990847,0.7394930773885131,1.4744818795201289,7
1789408031.960698,1789408031.9602294,-14.733325441927844,24.70250160075724,1.2465859368405579,-6.8231455218282955,0.3905728094724237,0.7858111947895656,1.49009550800009,7
1789408031.97076,1789408031.9702728,-14.802128270635444,24.706339837671358,1.254748617319759,-6.808748987769238,0.36966257546821635,0.831026169843947,1.508440992283669,7
1789408031.9809685,1789408031.9802706,-14.870310245083584,24.709935302199256,1.2632928040123026,-6.79461033007086,0.34742804811774186,0.8731797162303888,1.5289096472379093,7
1789408031.9909475,1789408031.9902647,-14.937800316402846,24.71327351141098,1.27217012573553,-6.780815435513055,0.3237588306286664,0.9119221161615878,1.5513631865129571,7
1789408032.0008764,1789408032.0002663,-15.006054893024066,24.716407373697145,1.2815420574575822,-6.767126112605296,0.297966846927077,0.9477050048974972,1.5762348754163027,7
1789408032.010821,1789408032.0102453,-15.07380282301414,24.71925670971998,1.2912017216359772,-6.753838953235051,0.27035626625659376,0.9794768943962614,1.603016899922299,7
1789408032.0208015,1789408032.020267,-15.141502887548663,24.721821945846138,1.3011718323443295,-6.740879331286362,0.24061113416793944,1.007150447134092,1.6318064473695382,7
1789408032.031108,1789408032.0302787,-15.208825985762923,24.724069938105274,1.3113594961277741,-6.72830291184161,0.20875978304250103,1.030306674994031,1.6623855346408212,7
1789408032.0408907,1789408032.040275,-15.274958482350478,24.725960251856453,1.3215889693539173,-6.716222510094578,0.17515229546346467,1.0485309959418598,1.6942593765332397,7
1789408032.0509806,1789408032.0502756,-15.342145008302486,24.727532836928898,1.3321601282819964,-6.704172238070302,0.1385611821706572,1.0621957248575158,1.7284454584687794,7
1789408032.060851,1789408032.0602548,-15.40961544992345,24.728732735613352,1.3429071767011942,-6.692212861502746,0.09926111864442486,1.0707681512760734,1.764546475677007,7
1789408032.070951,1789408032.0702446,-15.477099567979085,24.729525198544355,1.353735225682075,-6.680278684898112,0.05734732009598819,1.073984379998466,1.8023697192353045,7
1789408032.0808523,1789408032.0802786,-15.543294337202353,24.72987946619674,1.3643802348999554,-6.668458948643312,0.013686427325107295,1.0717830297202822,1.841079210543979,7
1789408032.091053,1789408032.0902488,-15.609927782605482,24.72978592454721,1.3750657649495257,-6.656277276464091,-0.03279925817620102,1.064100765456259,1.8815980690277672,7
1789408032.100871,1789408032.1002643,-15.677362290452606,24.729203935295246,1.3857931695146588,-6.6434546557871395,-0.08238962656279261,1.0506742505353397,1.9241334906301562,7
1789408032.1107283,1789408032.1102629,-15.742059871574417,24.728159264491428,1.3959504179782287,-6.6304635224891655,-0.13230395394703454,1.032425432540406,1.9663364544412822,7
1789408032.1207492,1789408032.120273,-15.809740539115369,24.72653042597036,1.4063790175403614,-6.615887236070913,-0.18686294562502617,1.0077296929184658,2.0118922504084837,7
1789408032.1309705,1789408032.1302652,-15.875132172086262,24.724411509217962,1.4162104123169317,-6.600562792236037,-0.24172077005340603,0.9784858397863392,2.057223066752717,7
1789408032.140868,1789408032.1402683,-15.94117658357315,24.721703824531286,1.4258434095399026,-6.583533426137587,-0.29910285295943223,0.9436826704162481,2.1042692764014577,7
1789408032.1507747,1789408032.150263,-16.00722580503158,24.71840293787126,1.435127903695352,-6.564403244911109,-0.3581927069737851,0.9038270212288211,2.152539885806478,7
1789408032.1607122,1789408032.1602638,-16.07277742710837,24.714525077700618,1.443956738756788,-6.539907248730602,-0.4168515550836288,0.8610226217261969,2.201603703165649,7
1789408032.1707218,1789408032.1702313,-16.137316869622943,24.710124258987868,1.4522622558720233,-6.5056960279039915,-0.47221403863157113,0.8181442756125088,2.2509772711108003,7
1789408032.1808002,1789408032.1802757,-16.202487590483933,24.705113689168954,1.4602732419957611,-6.457328827563549,-0.5236620567041427,0.775992987551982,2.3018411706050017,7
1789408032.1908665,1789408032.1902761,-16.266652744163242,24.69965680643064,1.467823168342265,-6.3934925337462705,-0.5682614592999558,0.7369752429355032,2.3528386055024906,7
1789408032.201016,1789408032.200268,-16.266652744163242,24.69965680643064,1.467823168342265,-6.3934925337462705,-0.5682614592999558,0.7369752429355032,2.3528386055024906,7
1789408032.2108517,1789408032.2102616,-16.39244884337738,24.687624212865675,1.4818286960694507,-6.214964956541535,-0.6330370258426109,0.670944564660663,2.455182648893153,7
1789408032.2209487,1789408032.2202637,-16.454831972785954,24.681107366615247,1.4884863371858896,-6.098218016579648,-0.6518988342183676,0.644223572823754,2.5069560103953448,7
1789408032.231107,1789408032.2302809,-16.515171585414706,24.674536251499898,1.4948157194283274,-5.966869270429625,-0.6606425739030534,0.6223500231790172,2.5575871085818136,7
1789408032.2409718,1789408032.240274,-16.573064320057465,24.668047264391138,1.5008375077799008,-5.823724035252672,-0.6595812485717699,0.6049292156852017,2.6066142436354784,7
1789408032.2510116,1789408032.25027,-16.6313331462957,24.66140403556911,1.5068984355377648,-5.662848484803341,-0.6485801167884495,0.5906599636065881,2.6563410576180093,7
1789408032.2608263,1789408032.2602437,-16.687436459688026,24.654976404712585,1.5127810459384727,-5.492335698858672,-0.6280806247451297,0.5796288692060781,2.7045196330583483,7
1789408032.2709079,1789408032.270282,-16.740900703870523,24.648899750571946,1.5184709936562777,-5.316026244090998,-0.5991171553754008,0.5711121251162654,2.7506471358915037,7
1789408032.2809815,1789408032.2802799,-16.79303160659751,24.64310146929232,1.5241339672434746,-5.131673761757757,-0.5617293661214801,0.5641249856092314,2.795769259329253,7
1789408032.2910683,1789408032.2902873,-16.84389887054889,24.637651215116698,1.5297998355314608,-4.940587283629112,-0.5163531199301487,0.5579233924711142,2.83987809263216,7
1789408032.3011317,1789408032.3002632,-16.84389887054889,24.637651215116698,1.5297998355314608,-4.940587283629112,-0.5163531199301487,0.5579233924711142,2.83987809263216,7
1789408032.3109667,1789408032.3104365,-16.93816050885181,24.628435949841027,1.5407501824715184,-4.559869993778792,-0.40886205827373107,0.5454056394081926,2.9216129676664266,7
1789408032.3207903,1789408032.3202727,-16.982913984847936,24.624641803071377,1.5461802442252188,-4.368372878376802,-0.3473872571691418,0.5375956164737331,2.9603126984239307,7
1789408032.3308694,1789408032.3302715,-17.02617079622755,24.62145382031576,1.551575658967933,-4.177597148608038,-0.2819346864020213,0.5279363156306276,2.9975838709841813,7
1789408032.340794,1789408032.3402698,-17.06704635407766,24.618965836606378,1.5568017840816841,-3.9927696057669833,-0.21506737765653822,0.5161989878925908,3.0326327416586265,7
1789408032.3507547,1789408032.3502626,-17.105576473748506,24.617173019004742,1.561829942259907,-3.8149434794744215,-0.14811955020026935,0.5021740126818087,3.065474086485392,7
1789408032.3607042,1789408032.3602803,-17.143266142150395,24.616021660224302,1.5668255394728072,-3.6379171469515725,-0.07964247975083598,0.4850790323634414,3.0973723352876306,7
1789408032.3706877,1789408032.3702638,-17.178515097227145,24.61556007049132,1.5715429196472472,-3.4697113820780707,-0.013711773782597081,0.46556311001765927,3.1269646610581896,7
1789408032.38088,1789408032.3803427,-17.212536705579165,24.615748489293907,1.5761089128572308,-3.3048338892702582,0.05075485082417877,0.4430706971263968,3.155273132436652,7
1789408032.390812,1789408032.390271,-17.244807201953083,24.616564337992287,1.5804196628496483,-3.1457992975306213,0.111678919479137,0.41809743509971464,3.1818662163097287,7
1789408032.4008625,1789408032.400263,-17.244807201953083,24.616564337992287,1.5804196628496483,-3.1457992975306213,0.111678919479137,0.41809743509971464,3.1818662163097287,7
1789408032.410852,1789408032.4102893,-17.304630305143416,24.61991307613517,1.588227433198562,-2.84158627483444,0.219983938244606,0.36170713036452673,3.230414293138506,7
1789408032.420772,1789408032.4202614,-17.332252445929225,24.622341978529498,1.5916852599988143,-2.695076047236358,0.2658256039716237,0.3311230308439661,3.2524699996822073,7
1789408032.4308057,1789408032.4302614,-17.358286929180764,24.6251807448424,1.5948162679897269,-2.551817855374556,0.30517197235146964,0.29972792567061934,3.273035144322798,7
1789408032.440725,1789408032.4402604,-17.383263997152255,24.62842705725274,1.597672484221419,-2.408103905467218,0.3382710263119833,0.26739898234011916,3.292554773894068,7
1789408032.4507415,1789408032.4502628,-17.406482179716594,24.631919795375673,1.6001701165364384,-2.2672865980921815,0.36385232493346636,0.23558891798304799,3.310510839095047,7
1789408032.4607809,1789408032.4602702,-17.42874739104461,24.635710897627014,1.602396916994678,-2.1237824728211256,0.3825612530878608,0.20371952162887452,3.324072112629012,13
1789408032.4707127,1789408032.4702637,-17.44914223290281,24.63957127896993,1.6042696052984455,-1.9830325380109528,0.39360277590688847,0.1736003059330714,3.312824032803231,13
1789408032.4810145,1789408032.4802802,-17.468309416355787,24.64354324479955,1.605863975711454,-1.8404690604490361,0.3975667153156682,0.14475041827518795,3.302005502219788,13
1789408032.490874,1789408032.4902713,-17.485898361726388,24.647485905344194,1.607168474645226,-1.6985889058473391,0.3946443188970924,0.11808368034457471,3.2918616888953522,13
1789408032.5011747,1789408032.50045,-17.50219407303011,24.651396733488404,1.608226045767019,-1.5552465257284505,0.3852125495268301,0.09349430996726467,3.2822749673231684,13
1789408032.5108778,1789408032.5102286,-17.51704136074061,24.65517946044962,1.6090492900022122,-1.412075752836348,0.36983558908233477,0.07147531569146318,3.2733785917156486,13
1789408032.5209806,1789408032.5202615,-17.531826487203684,24.659158388125082,1.609721238102427,-1.254252506958593,0.34665984549937634,0.05026510563419447,3.2643619427462993,13
1789408032.5308971,1789408032.5302346,-17.542409286714843,24.662139410023407,1.61010168903603,-1.1293134957067263,0.3241483950903187,0.03578824117574787,3.257808408560911,13
1789408032.540988,1789408032.5403597,-17.553009978257837,24.665240142062387,1.610389140147743,-0.9911681145858716,0.2954132586668844,0.022167065759334362,3.2511570508791707,13
1789408032.5508583,1789408032.5502608,-17.562304337570538,24.668056807311416,1.610555083439931,-0.8560676929176387,0.2637901022372415,0.011259022324496291,3.2452503941361988,13
1789408032.5608916,1789408032.5602443,-17.57017661959875,24.67051784216618,1.6106244246612607,-0.7278784329456329,0.23087983883737445,0.003102585148409484,3.2401891588559213,13
1789408032.5707772,1789408032.5702612,-17.576790015877762,24.672642254084455,1.6106248179964524,-0.6067197726805222,0.19740973586249777,-0.0026469731493980117,3.235892569891807,13
1789408032.5809126,1789408032.580261,-17.582316199776326,24.67446066201287,1.6105779392058208,-0.4920413990405624,0.16378288247477218,-0.006323983976352712,3.2322678046821847,13
1789408032.5910187,1789408032.5902643,-17.58674956151887,24.675951021570338,1.6105033328279457,-0.3869208473456859,0.13140711513808961,-0.00815787660340768,3.229334209398681,13
1789408032.6009908,1789408032.6002643,-17.590142188479167,24.677113122079177,1.6104190211341132,-0.2941910971599847,0.10167688912469075,-0.008509985195300135,3.2270713747451394,13
1789408032.6109123,1789408032.6102667,-17.592668953440857,24.677992956206545,1.610336838531171,-0.21370873350258102,0.07500775845390062,-0.007794770401366696,3.2253739442863596,13
1789408032.6210008,1789408032.620262,-17.594460783861717,24.678625972210284,1.6102653353634693,-0.14615702369878125,0.052000877581241445,-0.006393582141666576,3.2241623805946693,13
1789408032.631142,1789408032.6302688,-17.59563142691559,24.67904480893357,1.61021037157099,-0.09287931543242611,0.03343794864058258,-0.004702242566685888,3.2233661944579177,13
1789408032.6408849,1789408032.6402767,-17.59634672544963,24.679303585586233,1.6101719797364626,-0.05245941916261887,0.019085578461800368,-0.0030057930155414914,3.222877138955291,13
1789408032.6510406,1789408032.6502638,-17.596726176025754,24.679442215914726,1.610149154162842,-0.02459996079447846,0.00903374246318589,-0.0015685874490117824,3.222616469766299,13
1789408032.6608393,1789408032.6602485,-17.596882838119388,24.679499943862595,1.6101387653607135,-0.008578161921092065,0.00317554129444797,-0.0005991772596843914,3.222508393546492,13
1789408032.6708806,1789408032.670268,-17.59692692758756,24.67951630897117,1.6101355901599341,-0.001484300412837758,0.0005533691154206988,-0.00011236418151627792,3.2224778669175373,13
1789408032.6810412,1789408032.6802742,-17.596931449462794,24.679517997412496,1.610135241648309,-6.98521508368799e-06,2.6203282148529183e-06,-5.679671950531429e-07,3.2224747266812885,13
1789408032.6910982,1789408032.6902764,-17.596931452910397,24.679517998706082,1.6101352413672423,-5.329070518200751e-15,6.661338147750939e-16,-1.5543122344752192e-15,3.2224747242811977,13
1789408032.7011912,1789408032.7002678,-17.596931452910397,24.679517998706082,1.6101352413672423,-5.329070518200751e-15,6.661338147750939e-16,-1.5543122344752192e-15,3.2224747242811977,13
1789408032.7111244,1789408032.7102406,-17.596931452910397,24.679517998706082,1.6101352413672423,-5.329070518200751e-15,6.661338147750939e-16,-1.5543122344752192e-15,3.2224747242811977,13
1789408032.7210712,1789408032.7202675,-17.596931452910397,24.679517998706082,1.6101352413672423,-5.329070518200751e-15,6.661338147750939e-16,-1.5543122344752192e-15,3.2224747242811977,13
1789408032.7311096,1789408032.7302861,-17.596931452910397,24.679517998706082,1.6101352413672423,-5.329070518200751e-15,6.661338147750939e-16,-1.5543122344752192e-15,3.2224747242811977,13
1789408032.7408683,1789408032.7402682,-17.596931452910397,24.679517998706082,1.6101352413672423,-5.329070518200751e-15,6.661338147750939e-16,-1.5543122344752192e-15,3.2224747242811977,13
1789408032.7509284,1789408032.750261,-17.596931452910397,24.679517998706082,1.6101352413672423,-5.329070518200751e-15,6.661338147750939e-16,-1.5543122344752192e-15,3.2224747242811977,13
1789408032.7609558,1789408032.7602746,-17.596931452910397,24.679517998706082,1.6101352413672423,-5.329070518200751e-15,6.661338147750939e-16,-1.5543122344752192e-15,3.2224747242811977,13
1789408032.7710588,1789408032.77026,-17.596931452910397,24.679517998706082,1.6101352413672423,-5.329070518200751e-15,6.661338147750939e-16,-1.5543122344752192e-15,3.2224747242811977,13
1789408032.7811084,1789408032.7802808,-17.596931452910397,24.679517998706082,1.6101352413672423,-5.329070518200751e-15,6.661338147750939e-16,-1.5543122344752192e-15,3.2224747242811977,13
1789408032.7908962,1789408032.7902443,-17.596931452910397,24.679517998706082,1.6101352413672423,-5.329070518200751e-15,6.661338147750939e-16,-1.5543122344752192e-15,3.2224747242811977,13
1789408032.8010478,1789408032.800261,-17.596931452910397,24.679517998706082,1.6101352413672423,-5.329070518200751e-15,6.661338147750939e-16,-1.5543122344752192e-15,3.2224747242811977,13
1789408032.8109863,1789408032.8102386,-17.596931452910397,24.679517998706082,1.6101352413672423,-5.329070518200751e-15,6.661338147750939e-16,-1.5543122344752192e-15,3.2224747242811977,13
1789408032.8211923,1789408032.8204033,-17.596931452910397,24.679517998706082,1.6101352413672423,-5.329070518200751e-15,6.661338147750939e-16,-1.5543122344752192e-15,3.2224747242811977,13
1789408032.8310857,1789408032.8302827,-17.596931452910397,24.679517998706082,1.6101352413672423,-5.329070518200751e-15,6.661338147750939e-16,-1.5543122344752192e-15,3.2224747242811977,13
1789408032.840935,1789408032.8403463,-17.596931452910397,24.679517998706082,1.6101352413672423,-5.329070518200751e-15,6.661338147750939e-16,-1.5543122344752192e-15,3.2224747242811977,13
1789408032.8510845,1789408032.850266,-17.596931452910397,24.679517998706082,1.6101352413672423,-5.329070518200751e-15,6.661338147750939e-16,-1.5543122344752192e-15,3.2224747242811977,13
1789408032.8610837,1789408032.8602283,-17.596931452910397,24.679517998706082,1.6101352413672423,-5.329070518200751e-15,6.661338147750939e-16,-1.5543122344752192e-15,3.2224747242811977,13
1789408032.8710563,1789408032.8702738,-17.596931452910397,24.679517998706082,1.6101352413672423,-5.329070518200751e-15,6.661338147750939e-16,-1.5543122344752192e-15,3.2224747242811977,13
1789408032.8813243,1789408032.8802476,-17.596931452910397,24.679517998706082,1.6101352413672423,-5.329070518200751e-15,6.661338147750939e-16,-1.5543122344752192e-15,3.2224747242811977,13
1789408032.8912332,1789408032.8902757,-17.596931452910397,24.679517998706082,1.6101352413672423,-5.329070518200751e-15,6.661338147750939e-16,-1.5543122344752192e-15,3.2224747242811977,13
1789408032.9012504,1789408032.9002872,-17.596931452910397,24.679517998706082,1.6101352413672423,-5.329070518200751e-15,6.661338147750939e-16,-1.5543122344752192e-15,3.2224747242811977,13
1789408032.9109948,1789408032.910255,-17.596931452910397,24.679517998706082,1.6101352413672423,-5.329070518200751e-15,6.661338147750939e-16,-1.5543122344752192e-15,3.2224747242811977,13
1789408032.9209251,1789408032.9202683,-17.596931452910397,24.679517998706082,1.6101352413672423,-5.329070518200751e-15,6.661338147750939e-16,-1.5543122344752192e-15,3.2224747242811977,13
1789408032.9309218,1789408032.9302678,-17.596931452910397,24.679517998706082,1.6101352413672423,-5.329070518200751e-15,6.661338147750939e-16,-1.5543122344752192e-15,3.2224747242811977,13
1789408032.9409375,1789408032.940274,-17.596931452910397,24.679517998706082,1.6101352413672423,-5.329070518200751e-15,6.661338147750939e-16,-1.5543122344752192e-15,3.2224747242811977,13
1789408032.9510114,1789408032.9502394,-17.596931452910397,24.679517998706082,1.6101352413672423,-5.329070518200751e-15,6.661338147750939e-16,-1.5543122344752192e-15,3.2224747242811977,13
1789408032.9608262,1789408032.9602475,-17.596931452910397,24.679517998706082,1.6101352413672423,-5.329070518200751e-15,6.661338147750939e-16,-1.5543122344752192e-15,3.2224747242811977,13
1789408032.9709513,1789408032.9702682,-17.596931452910397,24.679517998706082,1.6101352413672423,-5.329070518200751e-15,6.661338147750939e-16,-1.5543122344752192e-15,3.2224747242811977,13
1789408032.9810941,1789408032.9802454,-17.596931452910397,24.679517998706082,1.6101352413672423,-5.329070518200751e-15,6.661338147750939e-16,-1.5543122344752192e-15,3.2224747242811977,13
1789408032.9910765,1789408032.9903498,-17.596931452910397,24.679517998706082,1.6101352413672423,-5.329070518200751e-15,6.661338147750939e-16,-1.5543122344752192e-15,3.2224747242811977,13
1789408033.0011194,1789408033.0002685,-17.596931452910397,24.679517998706082,1.6101352413672423,-5.329070518200751e-15,6.661338147750939e-16,-1.5543122344752192e-15,3.2224747242811977,13
1789408033.0107002,1789408033.0102372,-17.596931452910397,24.679517998706082,1.6101352413672423,-5.329070518200751e-15,6.661338147750939e-16,-1.5543122344752192e-15,3.2224747242811977,13
1789408033.020957,1789408033.0202723,-17.596931452910397,24.679517998706082,1.6101352413672423,-5.329070518200751e-15,6.661338147750939e-16,-1.5543122344752192e-15,3.2224747242811977,13
1789408033.0311844,1789408033.0302696,-17.596931452910397,24.679517998706082,1.6101352413672423,-5.329070518200751e-15,6.661338147750939e-16,-1.5543122344752192e-15,3.2224747242811977,13
1789408033.0410166,1789408033.0403104,-17.596931452910397,24.679517998706082,1.6101352413672423,-5.329070518200751e-15,6.661338147750939e-16,-1.5543122344752192e-15,3.2224747242811977,13
1789408033.0509095,1789408033.0502398,-17.596931452910397,24.679517998706082,1.6101352413672423,-5.329070518200751e-15,6.661338147750939e-16,-1.5543122344752192e-15,3.2224747242811977,13
1789408033.0608003,1789408033.0602772,-17.596931452910397,24.679517998706082,1.6101352413672423,-5.329070518200751e-15,6.661338147750939e-16,-1.5543122344752192e-15,3.2224747242811977,13
1789408033.0708983,1789408033.070404,-17.596931452910397,24.679517998706082,1.6101352413672423,-5.329070518200751e-15,6.661338147750939e-16,-1.5543122344752192e-15,3.2224747242811977,13
1789408033.0811212,1789408033.0804408,-17.596931452910397,24.679517998706082,1.6101352413672423,-5.329070518200751e-15,6.661338147750939e-16,-1.5543122344752192e-15,3.2224747242811977,13
1789408033.090998,1789408033.0902758,-17.596931452910397,24.679517998706082,1.6101352413672423,-5.329070518200751e-15,6.661338147750939e-16,-1.5543122344752192e-15,3.2224747242811977,13
1789408033.1010509,1789408033.100269,-17.596931452910397,24.679517998706082,1.6101352413672423,-5.329070518200751e-15,6.661338147750939e-16,-1.5543122344752192e-15,3.2224747242811977,13
1789408033.1108336,1789408033.1102762,-17.596931452910397,24.679517998706082,1.6101352413672423,-5.329070518200751e-15,6.661338147750939e-16,-1.5543122344752192e-15,3.2224747242811977,13
1789408033.120797,1789408033.1202674,-17.596931452910397,24.679517998706082,1.6101352413672423,-5.329070518200751e-15,6.661338147750939e-16,-1.5543122344752192e-15,3.2224747242811977,13
1789408033.1312299,1789408033.1302576,-17.596931452910397,24.679517998706082,1.6101352413672423,-5.329070518200751e-15,6.661338147750939e-16,-1.5543122344752192e-15,3.2224747242811977,13
1789408033.1410801,1789408033.1402676,-17.596931452910397,24.679517998706082,1.6101352413672423,-5.329070518200751e-15,6.661338147750939e-16,-1.5543122344752192e-15,3.2224747242811977,13
1789408033.151152,1789408033.1502514,-17.596931452910397,24.679517998706082,1.6101352413672423,-5.329070518200751e-15,6.661338147750939e-16,-1.5543122344752192e-15,3.2224747242811977,13
1789408033.160883,1789408033.160273,-17.596931452910397,24.679517998706082,1.6101352413672423,-5.329070518200751e-15,6.661338147750939e-16,-1.5543122344752192e-15,3.2224747242811977,13
1789408033.171161,1789408033.1702516,-17.596931452910397,24.679517998706082,1.6101352413672423,-5.329070518200751e-15,6.661338147750939e-16,-1.5543122344752192e-15,3.2224747242811977,13
1789408033.181222,1789408033.1802893,-17.596931452910397,24.679517998706082,1.6101352413672423,-5.329070518200751e-15,6.661338147750939e-16,-1.5543122344752192e-15,3.2224747242811977,13
1789408033.1911001,1789408033.1902692,-17.596931452910397,24.679517998706082,1.6101352413672423,-5.329070518200751e-15,6.661338147750939e-16,-1.5543122344752192e-15,3.2224747242811977,13
1789408033.2011504,1789408033.2002654,-17.596931452910397,24.679517998706082,1.6101352413672423,-5.329070518200751e-15,6.661338147750939e-16,-1.5543122344752192e-15,3.2224747242811977,13
1789408033.2110243,1789408033.2102382,-17.596931452910397,24.679517998706082,1.6101352413672423,-5.329070518200751e-15,6.661338147750939e-16,-1.5543122344752192e-15,3.2224747242811977,13
1789408033.2211115,1789408033.220268,-17.596931452910397,24.679517998706082,1.6101352413672423,-5.329070518200751e-15,6.661338147750939e-16,-1.5543122344752192e-15,3.2224747242811977,13
1789408033.2310014,1789408033.2302437,-17.596931452910397,24.679517998706082,1.6101352413672423,-5.329070518200751e-15,6.661338147750939e-16,-1.5543122344752192e-15,3.2224747242811977,13
1789408033.2407963,1789408033.240267,-17.596931452910397,24.679517998706082,1.6101352413672423,-5.329070518200751e-15,6.661338147750939e-16,-1.5543122344752192e-15,3.2224747242811977,13
1789408033.250731,1789408033.2502692,-17.596931452910397,24.679517998706082,1.6101352413672423,-5.329070518200751e-15,6.661338147750939e-16,-1.5543122344752192e-15,3.2224747242811977,13
1789408033.2606804,1789408033.2602446,-17.596931452910397,24.679517998706082,1.6101352413672423,-5.329070518200751e-15,6.661338147750939e-16,-1.5543122344752192e-15,3.2224747242811977,13
1789408033.270827,1789408033.2702684,-17.596931452910397,24.679517998706082,1.6101352413672423,-5.329070518200751e-15,6.661338147750939e-16,-1.5543122344752192e-15,3.2224747242811977,13
1789408033.2811384,1789408033.2802768,-17.596931452910397,24.679517998706082,1.6101352413672423,-5.329070518200751e-15,6.661338147750939e-16,-1.5543122344752192e-15,3.2224747242811977,13
1789408033.2909288,1789408033.290271,-17.596931452910397,24.679517998706082,1.6101352413672423,-5.329070518200751e-15,6.661338147750939e-16,-1.5543122344752192e-15,3.2224747242811977,13
1789408033.3010747,1789408033.3002684,-17.596931452910397,24.679517998706082,1.6101352413672423,-5.329070518200751e-15,6.661338147750939e-16,-1.5543122344752192e-15,3.2224747242811977,13
1789408033.3107612,1789408033.310277,-17.596931452910397,24.679517998706082,1.6101352413672423,-5.329070518200751e-15,6.661338147750939e-16,-1.5543122344752192e-15,3.2224747242811977,13
1789408033.320783,1789408033.3202648,-17.596931452910397,24.679517998706082,1.6101352413672423,-5.329070518200751e-15,6.661338147750939e-16,-1.5543122344752192e-15,3.2224747242811977,13
1789408033.3308415,1789408033.3302727,-17.596931452910397,24.679517998706082,1.6101352413672423,-5.329070518200751e-15,6.661338147750939e-16,-1.5543122344752192e-15,3.2224747242811977,13
1789408033.3407795,1789408033.3402662,-17.596931452910397,24.679517998706082,1.6101352413672423,-5.329070518200751e-15,6.661338147750939e-16,-1.5543122344752192e-15,3.2224747242811977,13
1789408033.3511596,1789408033.3502781,-17.596931452910397,24.679517998706082,1.6101352413672423,-5.329070518200751e-15,6.661338147750939e-16,-1.5543122344752192e-15,3.2224747242811977,13
1789408033.36079,1789408033.3602636,-17.596931452910397,24.679517998706082,1.6101352413672423,-5.329070518200751e-15,6.661338147750939e-16,-1.5543122344752192e-15,3.2224747242811977,13
1789408033.370865,1789408033.3702724,-17.596931452910397,24.679517998706082,1.6101352413672423,-5.329070518200751e-15,6.661338147750939e-16,-1.5543122344752192e-15,3.2224747242811977,13
1789408033.3811626,1789408033.3802757,-17.596931452910397,24.679517998706082,1.6101352413672423,-5.329070518200751e-15,6.661338147750939e-16,-1.5543122344752192e-15,3.2224747242811977,13
1789408033.3908803,1789408033.3902671,-17.596931452910397,24.679517998706082,1.6101352413672423,-5.329070518200751e-15,6.661338147750939e-16,-1.5543122344752192e-15,3.2224747242811977,13
1789408033.4011016,1789408033.4002993,-17.596931452910397,24.679517998706082,1.6101352413672423,-5.329070518200751e-15,6.661338147750939e-16,-1.5543122344752192e-15,3.2224747242811977,13
1789408033.4109943,1789408033.410338,-17.643490976417432,24.722459010880016,1.6553069933592042,-1.239344232743305,0.7768058109651628,0.49852240590745556,3.1662561742420703,13
1789408033.4209752,1789408033.4203076,-17.656701029386884,24.730631558164156,1.6605553480637523,-1.3929107663748177,0.850850028150716,0.5467744399937803,3.1541277433867654,13
1789408033.431358,1789408033.430315,-17.67149073220153,24.739545642013834,1.6662877956508795,-1.5535106840509287,0.9241700714296895,0.5947303763180194,3.1408017103754022,13
1789408033.4409158,1789408033.440287,-17.687510080940314,24.748948677181424,1.6723433248086712,-1.716403800132822,0.9943615938325646,0.6408283324828616,3.1266429546155976,13
1789408033.4509156,1789408033.4502792,-17.705928067854778,24.759467113539415,1.6791274615474518,-1.8919249471568773,1.06539893895014,0.6877012108839913,3.110689676245769,13
1789408033.4607856,1789408033.4602802,-17.72556594497894,24.77036916450792,1.6861703317943393,-2.067470362127005,1.131767222683459,0.7317310662894574,3.0940353408622046,13
1789408033.4707792,1789408033.4702673,-17.747014289224875,24.78193944985819,1.6936574027790336,-2.247645981479392,1.1950895642940507,0.7740011084170807,3.076236728257588,13
1789408033.4808972,1789408033.4802673,-17.770463127461703,24.794219761891025,1.7016180317626215,-2.4328513843502098,1.2551653830840568,0.8143974301695774,3.0572167199550906,13
1789408033.4910126,1789408033.4902616,-17.795497597159443,24.80693844961135,1.7098782573725204,-2.618902518511103,1.310426885568016,0.8518792750665871,3.0373880361607664,13
1789408033.5011322,1789408033.5003707,-17.795497597159443,24.80693844961135,1.7098782573725204,-2.618902518511103,1.310426885568016,0.8518792750665871,3.0373880361607664,13
1789408033.5108387,1789408033.5102675,-17.851815961311146,24.834218069467607,1.7276491999345311,-3.000991331319604,1.4079397506139895,0.9191263430331136,2.9944624386978065,13
1789408033.5209296,1789408033.5202577,-17.882852211212533,24.84853632063787,1.7370070474172765,-3.193482926216307,1.4488800046200394,0.948020986789079,2.971743466913124,13
1789408033.5309026,1789408033.5302606,-17.9155220163947,24.863107367421907,1.746552485575986,-3.3843491272770603,1.4839932813042889,0.9733352941509491,2.9485109520462682,13
1789408033.5409894,1789408033.5402637,-17.950322199077466,24.878099723230786,1.7563983750151,-3.575866209417618,1.5136623651715593,0.995350148103802,2.92450670641621,13
1789408033.5510435,1789408033.5502684,-17.987117777669432,24.893394933977863,1.766469834677253,-3.766530861901312,1.5375609635845906,1.0138370566375838,2.8999343545533542,13
1789408033.5609252,1789408033.560263,-18.02585093417612,24.908914171407073,1.7767177145971944,-3.9554288388741408,1.5555623982836941,1.0287014976938655,2.8749409495806146,13
1789408033.5708928,1789408033.5702705,-18.06624946160017,24.92450199220405,1.7870418105359365,-4.140800305028266,1.567582403662231,1.0398575561519476,2.8498035333294593,13
1789408033.5810583,1789408033.580283,-18.109249863483047,24.94045976205218,1.7976450062474791,-4.326264592389045,1.5738248596072553,1.0475066524225114,2.82406862853055,13
1789408033.5910828,1789408033.5902712,-18.152852890281885,24.956009598200556,1.8080125260548754,-4.502966418058488,1.5741795523892592,1.0514003773836222,2.7990285670459154,13
1789408033.6011102,1789408033.6002595,-18.198819001171167,24.97174954411644,1.8185449441186852,-4.677917906322159,1.5689063983195821,1.051845742704379,2.773763626839902,13
1789408033.6110148,1789408033.6102667,-18.246053706464192,24.987261072310968,1.8289649956991876,-4.846575162229104,1.5582435847329255,1.04889642800618,2.748995351559863,13
1789408033.620995,1789408033.6202605,-18.295420253890658,25.00278965155147,1.839440162206572,-5.01174579125072,1.5421658342216975,1.0426001343232296,2.7243874205735694,13
1789408033.6309834,1789408033.63026,-18.34700155320817,25.01830431066769,1.8499535642919473,-5.173131641497229,1.5206884392920017,1.0329654274851636,2.700057441129171,13
1789408033.6409807,1789408033.640275,-18.399744866786687,25.03345187343453,1.8602686833963633,-5.32719583088974,1.4944350224068559,1.020302106507785,2.6766278515087367,13
1789408033.6510231,1789408033.6502712,-18.45383073735085,25.048265561955045,1.8704098116203094,-5.474495311643742,1.463599717086864,1.0047457123936756,2.65411286677196,13
1789408033.6609452,1789408033.660273,-18.508947998346546,25.062643663684053,1.8803089434240439,-5.614234421209364,1.428633361754314,0.9865591230454692,2.6327342810541157,13
1789408033.670999,1789408033.6703622,-18.565728125341412,25.07672788464798,1.8900659360293837,-5.747970083970699,1.3893616559872044,0.9656777004435775,2.612356574344968,13
1789408033.6810455,1789408033.680252,-18.623878689241394,25.090415831372763,1.899612923215866,-5.874877486699487,1.3461713731507257,0.9423265445329098,2.593212517110909,13
1789408033.6910627,1789408033.6902516,-18.682421649902064,25.103470851597862,1.908785970617754,-5.993007426306203,1.30005150040034,0.9170691661356214,2.5756982336213987,13
1789408033.7010963,1789408033.7002573,-18.682421649902064,25.103470851597862,1.908785970617754,-5.993007426306203,1.30005150040034,0.9170691661356214,2.5756982336213987,13
1789408033.7109568,1789408033.7102647,-18.80526934122474,25.128606672184738,1.9266720966528603,-6.212015166939961,1.1961410487277084,0.8593366182369089,2.5446656378967147,13
1789408033.721057,1789408033.7202654,-18.86711576569902,25.140151204090863,1.9350086717011747,-6.308641056725527,1.1408030066698265,0.8282659276629014,2.5319660547936857,13
1789408033.7309375,1789408033.7302573,-18.93156867062502,25.151421749874984,1.9432400155035976,-6.400388966708723,1.0813544119706178,0.7947109517663997,2.5208080687586683,13
1789408033.740826,1789408033.7402637,-18.995991044380755,25.161931692147874,1.951015055059685,-6.483503141943393,1.0203615130664847,0.7601388289896208,2.511767499640503,13
1789408033.7509358,1789408033.7502592,-19.06093786338543,25.17178136459218,1.9584077425111817,-6.559114580368192,0.9574919973369407,0.7243865704941871,2.5047834577954675,13
1789408033.7609384,1789408033.7602308,-19.126798513891718,25.18102163280358,1.9654587231276464,-6.627899548513976,0.8925078276613018,0.6873406126161765,2.4998761577852298,13
1789408033.7711053,1789408033.7703352,-19.192608221190756,25.18951714768143,1.9720660198169828,-6.689168257032696,0.8264950861996797,0.6496424432461635,2.4971493431351366,13
1789408033.7810717,1789408033.780273,-19.261325739391275,25.197614899042886,1.9785074217181176,-6.7456694291338355,0.7565590998734673,0.6096592886669868,2.4966101551906386,13
1789408033.7911444,1789408033.7903447,-19.327718988118537,25.204699877409954,1.9842949443939488,-6.793457883477486,0.6881290575514777,0.5705171410050451,2.498313007293785,13
1789408033.8010507,1789408033.8002386,-19.327718988118537,25.204699877409954,1.9842949443939488,-6.793457883477486,0.6881290575514777,0.5705171410050451,2.498313007293785,13
1789408033.8109577,1789408033.810272,-19.465435065617132,25.217118738343864,1.9949629497315493,-6.873092340357021,0.5438862212743312,0.4880388252152459,2.508733304959594,13
1789408033.821035,1789408033.8202593,-19.53341616092235,25.222130536262014,1.9995760752263514,-6.903569960586851,0.47168760356465833,0.44681237434070353,2.517257704581784,13
1789408033.8311412,1789408033.8302803,-19.602618724557413,25.226479823154836,2.0038354530460514,-6.929167688911461,0.3975927467414069,0.4045691238987934,2.528194540096494,13
1789408033.8408988,1789408033.8402636,-19.671478792658046,25.23005701415358,2.007640374743025,-6.949615181624228,0.32330685698536316,0.3623024927587999,2.541309771535136,13
1789408033.8509905,1789408033.8502584,-19.742360535988688,25.232958856685194,2.011108728285989,-6.965852188740593,0.24629295411547092,0.3185924799088987,2.5571019544668476,13
1789408033.8610234,1789408033.860261,-19.811022483421816,25.23501510126578,2.0140372201481007,-6.977324209090799,0.17118681432116142,0.27608857168682027,2.5720895268645023,273
1789408033.8709798,1789408033.8702564,-19.881651948001114,25.236354106730776,2.016608587614733,-6.98515365836161,0.09343121943923366,0.2322297744185946,2.5308016596361687,273
1789408033.8812194,1789408033.8802767,-19.95125043938945,25.236901184418,2.018706012771044,-6.989310428853818,0.0163339961352045,0.18890232486406922,2.491820733631172,273
1789408033.8910508,1789408033.8902524,-20.02133759569884,25.236673803181937,2.0203809834848454,-6.990298638008653,-0.061767056375724265,0.14518706052174912,2.4543452893153623,273
1789408033.9011712,1789408033.9002573,-20.02133759569884,25.236673803181937,2.0203809834848454,-6.990298638008653,-0.061767056375724265,0.14518706052174912,2.4543452893153623,273
1789408033.9110203,1789408033.910305,-20.161074730236706,25.233871209499103,2.0224113890477575,-6.984099211182061,-0.21880041933925806,0.05787818797912102,2.385241838622797,273
1789408033.9209127,1789408033.920276,-20.23062691995429,25.231299133832156,2.022771391210597,-6.977616960158934,-0.2975758152793787,0.014397060809781235,2.3537779453177237,273
1789408033.9311392,1789408033.9302747,-20.3005437807537,25.22791700835711,2.022696649647165,-6.969238068487667,-0.37714102987535075,-0.02929215096222422,2.324210168845339,273
1789408033.940989,1789408033.9402604,-20.370268988228553,25.223742456805017,2.022185426899058,-6.959307340828453,-0.45683070896156913,-0.07281195254254308,2.2968539058460657,273
1789408033.9511507,1789408033.9503589,-20.440855510390993,25.21869432556559,2.0212229862159505,-6.947922093026916,-0.5378111186015972,-0.11678551436731081,2.2713997505751387,273
1789408033.96106,1789408033.96024,-20.50968047978498,25.212969671164554,2.0198529879918623,-6.935768847130647,-0.6170183214028779,-0.1595450987918577,2.2488193508538012,273
1789408033.9708676,1789408033.970273,-20.578085359506044,25.206489158092,2.0180687801433543,-6.922868984211626,-0.6959277923130971,-0.20189177494406438,2.2286307487803554,273
1789408033.9810688,1789408033.9802682,-20.647812645354556,25.19906665537482,2.015816450291533,-6.909065568997899,-0.7764855304620226,-0.24485865586362068,2.2104264180887903,273
1789408033.9910595,1789408033.990233,-20.716295239988774,25.1909694809452,2.013178508479324,-6.895024178954826,-0.8556491898858495,-0.28681774280353717,2.1949371581900707,273
1789408034.0011644,1789408034.0002604,-20.716295239988774,25.1909694809452,2.013178508479324,-6.895024178954826,-0.8556491898858495,-0.28681774280353717,2.1949371581900707,273
1789408034.0110464,1789408034.0102267,-20.85411488417934,25.172235042039567,2.006594093457184,-6.865808335743908,-1.0147344946001202,-0.3703311756727241,2.171147245926388,273
1789408034.0210443,1789408034.0202563,-20.92222020268483,25.161769457268164,2.0027141514105544,-6.851070534308246,-1.0930306075243221,-0.41103142094153067,2.163116943774477,273
1789408034.0309885,1789408034.0302634,-20.990672495063446,25.150444319068104,1.9984000917140046,-6.836122339598916,-1.1713590965930223,-0.4514786703421486,2.1575745531145043,273
1789408034.0407803,1789408034.0402656,-21.058784537451764,25.138373772818852,1.993698185307712,-6.821123913350695,-1.248805246256197,-0.49120141184660526,2.1546009975474845,273
1789408034.0509248,1789408034.0502684,-21.127814156293976,25.12532657858232,1.988520152292476,-6.805775238435167,-1.3266509856184643,-0.5308556142148223,2.1541914900754286,273
1789408034.060758,1789408034.060238,-21.19628274635793,25.111579153922662,1.982978162171798,-6.790350671374999,-1.4030722050260491,-0.5695128091652669,2.1563845370533454,273
1789408034.0709493,1789408034.0702622,-21.26341245764499,25.09732544080114,1.977156907879201,-6.774951882503958,-1.4770778003730343,-0.606686580649709,2.1610492405863067,273
1789408034.0810971,1789408034.0803905,-21.331579037122513,25.08207209755061,1.9708586844674263,-6.7589225361868515,-1.5511268230324573,-0.6436183690395757,2.168327091455283,273
1789408034.0908656,1789408034.0902731,-21.39931654529146,25.06614417615339,1.9642205652805875,-6.742470180272069,-1.6233189885291313,-0.679221314577358,2.178080934926541,273
1789408034.1011095,1789408034.1002579,-21.39931654529146,25.06614417615339,1.9642205652805875,-6.742470180272069,-1.6233189885291313,-0.679221314577358,2.178080934926541,273
1789408034.1107109,1789408034.1102338,-21.5333294953851,25.032425214707143,1.9500371812318236,-6.707907786630509,-1.7590385661985168,-0.7422234260229167,2.204669999380642,273
1789408034.1208656,1789408034.12027,-21.600332336338163,25.01451209166641,1.9424790148633306,-6.689315981164689,-1.8221119245352753,-0.7683690333850648,2.2215084385740735,273
1789408034.131013,1789408034.130392,-21.666614448873396,24.996136611997958,1.934742953074414,-6.669803347991154,-1.8808538460847717,-0.7901479333905427,2.240417655233304,273
1789408034.1408577,1789408034.1402893,-21.733798476596565,24.976877163378138,1.9266779164684422,-6.648647386001156,-1.9364795490344169,-0.8079567270318678,2.2618055724187087,273
1789408034.1507592,1789408034.1502595,-21.800609583327123,24.957123065402183,1.918473406448742,-6.625932678334937,-1.9878450193119939,-0.8215827297309274,2.2852242424875384,273
1789408034.1609318,1789408034.1602442,-21.865666542222954,24.937338784502245,1.9103404307516654,-6.601784723707675,-2.034319710839555,-0.8316299078713579,2.3100219873995633,273
1789408034.1710503,1789408034.170259,-21.931873277214773,24.916672254175364,1.9019428121393864,-6.574744139019366,-2.0783263738931286,-0.8393611527073656,2.3372134269897065,273
1789408034.181054,1789408034.1802669,-21.997621681471912,24.895636027719473,1.8934997560967717,-6.545070517483872,-2.1190003184460133,-0.8452204962223396,2.3661070311018153,273
1789408034.191089,1789408034.1902578,-22.062346820966113,24.874442749957993,1.885097499540993,-6.51278863651535,-2.156295482204068,-0.8497826163292073,2.3963332420261625,273
1789408034.20102,1789408034.2003171,-22.128034984407154,24.852454223000297,1.876482919528308,-6.476512676108441,-2.1914787718696283,-0.8536645321865278,2.4287608163217307,273
1789408034.2107882,1789408034.2102733,-22.192347823197313,24.830466243707228,1.8679630874190953,-6.436757618389762,-2.2232070671942017,-0.8570703564797669,2.4621661767110927,273
1789408034.2212014,1789408034.220312,-22.257092512828446,24.80787746501534,1.859295775723578,-6.391773305082983,-2.2523135645562826,-0.8603809203921067,2.497400427990459,273
1789408034.23087,1789408034.2302864,-22.319992437653955,24.78550086506344,1.8507806985080781,-6.342867946225347,-2.2778293216430416,-0.8637137287123222,2.5331259032685556,273
1789408034.2407901,1789408034.240262,-22.382887230979502,24.762702828910175,1.8421622141461051,-6.288573566734691,-2.3006191004874927,-0.867347859103183,2.570278141779823,273
1789408034.2508621,1789408034.2502656,-22.44611338082711,24.73935811693896,1.8333801289565717,-6.2283757699328275,-2.3207822400871745,-0.8714471357331874,2.60902534375054,273
1789408034.261004,1789408034.2602673,-22.508123694154627,24.71604532748902,1.8246369027908422,-6.163708511490966,-2.3378565072021416,-0.8759915127603073,2.648351546325958,273
1789408034.2711823,1789408034.2702482,-22.56984941406852,24.6924265855375,1.8157896791093888,-6.093456100530045,-2.352054496396482,-0.8810462666458561,2.688763447602915,273
1789408034.2809093,1789408034.2803073,-22.629219802171,24.66931685313934,1.8071280626274062,-6.0197472873555435,-2.3628016143966044,-0.8863498393815186,2.728793284648855,273
1789408034.2909458,1789408034.2903903,-22.688821135367462,24.645726134727827,1.7982658202166448,-5.93922441862344,-2.3704797094521997,-0.8920340707735208,2.770093123506665,273
1789408034.301184,1789408034.300269,-22.74843318581471,24.621734192307148,1.7892168176126988,-5.851786891712736,-2.374827982271043,-0.8979869440428098,2.812489011718359,273
1789408034.3111782,1789408034.310379,-22.806350983941268,24.59803835392546,1.7802298595498156,-5.759943326877881,-2.375661765192032,-0.903914534473268,2.827076091259449,64
1789408034.3210957,1789408034.3204248,-22.864224690309587,24.573974721420917,1.7710396467385585,-5.661125976932804,-2.3729444512253925,-0.909839842633866,2.830594841811666,64
1789408034.3311007,1789408034.3303912,-22.919536352958445,24.550609899018884,1.762043128831439,-5.5598424276594836,-2.3668030220859224,-0.9153432712522668,2.834713630064985,64
1789408034.3415492,1789408034.3402727,-22.974707832468795,24.526941377674845,1.752845449817501,-5.451829265840824,-2.3569388100432613,-0.9204616537355894,2.839557282088044,64
1789408034.3514895,1789408034.3502796,-23.029828114650822,24.50292679778374,1.7434168562364507,-5.336519048529656,-2.3429961735103237,-0.9249399058075899,2.845128929212343,64
1789408034.3609598,1789408034.360236,-23.08160382212569,24.480028885131873,1.7343281059353088,-5.220990613325902,-2.325799376344006,-0.9283000043953542,2.8510284174739313,64
1789408034.3712347,1789408034.370296,-23.133518115744465,24.456733316709187,1.7249755489578886,-5.097578113200647,-2.3041475302557446,-0.9305577517676047,2.8575903069447848,64
1789408034.3811786,1789408034.3804052,-23.184159975673307,24.433679260189628,1.715608401686672,-4.969257892968001,-2.278315823789594,-0.9313836092119506,2.8646140695343276,64
1789408034.391019,1789408034.3902388,-23.232166744691263,24.41151989887966,1.706494880569333,-4.839727333859033,-2.2490662456130015,-0.9306066369757758,2.871838982616188,64
1789408034.401077,1789408034.400376,-23.28092942898736,24.388703326660213,1.696993576430611,-4.699548833279252,-2.214087885877918,-0.927928128903202,2.879740893066343,64
1789408034.4111264,1789408034.4103577,-23.32627688281214,24.367201863692387,1.6879266595674556,-4.560635135918163,-2.176269193522313,-0.9233988127346454,2.8875973839601223,64
1789408034.4213743,1789408034.4202673,-23.372124883048485,24.345181694342088,1.6785231687138011,-4.410947439763234,-2.1322669785583535,-0.9164590598569489,2.8960367352757004,64
1789408034.431227,1789408034.4302855,-23.414764705364348,24.324444553723435,1.669555163273209,-4.26253046008931,-2.0855597256769354,-0.9075147417430732,2.9043316667175585,64
1789408034.441446,1789408034.4402804,-23.457494398066284,24.30341040860524,1.660344050360124,-4.103944540978276,-2.03252353761064,-0.8957502733884288,2.913073578348824,64
1789408034.451227,1789408034.4502716,-23.4969988251906,24.28373455429393,1.6516203499635163,-3.947596420958554,-1.977310096525357,-0.8819915739938862,2.9215363196438346,64
1789408034.461192,1789408034.4602625,-23.536129584604932,24.264023605550715,1.6427742030108439,-3.782468692790283,-1.9160810296269684,-0.8652160337785036,2.930277587765077,64
1789408034.471172,1789408034.470266,-23.573148175884924,24.245170024470436,1.6342100928885852,-3.6157729057644947,-1.8514594042688275,-0.8460336743957797,2.9388734381977137,64
1789408034.4809752,1789408034.4802608,-23.60850767783354,24.226969910995397,1.6258449565970172,-3.4458929145171466,-1.7829124159186784,-0.8242569854778607,2.947378195706706,64
1789408034.4909282,1789408034.4902663,-23.641334076043712,24.209902321384074,1.6179106116513018,-3.2777242797525328,-1.7125722009036093,-0.8005768257447684,2.955528777933335,64
1789408034.5009618,1789408034.5002604,-23.67354075312105,24.19299263030293,1.609961546871539,-3.101698436067172,-1.6364839420011223,-0.7736232500775257,2.9637618536576906,64
1789408034.511009,1789408034.510303,-23.703384683189192,24.177174200168114,1.6024436442424135,-2.9275467701216096,-1.5588957352990478,-0.7448665142198608,2.9715975486992843,64
1789408034.5211484,1789408034.5202718,-23.732081028234024,24.161824471319417,1.5950703688082428,-2.7486834070695547,-1.4769741604270146,-0.713257223269857,2.979316868299619,64
1789408034.531142,1789408034.5302513,-23.75896232111162,24.147317281516962,1.5880285254383784,-2.5695089658569272,-1.3927831494540222,-0.6795694793487337,2.986709835871047,64
1789408034.5411472,1789408034.5402687,-23.783606353903707,24.133904298190615,1.5814519545358094,-2.393854655920647,-1.30830326450868,-0.644652443898869,2.993622577099543,64
1789408034.551145,1789408034.5502641,-23.806835939073945,24.12115788125654,1.575141034463073,-2.2166997325466946,-1.2212625566098592,-0.6076080630170516,3.0002542864245423,64
1789408034.5615678,1789408034.5604906,-23.82779844277979,24.10956546527936,1.569347266509685,-2.0455645017470547,-1.1355161636039437,-0.5701344944287764,3.006332707494149,64
1789408034.571233,1789408034.570284,-23.847752306376215,24.098447453419087,1.5637395369881355,-1.870949199240692,-1.0464216597271354,-0.5302389341812014,3.0121988724797046,64
1789408034.5811145,1789408034.5802896,-23.865713323763742,24.088366308864618,1.5586090503693348,-1.7021434059685037,-0.9588167428812389,-0.4901168156402249,3.0175435584355332,64
1789408034.5912333,1789408034.590248,-23.881655751660116,24.079356101403953,1.55398439735208,-1.5412100790587382,-0.873998359722055,-0.4504728061414949,3.0223363130156424,64
1789408034.6010847,1789408034.6002827,-23.89637608274754,24.07098112739623,1.5496502562459387,-1.3813510557478437,-0.788530736265002,-0.4097681674616485,3.02680003502055,64
1789408034.6112983,1789408034.6102695,-23.909473812820085,24.063481051136982,1.5457375278136407,-1.2279298917446473,-0.7053950191634502,-0.36947300994676685,3.0308004344232167,64
1789408034.6212835,1789408034.62027,-23.920896162992705,24.056900006493255,1.542277692220748,-1.08340747420167,-0.626105596774565,-0.33041740094323213,3.034309088043975,64
1789408034.6313088,1789408034.6302965,-23.931128075026805,24.050969833481222,1.5391366821421313,-0.9431938318093082,-0.548285640414213,-0.2915050829083365,3.0374658247049053,64
1789408034.6413336,1789408034.6404328,-23.93983604021849,24.04589403160395,1.5364286947402037,-0.8135531930140111,-0.4755523623373017,-0.2546222605936945,3.040160773472897,64
1789408034.6512282,1789408034.650272,-23.947416862798935,24.041450982133764,1.5340416972218422,-0.6905359891995806,-0.4058364487137248,-0.21880382162292134,3.0425114142378447,64
1789408034.661236,1789408034.660329,-23.953762266425006,24.037712280142774,1.5320194520889823,-0.5777959961133213,-0.3413373672660795,-0.18525538358400906,3.0444806312179247,64
1789408034.6715474,1789408034.6702774,-23.958942715194947,24.034644599756305,1.5303493945510451,-0.4766590207365714,-0.282967999853823,-0.1545473631116583,3.0460880595458426,64
1789408034.6813674,1789408034.680282,-23.963240435159015,24.032087342749342,1.5289485012809543,-0.3839642537528496,-0.2290308854126868,-0.12586618935108085,3.0474201845273505,64
1789408034.6908443,1789408034.690256,-23.966680074883225,24.030031047810407,1.527815150400036,-0.3013546461160441,-0.1805869828118195,-0.09984273973065477,3.048484345210036,64
1789408034.7008708,1789408034.700262,-23.966680074883225,24.030031047810407,1.527815150400036,-0.3013546461160441,-0.1805869828118195,-0.09984273973065477,3.048484345210036,64
1789408034.7109158,1789408034.710267,-23.97131059745742,24.027245161230947,1.5262668348765622,-0.16935212152977264,-0.10236567682052489,-0.057242368277719335,3.049911312962554,64
1789408034.7212255,1789408034.720342,-23.972749967948577,24.026373432628006,1.5257781118777425,-0.11882621571754792,-0.07212049455683034,-0.04054910096035991,3.0503524486296,64
1789408034.731109,1789408034.7302735,-23.973716717686155,24.02578560527707,1.5254468115228095,-0.07924444726505553,-0.048283154424083596,-0.027286810251971994,3.050647539498374,64
1789408034.7413116,1789408034.7403886,-23.974346562580358,24.025401173173684,1.5252290449592083,-0.04853911871528327,-0.029686517719508698,-0.01686197828274394,3.0508389669461295,64
1789408034.7509308,1789408034.75027,-23.97471958083329,24.02517265187521,1.525098951650205,-0.02615506607667495,-0.016055908130193197,-0.009165330078974243,3.0509518212547846,64
1789408034.7608232,1789408034.7602646,-23.97490176584131,24.025060643530402,1.5250348820322261,-0.012093939215447769,-0.007449778701521748,-0.004272436326713702,3.051006684833712,64
1789408034.7710152,1789408034.7702725,-23.974978440171036,24.025013345484385,1.5250077043468035,-0.003939365546477003,-0.0024349823359410827,-0.001402985373644361,3.0510296692236873,64
1789408034.7812262,1789408034.7804055,-23.974998147323795,24.025001149740746,1.525000666064737,-0.0006347967684536826,-0.0003936533285897603,-0.00022781971269791867,3.0510355502339253,64
1789408034.7907634,1789408034.7902846,-23.974999999261165,24.025000000459656,1.5250000002671917,-1.8184194114923002e-06,-1.1311767007526896e-06,-6.574535351688837e-07,3.05103610068326,64
1789408034.8007877,1789408034.8002737,-23.975000000000005,24.025000000000006,1.5250000000000001,-1.7763568394002505e-15,0.0,0.0,3.0510361009020803,64
1789408034.8110366,1789408034.8104062,-23.975000000000005,24.025000000000006,1.5250000000000001,-1.7763568394002505e-15,0.0,0.0,3.0510361009020803,64
1789408034.820679,1789408034.8202612,-23.975000000000005,24.025000000000006,1.5250000000000001,-1.7763568394002505e-15,0.0,0.0,3.0510361009020803,64
1789408034.8310938,1789408034.8302655,-23.975000000000005,24.025000000000006,1.5250000000000001,-1.7763568394002505e-15,0.0,0.0,3.0510361009020803,64
1789408034.8408048,1789408034.840266,-23.975000000000005,24.025000000000006,1.5250000000000001,-1.7763568394002505e-15,0.0,0.0,3.0510361009020803,64
1789408034.8508027,1789408034.8502367,-23.975000000000005,24.025000000000006,1.5250000000000001,-1.7763568394002505e-15,0.0,0.0,3.0510361009020803,64
1789408034.860769,1789408034.8602874,-23.975000000000005,24.025000000000006,1.5250000000000001,-1.7763568394002505e-15,0.0,0.0,3.0510361009020803,64
1789408034.8707454,1789408034.8702636,-23.975000000000005,24.025000000000006,1.5250000000000001,-1.7763568394002505e-15,0.0,0.0,3.0510361009020803,64
1789408034.8807971,1789408034.8802695,-23.975000000000005,24.025000000000006,1.5250000000000001,-1.7763568394002505e-15,0.0,0.0,3.0510361009020803,64
1789408034.8910077,1789408034.890238,-23.975000000000005,24.025000000000006,1.5250000000000001,-1.7763568394002505e-15,0.0,0.0,3.0510361009020803,64
1789408034.9009123,1789408034.900263,-23.975000000000005,24.025000000000006,1.5250000000000001,-1.7763568394002505e-15,0.0,0.0,3.0510361009020803,64
1789408034.9108255,1789408034.910285,-23.975000000000005,24.025000000000006,1.5250000000000001,-1.7763568394002505e-15,0.0,0.0,3.0510361009020803,64
1789408034.9207468,1789408034.9202342,-23.975000000000005,24.025000000000006,1.5250000000000001,-1.7763568394002505e-15,0.0,0.0,3.0510361009020803,64
1789408034.9309533,1789408034.9302623,-23.975000000000005,24.025000000000006,1.5250000000000001,-1.7763568394002505e-15,0.0,0.0,3.0510361009020803,64
1789408034.940894,1789408034.940263,-23.975000000000005,24.025000000000006,1.5250000000000001,-1.7763568394002505e-15,0.0,0.0,3.0510361009020803,64
1789408034.950952,1789408034.9502685,-23.954766167641196,24.001042467023826,1.5365001408853078,0.4920023591741367,-0.6161916649238984,0.2800845756825537,3.019866452378506,64
1789408034.9610703,1789408034.9602757,-23.949374498248737,23.994218704168333,1.5395704020646532,0.5723888180551236,-0.7317335143774454,0.32603821129029975,3.0112586602849785,64
1789408034.9707644,1789408034.9702919,-23.94326748922349,23.986328318719174,1.5430500751398313,0.6546666310052544,-0.8545328669007977,0.3731285332985849,3.001398437574195,64
1789408034.9809136,1789408034.9802537,-23.936313569296168,23.97715135223999,1.5470147335162387,0.7395421889526032,-0.9863648155368683,0.4217675184735528,2.9900394029662847,64
1789408034.991072,1789408034.9902577,-23.928442626064314,23.966533164365277,1.5515050940035129,0.8266209277957821,-1.1275454119735089,0.4717388969358406,2.9770249544868763,64
1789408035.0009038,1789408035.000278,-23.928442626064314,23.966533164365277,1.5515050940035129,0.8266209277957821,-1.1275454119735089,0.4717388969358406,2.9770249544868763,64
1789408035.0110836,1789408035.0102482,-23.910067414378613,23.940854925222865,1.5619989762262534,1.0018033548682443,-1.432564231768637,0.5725107704885263,2.9460379969755692,64
1789408035.0211973,1789408035.0202744,-23.89966852780757,23.92579886795906,1.5679439317337254,1.0873344049455897,-1.593574250420224,0.6218466284756811,2.928147551969188,64
1789408035.0308452,1789408035.0302792,-23.888455474004793,23.909153668583855,1.5743591394928749,1.1707186029605654,-1.7598523994725834,0.6700453068762058,2.9085805477537208,64
1789408035.0408244,1789408035.0402923,-23.87631006350579,23.89065116311078,1.581313208170202,1.2521161420596885,-1.9327183406222368,0.7172078129030368,2.8870699609397876,64
1789408035.0507805,1789408035.050264,-23.863527603760296,23.87065011016291,1.588637994311301,1.3290402098718412,-2.1077242336666755,0.7618994127835714,2.8640798060199546,64
1789408035.0608134,1789408035.0602443,-23.84982360790341,23.848604848844175,1.5964975277080902,1.4027204778578868,-2.288558425682535,0.8048407059700571,2.8390340617512546,64
1789408035.0708272,1789408035.0702667,-23.835326832164952,23.824599994695255,1.6048191747660716,1.4718314107649098,-2.473215889552654,0.8452683603360792,2.8120902714707303,64
1789408035.0809076,1789408035.0802734,-23.820264363981984,23.798901262237756,1.6134736111926156,1.5349723873410612,-2.6587509389154107,0.8823671055913012,2.783602075755486,64
1789408035.0907967,1789408035.0902433,-23.804605219676368,23.771347581458826,1.6224796021074617,1.5920927484109964,-2.8456008570002007,0.9161086008456275,2.753445303997429,64
1789408035.1009011,1789408035.100259,-23.804605219676368,23.771347581458826,1.6224796021074617,1.5920927484109964,-2.8456008570002007,0.9161086008456275,2.753445303997429,64
1789408035.110855,1789408035.1102319,-23.771865740712535,23.710865946578902,1.6413379945057829,1.6863739774648423,-3.219202015575177,0.97240019854704,2.6885661525216658,64
1789408035.1209438,1789408035.120257,-23.754733668505914,23.67758548129107,1.6512222736210007,1.7233889946962053,-3.4067195818409637,0.9948646915909455,2.653593921265114,64
1789408035.1308992,1789408035.1302216,-23.737463170338554,23.64283062766266,1.6611978267639367,1.752808761492589,-3.5908819370483296,1.0130248915842301,2.617597117410563,64
1789408035.1409137,1789408035.140259,-23.71994065811112,23.606264136617387,1.6713309615871204,1.7749663427415117,-3.7731647004634925,1.0270744577611406,2.58028415202248,64
1789408035.1510336,1789408035.150381,-23.701840007492343,23.567027574227563,1.6818115314976665,1.7900744993833664,-3.957022785550701,1.0371553712751298,2.540867481258599,64
1789408035.1608424,1789408035.1602266,-23.684027871590587,23.52686755963293,1.6921385010628716,1.7975054974018985,-4.133879848303864,1.0428329791565905,2.5011725661225097,64
1789408035.1709387,1789408035.1702657,-23.665952614664253,23.48442910826968,1.7026322010024262,1.7977297006251132,-4.309513523814028,1.044412959047032,2.4599249258329565,64
1789408035.1807938,1789408035.1802604,-23.648005728729828,23.440480725474977,1.7130661163422358,1.7908248787768886,-4.480325400477779,1.04190049128768,2.417954564933788,64
1789408035.191094,1789408035.1902585,-23.630429480305843,23.395543376036233,1.7232994564093493,1.777284678975544,-4.6443629755290665,1.0355505785960852,2.3758133234337517,64
1789408035.201209,1789408035.2002578,-23.630429480305843,23.395543376036233,1.7232994564093493,1.777284678975544,-4.6443629755290665,1.0355505785960852,2.3758133234337517,64
1789408035.2109454,1789408035.2102425,-23.59523268805617,23.2992087551043,1.7438393593941826,1.7301677617286582,-4.963860536663925,1.01132093357903,2.2880795649292573,64
1789408035.2210171,1789408035.2202256,-23.578121463369474,23.248904309141032,1.7538496091203022,1.6975762353545663,-5.1151159589803,0.9939471006228311,2.243672370725369,64
1789408035.2310703,1789408035.2302632,-23.56119717449847,23.19658964688736,1.7637676511774785,1.6589926727563187,-5.262233938261685,0.9730823353618574,2.1985149754502635,64
1789408035.2406874,1789408035.2402596,-23.544589124438044,23.14248779141151,1.7735180725914357,1.6148424243693202,-5.404275515373526,0.9489505346266021,2.1529191572557727,64
1789408035.2506702,1789408035.2502549,-23.528810068194904,23.0882348969356,1.782799211559297,1.5669340751639824,-5.537145019666385,0.9225446457026814,2.108333204873938,64
1789408035.2605877,1789408035.2602246,-23.51350012766289,23.032591852674205,1.791821869657529,1.5146623478851196,-5.664161821111282,0.8935354732809758,2.063801542278121,64
1789408035.270796,1789408035.270284,-23.498569333310062,22.975084679594286,1.8006389718085152,1.4579107262387545,-5.786251449194864,0.8618524560955617,2.019070154785701,64
1789408035.280855,1789408035.280231,-23.484347655614837,22.916895772450165,1.8090551526972771,1.3982243234705662,-5.900917753753229,0.8283548941962927,1.975168764136695,64
1789408035.2908893,1789408035.2902734,-23.470704491576655,22.857457990732758,1.8171468265349542,1.3354285266851207,-6.0094310249323435,0.7929434915022286,1.9317661653076497,64
1789408035.300918,1789408035.3002694,-23.470704491576655,22.857457990732758,1.8171468265349542,1.3354285266851207,-6.0094310249323435,0.7929434915022286,1.9317661653076497,64
1789408035.3109853,1789408035.3103437,-23.445426133446986,22.735834835761576,1.8321916002542076,1.2030787444516793,-6.206603522377457,0.7178185498033546,1.8476328268656996,64
1789408035.3209302,1789408035.320278,-23.433568219015633,22.67236163675566,1.8392758562178046,1.1328349166666942,-6.297329083235863,0.6777025075650359,1.806305256120995,64
1789408035.3309028,1789408035.3302886,-23.422668976227296,22.609435335803187,1.8458049208133582,1.0629210314630475,-6.379701170431724,0.6376183117002872,1.767143515302051,64
1789408035.340802,1789408035.340256,-23.41238083065912,22.545154109991014,1.8519853257963086,0.991569083536721,-6.4565412494608125,0.5965536497738331,1.7290519559023518,64
1789408035.3507543,1789408035.350253,-23.402749880178582,22.479709487997308,1.8577883932330719,0.919319943802701,-6.5276525542486565,0.5548149730223879,1.6923150581700195,64
1789408035.3607748,1789408035.36027,-23.393912827047224,22.41408505303726,1.8631302177240157,0.8475655268313523,-6.59219270227501,0.5132060387069454,1.65760849320608,64
1789408035.370865,1789408035.3702548,-23.385802521537943,22.347931569435598,1.8680495560462163,0.7761999789965203,-6.650823839688428,0.4716676708649251,1.6248445460283591,64
1789408035.3812535,1789408035.3803673,-23.378382308013013,22.281030445179006,1.872567012107755,0.705254630016233,-6.703968713159921,0.4302186782938309,1.5940434219811348,64
1789408035.3910825,1789408035.3902705,-23.371717087606932,22.214141078425733,1.8766412141255582,0.6357663901533761,-6.751321826505263,0.38946778876088484,1.5656565256882453,64
1789408035.4010916,1789408035.4002328,-23.371717087606932,22.214141078425733,1.8766412141255582,0.6357663901533761,-6.751321826505263,0.38946778876088484,1.5656565256882453,64
1789408035.4110324,1789408035.4102352,-23.36038109660384,22.07842076282632,1.8836177771643432,0.4999450216962769,-6.83119491484886,0.3093612896471777,1.515708419023319,64
1789408035.420823,1789408035.4202592,-23.355714189164264,22.00999009583093,1.886514147985604,0.43439983737660026,-6.863989554901854,0.2704773761845149,1.4945267795635389,64
1789408035.4308531,1789408035.4302611,-23.351694367140045,21.941276988441814,1.889025852270336,0.3707337829210368,-6.892365638870057,0.23255960632137912,1.476026533382864,64
1789408035.4407656,1789408035.4402628,-23.348287152916814,21.87200112443047,1.8911724726833,0.308827677499344,-6.916714956683459,0.19554315216813528,1.460227019157921,64
1789408035.4508042,1789408035.4502652,-23.345473404527617,21.80203252730153,1.8929642286679575,0.24870910631826498,-6.937325193051497,0.1594503122784302,1.4472119795321754,64
1789408035.460779,1789408035.4602714,-23.343273123025437,21.732525852936764,1.8943860232033578,0.19144275997336643,-6.954183487275895,0.12493022150678477,1.4372359061043445,64
1789408035.4707725,1789408035.4702806,-23.341640504201735,21.66319422093072,1.8954645096075966,0.13679965432820393,-6.9677430702799725,0.09185817325188794,1.4302310332772221,64
1789408035.480793,1789408035.480273,-23.340542471692956,21.593933631146527,1.89621855493341,0.08470759584071876,-6.9783631494110905,0.060203158316771616,1.4261734298846844,64
1789408035.4908524,1789408035.4903386,-23.33994996818354,21.524622377959336,1.8966647425240086,0.035080170726660836,-6.986374559115637,0.029925319772932744,1.4250450296294817,64
1789408035.5008326,1789408035.500259,-23.33994996818354,21.524622377959336,1.8966647425240086,0.035080170726660836,-6.986374559115637,0.029925319772932744,1.4250450296294817,64
1789408035.5106661,1789408035.5102582,-23.340194694599823,21.384275165823492,1.8966838554172736,-0.05779740263269562,-6.995802337646173,-0.027072488917035935,1.431642274535949,64
1789408035.5206912,1789408035.5202541,-23.34099659792239,21.31367410322519,1.8962757708694011,-0.10073329795690524,-6.997696984358727,-0.05357454805975692,1.439374920352117,64
1789408035.5306597,1789408035.5302572,-23.342188146215385,21.244610212654678,1.8956248253441026,-0.14034968053695673,-6.998067465940648,-0.0781153139985578,1.4497267839135712,64
1789408035.5406892,1789408035.5403447,-23.343786581579185,21.1744761723526,1.8947227802783917,-0.1782345165980346,-6.997200086999603,-0.10166171305863776,1.462993838698228,64
1789408035.5506835,1789408035.5502567,-23.345773071606306,21.103705632401326,1.8935800390197048,-0.21415037446995383,-6.995302562173928,-0.12405262038654533,1.479118303929025,64
1789408035.560607,1789408035.560246,-23.348034922606942,21.03512247905161,1.8922624245948694,-0.24683069945955685,-6.992705881513024,-0.14447983914133805,1.4972869451069404,64
1789408035.570745,1789408035.570234,-23.350690359249455,20.964479572569303,1.8907015030565784,-0.2784109730634639,-6.989463561734504,-0.16426102183499774,1.5185284935493868,64
1789408035.580892,1789408035.5802677,-23.353601971174054,20.895067368142573,1.8889782356293914,-0.3074980678059386,-6.985907534363477,-0.1825074995453066,1.5418057654683783,64
1789408035.5908406,1789408035.5902712,-23.356822134300877,20.82509229926668,1.8870622308861984,-0.3349970207165907,-6.982125372233837,-0.1997696091229402,1.567589123712289,64
1789408035.6009738,1789408035.6002324,-23.356822134300877,20.82509229926668,1.8870622308861984,-0.3349970207165907,-6.982125372233837,-0.1997696091229402,1.567589123712289,64
1789408035.6107814,1789408035.610233,-23.364014145974902,20.685843554762986,1.8827576161565458,-0.38481088181437756,-6.974600608331622,-0.23101125356201155,1.6254287026491132,64
1789408035.6207614,1789408035.6202612,-23.367975889076334,20.616138710281366,1.8803764016233702,-0.4075811217642832,-6.971078141649439,-0.24524450162723943,1.6574507888465975,64
1789408035.630969,1789408035.6302724,-23.372185876846064,20.546029119687,1.877840878044285,-0.42923023870867305,-6.967826448288409,-0.25872181410535317,1.6915934114292488,64
1789408035.6408079,1789408035.6402621,-23.376561521702605,20.47666950350012,1.8752016961002365,-0.4495671532083816,-6.96496225345245,-0.2713110700186363,1.727185575299736,64
1789408035.6507983,1789408035.650273,-23.381150904158833,20.40709909284304,1.8724308658716564,-0.4690447717824911,-6.9624834930643065,-0.28328133845076153,1.7646075565924357,64
1789408035.6607823,1789408035.6602747,-23.385937064740034,20.337463433722604,1.8695396668231896,-0.48777668433018867,-6.9604155048165435,-0.2946913793469495,1.8037028498526573,64
1789408035.670842,1789408035.6702662,-23.3909308218082,20.26752454339349,1.8665227005346978,-0.5059818009250783,-6.958748037832814,-0.3056650112708665,1.844532373151648,64
1789408035.6808922,1789408035.6803455,-23.396075648369166,20.197991940712164,1.8634153327240746,-0.5236346561643325,-6.957466263491841,-0.3161806308442123,1.8865972143680299,64
1789408035.6908684,1789408035.69024,-23.40140147578108,20.128390881088805,1.8602007547070472,-0.541013043817972,-6.9565035620901945,-0.32640036624631835,1.9300968021647644,64
1789408035.70093,1789408035.7002318,-23.40140147578108,20.128390881088805,1.8602007547070472,-0.541013043817972,-6.9565035620901945,-0.32640036624631835,1.9300968021647644,64
1789408035.7107599,1789408035.710269,-23.412639635398655,19.988387736678998,1.8534291841007675,-0.5756803328702682,-6.955192773748605,-0.3463721860965151,2.0215282596639366,64
1789408035.7207894,1789408035.720253,-23.418474276474367,19.918941483979292,1.8499217493984694,-0.5930088931739039,-6.95462255612351,-0.35615019046432334,2.0686965812467384,64
1789408035.7309542,1789408035.7302604,-23.424430859553205,19.85009668122578,1.846347989700738,-0.6104387007705826,-6.953921855094326,-0.3658572509587974,2.11656406610349,64
1789408035.740873,1789408035.7402642,-23.43063627504693,19.78043462199773,1.8426331897791448,-0.6284407273776145,-6.952905919376104,-0.37576061671636957,2.166066284772528,64
1789408035.7508917,1789408035.750351,-23.4370779617963,19.710208324554035,1.8387865041113167,-0.647060169563935,-6.951374288360475,-0.385888455058612,2.2170018049681213,64
1789408035.7608032,1789408035.7602794,-23.443630580120768,19.640834349465457,1.8348840709672343,-0.6660024910465071,-6.949147706400411,-0.3960889104508784,2.2682875264933093,64
1789408035.7707675,1789408035.7702727,-23.450335857134878,19.571886196256905,1.8309020395523927,-0.6854360115351918,-6.946003377413528,-0.40646340693537236,2.320166979805621,64
1789408035.7808685,1789408035.780264,-23.457308154378588,19.502276431314176,1.8267737886730546,-0.7057214445094403,-6.94163738026474,-0.41721235596282125,2.3734206922381724,64
1789408035.7908337,1789408035.790234,-23.46435957407055,19.43393626281923,1.8226115578927289,-0.7263204423882524,-6.935926061297863,-0.42805950816559457,2.426521391861137,64
1789408035.8009417,1789408035.8002634,-23.46435957407055,19.43393626281923,1.8226115578927289,-0.7263204423882524,-6.935926061297863,-0.42805950816559457,2.426521391861137,64
1789408035.8108065,1789408035.8102202,-23.4793836810383,19.294805856154277,1.8137858972059966,-0.7703974019925988,-6.918780997679604,-0.45109978383618554,2.5369876331710457,64
1789408035.8207498,1789408035.820263,-23.487303635844757,19.224789550963866,1.8091561027477188,-0.7936427641460251,-6.906723760818598,-0.46318311122094374,2.593709565089986,64
1789408035.831026,1789408035.8302605,-23.495306135070024,19.156225053826383,1.8044932444117758,-0.8170519724323803,-6.89225476917497,-0.47531783394119886,2.6499489718886786,64
1789408035.8408496,1789408035.8402712,-23.50358986450138,19.087443296778346,1.7996819183225965,-0.841121671866241,-6.874748676861137,-0.48776729198651547,2.7070289290534824,64
1789408035.8509316,1789408035.850355,-23.512104841338907,19.01894414591647,1.7947518061153862,-0.8656029341666208,-6.8539796465997105,-0.5004068154013458,2.764508450123861,64
1789408035.8608217,1789408035.8602445,-23.520897015445577,18.95043491932423,1.7896773921736386,-0.8906880993206634,-6.8289750456842375,-0.5130471154733154,2.8226060797116324,64
1789408035.8709545,1789408035.8702521,-23.529921235010406,18.882414995666366,1.7844987597691748,-0.9175144328652788,-6.795144673116216,-0.5238904508712967,2.8808772477447597,64
1789408035.8809807,1789408035.8802283,-23.539173643755568,18.81518221850481,1.77925890449387,-0.9470928615798815,-6.747615124662002,-0.5310656438186196,2.9390510913149015,64
1789408035.8910162,1789408035.890231,-23.54881743943317,18.747943274475958,1.7739260890840545,-0.9800544623142312,-6.682368540510045,-0.5334483858273423,2.9978150770749985,64
1789408035.9012332,1789408035.900271,-23.54881743943317,18.747943274475958,1.7739260890840545,-0.9800544623142312,-6.682368540510045,-0.5334483858273423,2.9978150770749985,64
1789408035.9111354,1789408035.910254,-23.569137318955992,18.61602629861725,1.763336968203162,-1.0526096479700673,-6.494297878185347,-0.5215253962386218,3.114867162231602,64
1789408035.9211252,1789408035.9202344,-23.579961585896445,18.55102381610392,1.7581362027943406,-1.0899730453643899,-6.370255307168237,-0.5071107441351803,3.1734340687550837,64
1789408035.931083,1789408035.930267,-23.591021114284384,18.48811024105485,1.753165250385412,-1.1250656243913901,-6.230153757633408,-0.4879348897889299,3.2306920292541332,64
1789408035.9409735,1789408035.94026,-23.602350845778105,18.42700591077308,1.7484325509008198,-1.156268852518929,-6.075522548597943,-0.4647410398754357,3.286846486293082,64
1789408035.951035,1789408035.9502616,-23.614028776414752,18.3671805178998,1.7439230265791856,-1.182015555481178,-5.907035643720655,-0.43816519677402804,3.342340229090081,64
1789408035.9630494,1789408035.9602392,-23.62593680020804,18.30904927645551,1.7396880372875456,-1.2003028550460242,-5.727968187338583,-0.40928482436334324,3.396738070647202,64
1789408035.9729118,1789408035.970238,-23.638191956240277,18.251792065297924,1.7356833877395055,-1.209523681340872,-5.537828417676314,-0.3786082570576558,3.4507542732878282,64
1789408035.981083,1789408035.9803038,-23.65018634084319,18.197824537648213,1.7320792080087888,-1.208001431111783,-5.347180282226153,-0.34841802703851044,3.5020324328935843,64
1789408035.9909997,1789408035.990245,-23.66213180175398,18.145666819993277,1.7287658873968392,-1.1949895059409024,-5.153453393061536,-0.3188347658618356,3.55188772603104,64
1789408036.0012405,1789408036.0003262,-23.66213180175398,18.145666819993277,1.7287658873968392,-1.1949895059409024,-5.153453393061536,-0.3188347658618356,3.55188772603104,64
1789408036.0108683,1789408036.010261,-23.68553818227453,18.04626498194192,1.722933898981374,-1.1312245989296723,-4.762334044342577,-0.2643732268440788,3.6475049388825913,64
1789408036.0209467,1789408036.0202594,-23.69676886529826,17.998918785120434,1.7203728607322355,-1.079597249843356,-4.567539220164092,-0.24078479902347522,3.693200073207287,64
1789408036.0310073,1789408036.0302696,-23.70716101129213,17.954612590506454,1.718089332659337,-1.0172416259619703,-4.380946289239103,-0.22092883119687046,3.7359561568275255,64
1789408036.0410023,1789408036.0402763,-23.716834737269792,17.91233934660135,1.715995966782,-0.9443516348733916,-4.199147588838093,-0.20448328231495339,3.7766714380540605,64
1789408036.0510864,1789408036.0502543,-23.726047388370894,17.870411753480425,1.7139802527973178,-0.8587903900987113,-4.014933334692999,-0.19097859520231142,3.8168976831498806,64
1789408036.060945,1789408036.0602274,-23.734207340067883,17.83101800588335,1.712116300160419,-0.7664549622877537,-3.8376191096199723,-0.18108463648923823,3.820994276357095,137
1789408036.0719988,1789408036.0702534,-23.74130322023678,17.793962706609452,1.7103632935700652,-0.6695441458923574,-3.6659819438980703,-0.1743405167935288,3.8144125010661405,137
1789408036.0810378,1789408036.080259,-23.747543849170963,17.757837596025393,1.7086270921133662,-0.5665926881918226,-3.4925480312459114,-0.17009747255154561,3.808977688138243,137
1789408036.0909166,1789408036.0902562,-23.752640044554308,17.724143175019044,1.7069570824933409,-0.46425134991513595,-3.3233839483430967,-0.16801720003290926,3.8049047677429915,137
1789408036.1009934,1789408036.100253,-23.756756849065532,17.691862849072155,1.705286085514082,-0.3619883461050535,-3.1522496033794933,-0.16740107130135087,3.8020143803869457,137
1789408036.1107662,1789408036.11027,-23.75989314631706,17.66102043776102,1.7036009080918773,-0.26215754626833804,-2.9776831960053873,-0.16763953801746026,3.8002745780846388,137
1789408036.1208954,1789408036.1202564,-23.762037449554352,17.63218770643092,1.7019260797116236,-0.1688126334866995,-2.8016710502301847,-0.16808552438686875,3.799633809334686,137
1789408036.1311169,1789408036.130343,-23.763286780706256,17.605139141250376,1.7002489428002237,-0.0831594998490865,-2.621986730136029,-0.16813508367564226,3.7999681743939386,137
1789408036.1408799,1789408036.1404376,-23.76372752369356,17.57986498152235,1.6985729228004023,-0.006785209939614961,-2.437798519692583,-0.16724859985045273,3.8011578749332617,137
1789408036.150877,1789408036.1502635,-23.763458334431668,17.556451618081653,1.696912312336722,0.058787241588662824,-2.2493255074133924,-0.16497530165709026,3.8030663803761335,137
1789408036.1607761,1789408036.1602376,-23.762600812244063,17.535095849032995,1.695294936302916,0.11221890941641759,-2.0584369797052644,-0.1610109042023512,3.8055263655572285,137
1789408036.1707883,1789408036.1702664,-23.76122683729869,17.515084401092075,1.6936793016456195,0.15458242831447488,-1.8586300361991506,-0.15491765846256772,3.808493875749485,137
1789408036.1808755,1789408036.1802604,-23.759565036506764,17.497835381095197,1.6921996487968223,0.18298661605987465,-1.6655786122365999,-0.14708008300624145,3.811599880001311,137
1789408036.190854,1789408036.190232,-23.75760725869761,17.48192529474528,1.690754688564122,0.20022285783451446,-1.4652957098445125,-0.13691500202934154,3.8149470869895747,137
1789408036.2008138,1789408036.2002554,-23.755580309837686,17.468323155757542,1.6894506706884556,0.20578375089060882,-1.2717794264073807,-0.12514763894998832,3.8182050077162906,137
1789408036.2106688,1789408036.2102199,-23.753552508072232,17.456642152172684,1.688273446059458,0.20135912114484958,-1.083472487410427,-0.11189173823301124,3.8213212113103587,137
1789408036.2207177,1789408036.2202597,-23.751584690323952,17.446663805738538,1.68721954424298,0.18822431481679563,-0.9001844688398587,-0.09730416272196843,3.824241352401483,137
1789408036.2311428,1789408036.2302773,-23.74979815079916,17.43853461974884,1.6863224988869412,0.1684030591316617,-0.7289518211446213,-0.08218429697462723,3.8268188577914923,137
1789408036.2408736,1789408036.2402549,-23.748247478228336,17.43210047910192,1.6855832347516317,0.1440769866313825,-0.5725610671927432,-0.06710691649321637,3.829005015239411,137
1789408036.2510543,1789408036.2502806,-23.915346100152536,17.054126494012635,1.569114330356222,-0.5293084534890946,-1.6737130594110468,-0.29212817452009404,3.718928860887132,137
1789408036.2609491,1789408036.2602563,-23.920380317595303,17.038300810881612,1.5663361386193735,-0.48141963482358874,-1.5043661836352253,-0.2656559512935995,3.717055732315162,137
1789408036.2712119,1789408036.2702663,-23.925036284042573,17.023835490959964,1.563767083779621,-0.43328267274927923,-1.3381693180618675,-0.2390575320936702,3.7153460621775847,137
1789408036.2810326,1789408036.280227,-23.929027446621028,17.011574694799112,1.5615651598381683,-0.3884451479556921,-1.1867591286588635,-0.2142910985072606,3.7138949709174285,137
1789408036.2911143,1789408036.2902312,-23.93272074353289,17.0003515495731,1.559527828057013,-0.34332637220371715,-1.037523993509542,-0.18937710699995264,3.712561379262264,137
1789408036.3010933,1789408036.3002262,-23.93272074353289,17.0003515495731,1.559527828057013,-0.34332637220371715,-1.037523993509542,-0.18937710699995264,3.712561379262264,137
1789408036.310719,1789408036.3102257,-23.93875200948107,16.982305782650368,1.5562013673439556,-0.25948853716983666,-0.7681048810431099,-0.14310145834060617,3.7103941727641927,137
1789408036.3208892,1789408036.3202527,-23.94115618849353,16.97522347152694,1.554875584826404,-0.22112170004503406,-0.6481113753864993,-0.12193151359940013,3.70953025364275,137
1789408036.3309512,1789408036.3302305,-23.943180750547217,16.969316937384438,1.553759243082261,-0.18560122048823824,-0.5388436828722336,-0.10233585807085605,3.7088005990858472,137
1789408036.3409083,1789408036.3402278,-23.94485555325158,16.964476249836412,1.5528358345612774,-0.1531750085345095,-0.4406381129044097,-0.08445021791122842,3.7081941269067387,137
1789408036.3510349,1789408036.3502307,-23.946250873254883,16.96047998775605,1.5520665782064365,-0.12318440846197998,-0.35115223291207354,-0.06791047476516343,3.7076856473850888,137
1789408036.361015,1789408036.3602254,-23.947340668670474,16.957386351312167,1.551465802831587,-0.09700472326102383,-0.2741371567572206,-0.05347434342488644,3.7072854577835073,137
1789408036.3709297,1789408036.3702285,-23.948195710272095,16.954979835402643,1.5509944706247127,-0.07387396481380648,-0.206998610692807,-0.040720940927963634,3.7069687485002363,137
1789408036.3809915,1789408036.3802264,-23.948831579350475,16.95320505468204,1.550643974904258,-0.054300115894993395,-0.1509076315332356,-0.029929782718473907,3.7067309854202484,137
1789408036.3911586,1789408036.3902338,-23.94928874451752,16.951939305002327,1.5503919951112308,-0.03808986768298572,-0.10501686439229418,-0.02099379343888197,3.706558333068321,137
1789408036.4010777,1789408036.4002285,-23.949603744610943,16.95107399699437,1.5502183818502435,-0.024998244091421373,-0.06838435517881347,-0.013777532638204804,3.7064381346754396,137
1789408036.4109714,1789408036.4102218,-23.94980223848305,16.95053289502662,1.5501089859919397,-0.01510079232953343,-0.04099735992997555,-0.008322315909539357,3.706361591438568,137
1789408036.4212253,1789408036.4203756,-23.94991610083592,16.950224792398853,1.5500462354559192,-0.00807312058530707,-0.02175701663025187,-0.0044490800649199524,3.7063172218310876,137
1789408036.4308648,1789408036.4302847,-23.949972210930355,16.9500740438532,1.5500153137381085,-0.003583268279969687,-0.009588460356422246,-0.001974668448686101,3.70629513173963,137
1789408036.4408498,1789408036.4402537,-23.949994199763765,16.950015370745103,1.550003196270417,-0.0011246046024337986,-0.002988537587708784,-0.0006197296889567383,3.7062863890764635,137
1789408036.4512997,1789408036.4502873,-23.949999609197462,16.950001030084124,1.550000215350893,-0.00015113004687172804,-0.0003988971058683788,-8.328028520132591e-05,3.7062842181925553,137
1789408036.4613266,1789408036.4602613,-23.949999999999964,16.9500000000001,1.55000000000002,-8.191758382736225e-10,-2.1478498979377036e-09,-4.5139891824419465e-10,3.7062840600693137,137
1789408036.4713948,1789408036.4702797,-23.950000000000003,16.95,1.5499999999999998,1.7763568394002505e-15,5.329070518200751e-15,-1.3322676295501878e-15,3.7062840600692977,137
1789408036.4813771,1789408036.4802806,-23.950000000000003,16.95,1.5499999999999998,1.7763568394002505e-15,5.329070518200751e-15,-1.3322676295501878e-15,3.7062840600692977,137
1789408036.490876,1789408036.490228,-23.950000000000003,16.95,1.5499999999999998,1.7763568394002505e-15,5.329070518200751e-15,-1.3322676295501878e-15,3.7062840600692977,137
1789408036.500965,1789408036.500251,-23.950000000000003,16.95,1.5499999999999998,1.7763568394002505e-15,5.329070518200751e-15,-1.3322676295501878e-15,3.7062840600692977,137
1789408036.5106397,1789408036.5102208,-23.950000000000003,16.95,1.5499999999999998,1.7763568394002505e-15,5.329070518200751e-15,-1.3322676295501878e-15,3.7062840600692977,137
1789408036.5208178,1789408036.5202246,-23.950000000000003,16.95,1.5499999999999998,1.7763568394002505e-15,5.329070518200751e-15,-1.3322676295501878e-15,3.7062840600692977,137
1789408036.5308776,1789408036.5302596,-23.950000000000003,16.95,1.5499999999999998,1.7763568394002505e-15,5.329070518200751e-15,-1.3322676295501878e-15,3.7062840600692977,137
1789408036.5408769,1789408036.5402539,-23.950000000000003,16.95,1.5499999999999998,1.7763568394002505e-15,5.329070518200751e-15,-1.3322676295501878e-15,3.7062840600692977,137
1789408036.5509636,1789408036.5502522,-23.950000000000003,16.95,1.5499999999999998,1.7763568394002505e-15,5.329070518200751e-15,-1.3322676295501878e-15,3.7062840600692977,137
1789408036.5609536,1789408036.560218,-23.950000000000003,16.95,1.5499999999999998,1.7763568394002505e-15,5.329070518200751e-15,-1.3322676295501878e-15,3.7062840600692977,137
1789408036.5707989,1789408036.570252,-23.950000000000003,16.95,1.5499999999999998,1.7763568394002505e-15,5.329070518200751e-15,-1.3322676295501878e-15,3.7062840600692977,137
1789408036.5806668,1789408036.580253,-23.950000000000003,16.95,1.5499999999999998,1.7763568394002505e-15,5.329070518200751e-15,-1.3322676295501878e-15,3.7062840600692977,137
1789408036.590915,1789408036.5902522,-23.950000000000003,16.95,1.5499999999999998,1.7763568394002505e-15,5.329070518200751e-15,-1.3322676295501878e-15,3.7062840600692977,137
1789408036.6008303,1789408036.6002536,-23.950000000000003,16.95,1.5499999999999998,1.7763568394002505e-15,5.329070518200751e-15,-1.3322676295501878e-15,3.7062840600692977,137
1789408036.6108012,1789408036.610267,-23.950000000000003,16.95,1.5499999999999998,1.7763568394002505e-15,5.329070518200751e-15,-1.3322676295501878e-15,3.7062840600692977,137
1789408036.6208577,1789408036.6202748,-23.950000000000003,16.95,1.5499999999999998,1.7763568394002505e-15,5.329070518200751e-15,-1.3322676295501878e-15,3.7062840600692977,137
1789408036.6308684,1789408036.6302598,-23.950000000000003,16.95,1.5499999999999998,1.7763568394002505e-15,5.329070518200751e-15,-1.3322676295501878e-15,3.7062840600692977,137
1789408036.6407673,1789408036.6402595,-23.94270431464736,16.9376904365935,1.543626474105555,0.664324143329785,-0.8282815679253366,0.3855509911130672,3.716088296285586,137
1789408036.650778,1789408036.6502898,-23.935725311214938,16.928884021841927,1.5476807908404493,0.7490009261884746,-0.9561446197780301,0.4355289560728766,3.72483407990967,137
1789408036.6608772,1789408036.6602256,-23.927661911070654,16.918458894096933,1.5523743494504618,0.8375985316424377,-1.0963610297565913,0.48804268597431916,3.735009011901671,137
1789408036.6710348,1789408036.6702676,-23.91884299542731,16.906765731567926,1.5575182686585596,0.9253108898931391,-1.2423815828028315,0.5402735756248261,3.7462214943395877,137
1789408036.68162,1789408036.6802683,-23.90907150806953,16.893469055959123,1.5632299342638816,1.0132642670606558,-1.3969546814742029,0.5929142837350386,3.758746543918256,137
1789408036.6909134,1789408036.6902664,-23.898635839044456,16.878885750844837,1.5693431798247386,1.0982068132822929,-1.555160052470302,0.6440364842075041,3.772240460102211,137
1789408036.700948,1789408036.700284,-23.898635839044456,16.878885750844837,1.5693431798247386,1.0982068132822929,-1.555160052470302,0.6440364842075041,3.772240460102211,137
1789408036.7111726,1789408036.7104087,-23.875119866025997,16.84461252754912,1.5831666342551771,1.2620592187576698,-1.8912575917703383,0.743594321829957,3.8030985218901083,137
1789408036.72143,1789408036.7204592,-23.862063351854214,16.824749572626317,1.5908690044654545,1.3393694196360904,-2.0681015619195486,0.7911040099932012,3.820508020661639,137
1789408036.731374,1789408036.7303236,-23.84836924330719,16.803276012955344,1.5989678156419724,1.411582548064845,-2.247484039842114,0.8358808574453904,3.8389879023850053,137
1789408036.7409787,1789408036.7402642,-23.833869097256517,16.77981593582983,1.6075656194551866,1.4791944873142064,-2.4315304464302643,0.8782429800954568,3.8588105636924315,137
1789408036.7510364,1789408036.7502615,-23.818830602040236,16.754685599670456,1.6165066064174203,1.5406255517952783,-2.6168118802535174,0.9172083967036976,3.8628932466155677,28
1789408036.7606974,1789408036.7602696,-23.802975243420637,16.727286711043515,1.6259595465542018,1.5966514256067317,-2.806722161121339,0.9532788009241688,3.844768440672641,28
1789408036.7708707,1789408036.7702563,-23.78667492283451,16.698121046778354,1.6357059036888126,1.6456362841509198,-2.996802516545155,0.9854087009752278,3.826219827635991,28
1789408036.78104,1789408036.7803776,-23.770237368477527,16.66764574705643,1.6455633249238812,1.6868160769138116,-3.183748693899036,1.0130672923714652,3.8076209797446303,28
1789408036.7910233,1789408036.7902627,-23.753197374649492,16.634874730787203,1.6558130389654497,1.7213393522087783,-3.3730285488437968,1.0370085194327774,3.788475097867416,28
1789408036.8010538,1789408036.8002827,-23.753197374649492,16.634874730787203,1.6558130389654497,1.7213393522087783,-3.3730285488437968,1.0370085194327774,3.788475097867416,28
1789408036.8107722,1789408036.8102624,-23.71827220907599,16.56368770408275,1.6769213040947402,1.7679422960644802,-3.748341459035667,1.0719939736833772,3.749773180412881,28
1789408036.820726,1789408036.820276,-23.70027798714926,16.524728020970674,1.687850712653875,1.7800220420850859,-3.93583071331801,1.083010212762093,3.7301851721568027,28
1789408036.8309493,1789408036.8302345,-23.682566845211678,16.484726134540892,1.6986450463854066,1.7843591622598356,-4.116872061177635,1.089377544367483,3.7111933952333724,28
1789408036.8408463,1789408036.8402662,-23.66498872719044,16.443277781909927,1.709395358513143,1.7814506334528724,-4.293367247695753,1.0913908769459626,3.69267447038114,28
1789408036.8507493,1789408036.8502703,-23.6469798252396,16.398860652730914,1.7204484327128438,1.7711624042938268,-4.471111581262421,1.0890546835407744,3.67409998286305,28
1789408036.8606853,1789408036.860266,-23.6295921261134,16.353935111543777,1.7311590621878328,1.7542951577737513,-4.639945911691981,1.0825883522204596,3.6343029749721807,236
1789408036.870686,1789408036.8702314,-23.612008045556884,16.306269791142324,1.7420306181249157,1.730341501770011,-4.80805870237325,1.0718205616819918,3.5841943134963823,236
1789408036.8809798,1789408036.8802772,-23.594851561442656,16.25738162019814,1.7526777359987358,1.7002655556688266,-4.969653861738101,1.0571606614173665,3.5332564794083514,236
1789408036.8909843,1789408036.8902478,-23.578220610729623,16.207504086136975,1.7630375457042728,1.6647194000505792,-5.124098288730563,1.038946205125012,3.48174819603514,236
1789408036.901125,1789408036.9002836,-23.578220610729623,16.207504086136975,1.7630375457042728,1.6647194000505792,-5.124098288730563,1.038946205125012,3.48174819603514,236
1789408036.9108548,1789408036.9102626,-23.545775268375728,16.102039454199343,1.7833631637229688,1.5767419266956257,-5.41941061474187,0.9915583133529019,3.374306692496439,236
1789408036.920837,1789408036.9202602,-23.52998036331069,16.046128459245583,1.7933150953181913,1.524608837077662,-5.560379449624542,0.9624708450930876,3.3181307240489524,236
1789408036.9308474,1789408036.9302611,-23.51495959386254,15.989672209332925,1.8028152619556213,1.4690410017928712,-5.692761263103233,0.9308670999793489,3.261942086666727,236
1789408036.941111,1789408036.9403784,-23.500849173772707,15.933298098449322,1.8117723791697247,1.411222200557851,-5.815625051320065,0.8974317265612053,3.2063628520247844,236
1789408036.9508834,1789408036.9502535,-23.487042180148286,15.874528243919453,1.8205681102739264,1.3490288665168866,-5.934426809346504,0.8609185172858352,3.1489757116430144,236
1789408036.960791,1789408036.9602172,-23.473800826683057,15.814272514762465,1.8290327920216378,1.2837604346066096,-6.047011640471045,0.8220494678025351,3.090719345104317,236
1789408036.9706757,1789408036.970261,-23.461242733116833,15.752995668637187,1.8370871246662623,1.2163172032609288,-6.152524690912,0.7813378955762923,3.032076228102563,236
1789408036.9807065,1789408036.980255,-23.449347640789835,15.690564205049421,1.8447394751397723,1.1469477925279263,-6.2512833682843745,0.738915294345187,2.972949533889729,236
1789408036.9908485,1789408036.9902542,-23.43831008501647,15.628070472888563,1.8518594171062221,1.0772510914367197,-6.341835386369969,0.6957536174809061,2.9143929702354465,236
1789408037.000971,1789408037.0002506,-23.43831008501647,15.628070472888563,1.8518594171062221,1.0772510914367197,-6.341835386369969,0.6957536174809061,2.9143929702354465,236
1789408037.0109367,1789408037.0102372,-23.418172603740494,15.499455876499285,1.8648905683055337,0.9344651716042337,-6.504102227824909,0.6056860854014008,2.795877813380755,236
1789408037.0209224,1789408037.020254,-23.409151635159304,15.43379081371807,1.8707401977161224,0.8625540560614997,-6.575426111946736,0.5594942253980151,2.7364197604492517,236
1789408037.0310426,1789408037.0302794,-23.400851391295024,15.367442622916501,1.8761240650180113,0.7909557286298363,-6.640209663621422,0.5129442317782114,2.677078598370582,236
1789408037.040931,1789408037.0402684,-23.393338743431094,15.301143665662693,1.880993242245921,0.7207199529827364,-6.698078671402194,0.4667283401071206,2.618533713052153,236
1789408037.0509665,1789408037.0502634,-23.386476878041222,15.233855498104312,1.885430934045597,0.6509918411470792,-6.7502281515627445,0.4202927406771399,2.5599009346975907,236
1789408037.061214,1789408037.0602627,-23.38026858441706,15.165631214689652,1.8894297001818008,0.5820867817751745,-6.796763627965229,0.37384718406488515,2.501280490485258,236
1789408037.070886,1789408037.0702596,-23.3748160850252,15.09788830694328,1.8929187815739807,0.5156185144605583,-6.837070034437458,0.3285008467950804,2.4439213242648536,236
1789408037.0811565,1789408037.0802665,-23.370010159405574,15.029687893426196,1.8959638046125011,0.45080325382628095,-6.872113934320084,0.2837498913863181,2.3870536901688095,236
1789408037.0908375,1789408037.0902598,-23.365778381397536,14.960073029578643,1.8986053668998237,0.38693642692047125,-6.902565840081508,0.23912035405679294,2.3299457558981724,236
1789408037.1010168,1789408037.100259,-23.365778381397536,14.960073029578643,1.8986053668998237,0.38693642692047125,-6.902565840081508,0.23912035405679294,2.3299457558981724,236
1789408037.1109204,1789408037.1102724,-23.35926993969882,14.8219624644056,1.9025182534359386,0.2674351064499062,-6.948659784144543,0.15412187540828032,2.219589872569739,236
1789408037.120818,1789408037.1202593,-23.3568764309177,14.752275783972804,1.9038559475253511,0.21089521391867494,-6.965469561816609,0.11319808975349673,2.165467838193498,236
1789408037.1308806,1789408037.1302607,-23.35505150158348,14.683083897307393,1.9047835294240976,0.15729441763272795,-6.978384045009895,0.07396620781799143,2.112820827244823,236
1789408037.1407855,1789408037.1402574,-23.353733896208205,14.612959550138443,1.905332864195201,0.1055605654149019,-6.988009200839472,0.0356922320233554,2.060619748516458,236
1789408037.1507967,1789408037.1502697,-23.352921329482747,14.542544343535909,1.90550534818551,0.05622598665668818,-6.99453921918625,-0.0011819413903039967,2.009423254276809,236
1789408037.1608655,1789408037.1602974,-23.35259371937843,14.472786751684776,1.9053180396628402,0.009908985986013169,-6.99827138326791,-0.0361293728377525,1.9599650944697034,236
1789408037.1708207,1789408037.1702583,-23.352717050521942,14.402678647292891,1.9047869864576152,-0.03411837218262763,-6.999629776385907,-0.0696325891295332,1.9115794752323658,236
1789408037.1811604,1789408037.1802514,-23.353259228677857,14.333471941472018,1.9039416518154817,-0.07515456201620657,-6.998952096797702,-0.10108920580622041,1.8651742931744704,236
1789408037.1909738,1789408037.1902285,-23.354208613145712,14.26347482760724,1.9027782203776018,-0.11427773416361608,-6.9965529702814475,-0.1312577239337309,1.8196753558826477,236
1789408037.2009962,1789408037.2002573,-23.354208613145712,14.26347482760724,1.9027782203776018,-0.11427773416361608,-6.9965529702814475,-0.1312577239337309,1.8196753558826477,236
1789408037.2107284,1789408037.210261,-23.357231745199385,14.12327211999958,1.8995795222767409,-0.1857789065324912,-6.987816824723597,-0.18668930054509403,1.733158891411578,236
1789408037.2206743,1789408037.2202508,-23.35927697610506,14.052664645234413,1.897562534207544,-0.21852457149605406,-6.982030412459752,-0.2120984466503615,1.6920668332024904,236
1789408037.2307098,1789408037.2302551,-23.361572298405523,13.984092834128282,1.895363829959508,-0.24838003091880403,-6.975876883764655,-0.23519245780876247,1.6538468774248647,236
1789408037.2408354,1789408037.240287,-23.364232483329022,13.913554214273136,1.892871031283825,-0.27721516730762485,-6.96924916226584,-0.25735167240015483,1.6163446216235544,236
1789408037.2511184,1789408037.2502398,-23.367112275193914,13.844524041867485,1.8902196604796284,-0.3037200434388467,-6.962696111334931,-0.2775063087149207,1.581504355526729,236
1789408037.2609167,1789408037.2602534,-23.370250520682497,13.775478652586544,1.887372581046241,-0.32866964410892036,-6.956277714603497,-0.2961958161676213,1.5485768020557245,236
1789408037.2708652,1789408037.2702808,-23.373667233007772,13.705741534499065,1.8843132234323443,-0.35242609311585404,-6.950115162683495,-0.31363402223573317,1.5173506454855914,236
1789408037.2810745,1789408037.280278,-23.37731572364684,13.636058943638751,1.8810857995723975,-0.37486254688105813,-6.944437743220234,-0.3296756908967081,1.4882704530713664,236
1789408037.2909918,1789408037.2902346,-23.381175156762342,13.56657258642093,1.8777112432665741,-0.3960904089172625,-6.939387360264841,-0.3443635276616422,1.4614657073391004,236
1789408037.3008733,1789408037.3002243,-23.381175156762342,13.56657258642093,1.8777112432665741,-0.3960904089172625,-6.939387360264841,-0.3443635276616422,1.4614657073391004,236
1789408037.3110304,1789408037.310269,-23.38954857317912,13.427067369629095,1.8705163570788133,-0.4358668451754755,-6.931488908821286,-0.3702105410603865,1.4145848602171143,236
1789408037.3208723,1789408037.3203428,-23.393932435914987,13.358812369448035,1.8668149677774497,-0.45424143395914857,-6.928839286008639,-0.3812458979562604,1.395168538254535,236
1789408037.331012,1789408037.3302617,-23.398653690226226,13.288245753435806,1.8628777487754957,-0.4726897065818095,-6.926977047170345,-0.39166103929712676,1.377622640074706,236
1789408037.3409438,1789408037.3403718,-23.40337286310174,13.220345558132735,1.858992735546575,-0.4900542035315038,-6.926019017873149,-0.40081739915531495,1.3632276702624668,236
1789408037.3508878,1789408037.3502579,-23.40845078027898,13.149860065876757,1.8548686262704508,-0.5078201151664506,-6.925851811706901,-0.4095200515171633,1.3509235618937894,236
1789408037.3608544,1789408037.3602726,-23.41355822775325,13.081357238205074,1.8507793085920963,-0.5249631014086688,-6.926432140125956,-0.41728810105278424,1.3415896016625541,236
1789408037.370885,1789408037.3702679,-23.41895913759367,13.011261447651371,1.8465190665565592,-0.5425055665319742,-6.927688750764954,-0.4246294023764127,1.334756903118237,236
1789408037.3809493,1789408037.3802648,-23.4244075198849,12.94276582640501,1.842287816516806,-0.5597620222411959,-6.929445320582467,-0.4313021732936773,1.330766330618826,236
1789408037.3908436,1789408037.3902667,-23.430100190060617,12.873378249561382,1.837937579059898,-0.5774635211941486,-6.931611037835579,-0.4376487352642955,1.3294512406398742,236
1789408037.401024,1789408037.400338,-23.430100190060617,12.873378249561382,1.837937579059898,-0.5774635211941486,-6.931611037835579,-0.4376487352642955,1.3294512406398742,236
1789408037.410798,1789408037.4102318,-23.442078020841272,12.733939402148513,1.8290159261166727,-0.6140748144386732,-6.936418356006146,-0.4495014358410176,1.3351372179221885,236
1789408037.4209356,1789408037.4202635,-23.448235061579016,12.665415980940724,1.824548617354552,-0.6327243268433037,-6.93859359631407,-0.4550483402651494,1.3419940024335,236
1789408037.4309525,1789408037.43026,-23.454627156580017,12.596358370885135,1.8199928415508082,-0.6520351033933209,-6.940352621485332,-0.4605525270243312,1.3515861259963782,236
1789408037.4411073,1789408037.4402835,-23.461213550608225,12.527293088735666,1.8153828833134447,-0.6719061885097068,-6.941421619090672,-0.4660368973655972,1.363839279079228,236
1789408037.4509974,1789408037.4502654,-23.46805108835051,12.457715305337826,1.8106838019194313,-0.6925151008023853,-6.9415230145907225,-0.4716004780588332,1.3788302035042845,236
1789408037.4608696,1789408037.46027,-23.475101956684846,12.388106238965651,1.8059260421788248,-0.7137369979770078,-6.940348080707761,-0.47725633291171227,1.3964341235525273,236
1789408037.470979,1789408037.47027,-23.48240810001558,12.31814449634505,1.8010850254319146,-0.7356699826426134,-6.937564429321223,-0.483073899118676,1.4166930330928797,236
1789408037.4810383,1789408037.480271,-23.489805464664496,12.249435204304879,1.7962702450800911,-0.7577791417660256,-6.932944429505518,-0.48894928261591136,1.4390269132400253,236
1789408037.4909172,1789408037.4903443,-23.497502590048693,12.180088731590905,1.791346818501762,-0.7806292865235751,-6.926048797910342,-0.4950645838810603,1.4639452964775364,236
1789408037.5008805,1789408037.5002522,-23.505484430658,12.110360828207902,1.7863274653591665,-0.8039781454330959,-6.91628503509078,-0.5015402269751095,1.4913312367071663,236
1789408037.5106046,1789408037.510221,-23.513649625361648,12.04114632997376,1.7812624560738786,-0.8255854433766965,-6.900019846451841,-0.5102656296027575,1.5207398084732724,236
1789408037.5207748,1789408037.5202901,-23.522000363471435,11.972240033033968,1.7760939098383743,-0.8428246457154757,-6.872052665458159,-0.523911665216409,1.5521124795562165,236
1789408037.5307777,1789408037.5302498,-23.53041136867131,11.904347429729876,1.770809718387302,-0.8538019258016526,-6.8292087357697175,-0.5438320416160195,1.5849499385814398,236
1789408037.5407557,1789408037.5402508,-23.538950285198776,11.836539289101903,1.765257900890173,-0.8576724672306958,-6.768624086594994,-0.5709331014716618,1.619530787815257,236
1789408037.5509605,1789408037.550253,-23.547617625150217,11.768427758043838,1.7593104437871134,-0.8538239591547848,-6.688074332509717,-0.6055196442417473,1.6559342956525829,236
1789408037.560936,1789408037.5602949,-23.55607296776774,11.702275867221639,1.7530826200207443,-0.8425126770003355,-6.589885184309145,-0.6457454080381291,1.6927707623904935,236
1789408037.570889,1789408037.570346,-23.564441708093998,11.63671325443252,1.746377347876304,-0.8241291547033656,-6.472633267933742,-0.6911970466264822,1.7306066760900267,236
1789408037.580857,1789408037.5802686,-23.57250358696227,11.573134112372728,1.7392817578921012,-0.7999257953445434,-6.33983822408958,-0.7393990817724332,1.768461416863696,236
1789408037.59094,1789408037.5902326,-23.58033895155081,11.510636205885602,1.731659317443296,-0.7706558999537629,-6.19113301141787,-0.7892900063729503,1.8067018419370073,236
1789408037.6010227,1789408037.6002526,-23.58033895155081,11.510636205885602,1.731659317443296,-0.7706558999537629,-6.19113301141787,-0.7892900063729503,1.8067018419370073,236
1789408037.610845,1789408037.6102676,-23.595209558793915,11.38903952840505,1.7147308176298048,-0.7014213290056222,-5.851783122401906,-0.8866601747775328,1.883740549352776,236
1789408037.6209884,1789408037.62025,-23.60204569608622,11.331389833844327,1.7056407248560872,-0.6647909345463922,-5.668898723703975,-0.9292076250543644,1.9213708488001846,236
1789408037.630962,1789408037.6302207,-23.608421061123646,11.276426281754667,1.6962991895247412,-0.6288819780523422,-5.4821716370723,-0.965028378702275,1.9578571136717178,236
1789408037.6408846,1789408037.6402507,-23.614511508375266,11.222760898212796,1.6865343388502017,-0.593885454032345,-5.288831481624518,-0.9935481335948251,1.994029295588721,236
1789408037.6508405,1789408037.6502523,-23.62032530880891,11.170479896305954,1.6764184700524813,-0.5608380663744676,-5.090593337380509,-1.0131963827488575,2.0297724398706176,236
1789408037.6608157,1789408037.6602368,-23.625811572066382,11.120294867825846,1.6661749333808469,-0.5310161783724175,-4.891625067918538,-1.0225653729044994,2.0645438264362213,236
1789408037.670795,1789408037.670253,-23.630946920307913,11.072756898802178,1.656032419755972,-0.5052964907575557,-4.695664936721867,-1.0211001368647716,2.09789957824992,236
1789408037.6810741,1789408037.6802545,-23.635935766045684,11.026330497229415,1.6457735297405764,-0.4832525624252924,-4.49743294597719,-1.0083367427068537,2.130877461756426,236
1789408037.6909065,1789408037.690251,-23.640611239163935,10.982936613805762,1.635939094462183,-0.46591865147031086,-4.305978461181395,-0.9849277692332284,2.1620751974925905,236
1789408037.700956,1789408037.7002513,-23.645208337440106,10.940760241278056,1.6262353426786162,-0.45245143686592826,-4.113875914587554,-0.9504245751837086,2.192763332854997,236
1789408037.7107656,1789408037.7102757,-23.64969248691118,10.900475935226188,1.6169240211206417,-0.4428561517390097,-3.924251059079874,-0.9058048910075338,2.22243424068741,236
1789408037.7208629,1789408037.7202613,-23.654116378050425,10.861921593503691,1.6080702664820496,-0.43661068094022504,-3.7362249461706747,-0.8518651822581997,2.2511849833529745,236
1789408037.730937,1789408037.7302673,-23.658428261188927,10.825769483773623,1.5999158450328352,-0.43310572639337774,-3.5528690784001347,-0.791041025575483,2.2784841389858124,236
1789408037.7408187,1789408037.7402608,-23.662724203573074,10.791358367468735,1.5923812749076887,-0.4314277924388117,-3.3704637183463433,-0.7239463835044919,2.3047988869588094,236
1789408037.750903,1789408037.7503545,-23.66705852147516,10.758389613916954,1.5854623799942908,-0.4306879563579111,-3.1866044416839823,-0.6515057662362249,2.3269568011539916,119
1789408037.7607403,1789408037.7602417,-23.671393709026972,10.727217230547062,1.5792775130940184,-0.4299498585260061,-3.0023605282893957,-0.5761372777655358,2.3226888783825608,119
1789408037.770821,1789408037.7702596,-23.6756868339024,10.698105538643535,1.5738940546663713,-0.42828178566028063,-2.8187065541124827,-0.5003384666984729,2.3187646583513266,119
1789408037.7810285,1789408037.780258,-23.679976739124328,10.670701482598469,1.569244411899409,-0.42479197787910766,-2.632888449781191,-0.42494836355056653,2.315093348682412,119
1789408037.7909203,1789408037.7902699,-23.684143181848825,10.645616963185008,1.5654056390057205,-0.41885614003144805,-2.4489556317218137,-0.35330158685875085,2.311724842228347,119
1789408037.8010538,1789408037.800245,-23.688304541595485,10.621978573874735,1.5622090485680356,-0.4096608747079408,-2.2604091780859195,-0.2843400255497229,2.308519021074911,119
1789408037.8108652,1789408037.8102312,-23.692336848154817,10.60033772765427,1.5596900280378927,-0.39690653116921204,-2.0715247877096954,-0.2208756566973401,2.305535536954601,119
1789408037.8208435,1789408037.8202527,-23.696235609628292,10.580523622795893,1.5577692928349725,-0.38024359908559763,-1.8813667495023931,-0.1634266797174359,2.302743646517325,119
1789408037.830874,1789408037.8302639,-23.6999145993205,10.562770607941438,1.5564001859931726,-0.35986479933919324,-1.693243026374074,-0.11343539335579504,2.300175986290105,119
1789408037.840904,1789408037.8402512,-23.703380666464557,10.546843626493493,1.5554894925000005,-0.3357241186468107,-1.5061791523047492,-0.07075094652019195,2.297803609346095,119
1789408037.850847,1789408037.8502612,-23.706610159341615,10.532675800941792,1.5549633190772851,-0.30801804500247343,-1.3208992635270362,-0.03551776794921051,2.295624231512234,119
1789408037.8609264,1789408037.8603477,-23.709532306608615,10.520403068295755,1.55475193977303,-0.2776144754390574,-1.141417070759574,-0.00813040598473782,2.2936708076118926,119
1789408037.8708706,1789408037.8703394,-23.712140293787844,10.509886960901373,1.5547767917208062,-0.24507992258762382,-0.9686881214905156,0.011931826131744289,2.2919367412268317,119
1789408037.8807633,1789408037.8802238,-23.71446799747717,10.50085567134797,1.5549735767443678,-0.21043498369402225,-0.8009579969746169,0.02546794908234863,2.290392043564239,119
1789408037.8908267,1789408037.8902507,-23.716366868334024,10.493746848623793,1.5552624096752028,-0.17687893438861557,-0.6508628230956707,0.03254852597741298,2.2891307293928227,119
1789408037.9010887,1789408037.9002993,-23.718003204085313,10.487821418988586,1.5556115060311309,-0.14254925445254932,-0.507532890539206,0.03475894338115454,2.2880401938131905,119
1789408037.910857,1789408037.9102578,-23.718003204085313,10.487821418988586,1.5556115060311309,-0.14254925445254932,-0.507532890539206,0.03475894338115454,2.2880401938131905,119
1789408037.9210014,1789408037.9202518,-23.72021313027269,10.480159889278903,1.5562547756975782,-0.08255084633292975,-0.2775351775754169,0.028420209350590753,2.286555532820906,119
1789408037.9308276,1789408037.930251,-23.720905417030608,10.477860911428651,1.556507647652576,-0.057428596510427865,-0.1881294059108778,0.022297097777029817,2.286085229632994,119
1789408037.9407902,1789408037.9402485,-23.721372341862203,10.476348681999408,1.556697844178885,-0.03648864851024303,-0.11664758059446267,0.01564887166276252,2.285765441233094,119
1789408037.9508371,1789408037.9502518,-23.721655224003168,10.475453803470167,1.5568240362394832,-0.02032698446051795,-0.06350480289037796,0.009480304629882474,2.285570058424328,119
1789408037.9608314,1789408037.9602165,-23.72179906648907,10.47500859400063,1.556893289501773,-0.009380079754829573,-0.02869159698736512,0.004693116405792397,2.285469872820285,119
1789408037.9706542,1789408037.9702535,-23.721857613253487,10.474830985725982,1.55692334987322,-0.0029883012720601787,-0.008959728227913022,0.0015894508748637293,2.285428768186444,119
1789408037.9810717,1789408037.9802828,-23.937804355359315,9.887996529934371,1.556278325377175,-0.2663553822584278,-0.8551472697890645,-0.13683840516285656,2.1947372758807226,119
1789408037.99106,1789408037.9902694,-23.9402603984355,9.88014690407423,1.5550161998961247,-0.22952250711066002,-0.7301112199458519,-0.1179828418618099,2.194879890824928,119
1789408038.0011234,1789408038.0002425,-23.942371024971308,9.873462502500278,1.5539309552752487,-0.19487368820226736,-0.6143295279341701,-0.10023046380425471,2.1950025925738066,119
1789408038.0108683,1789408038.0102215,-23.944154338597595,9.867864689828082,1.5530134702741436,-0.16269659078596377,-0.5084085687957998,-0.08373031713702822,2.195104168869493,119
1789408038.0209565,1789408038.0202253,-23.945659835572464,9.86318003453097,1.5522384504208555,-0.13266557880515406,-0.4109669167736054,-0.06831709561991844,2.1951864456355006,119
1789408038.030946,1789408038.0302293,-23.94683849319031,9.859543263277734,1.551631316978589,-0.10653629563204414,-0.32733344109917484,-0.054894555836111913,2.195247016017795,119
1789408038.0408237,1789408038.0402286,-23.947783418795396,9.856651203792724,1.551144286172828,-0.08312562497759268,-0.2533561494007377,-0.04285801667758071,2.195291771490655,119
1789408038.0509791,1789408038.050222,-23.94851521904971,9.854429176507224,1.550766872343487,-0.0626664924657212,-0.18949850113729605,-0.03232968981823925,2.195322969413456,119
1789408038.0608993,1789408038.0602224,-23.94904891276395,9.852821104071564,1.5504914597599009,-0.04565583393791339,-0.13702316003650816,-0.023568260505009375,2.1953429218687917,119
1789408038.0711973,1789408038.0703616,-23.949435917511504,9.851663705242398,1.550291623319752,-0.03139823106528539,-0.09353032434508712,-0.016218383074860565,2.195355205438574,119
1789408038.0810692,1789408038.0802402,-23.949689860135056,9.850909759060707,1.55016041506559,-0.020386477964965177,-0.060296965264306834,-0.010536827090605438,2.1953617580705944,119
1789408038.090899,1789408038.0902517,-23.949850268495045,9.850436846953365,1.5500774839838996,-0.012006415736236065,-0.03526243259776152,-0.006209401773302536,2.1953649246466935,119
1789408038.100979,1789408038.1002536,-23.949939180666217,9.850176508765816,1.5500314883748858,-0.0062093009774724095,-0.018112941083258782,-0.0032132559322419763,2.195366132740234,119
1789408038.1108131,1789408038.1102169,-23.949981364610405,9.850053804995726,1.5500096528630878,-0.0025984133550842614,-0.007529889989295491,-0.0013454738826719215,2.1953664495402356,119
1789408038.1207702,1789408038.1202507,-23.949996792021572,9.850009214667121,1.5500016624997728,-0.0007056271207468434,-0.0020314967533936468,-0.0003656033104935119,2.1953664737363936,119
1789408038.1309645,1789408038.1302958,-23.949999859708022,9.850000401014922,1.550000072739118,-6.851464411994357e-05,-0.00019604238446202515,-3.552023108355229e-05,2.1953664612962207,119
1789408038.140836,1789408038.1402893,-23.95,9.850000000000001,1.5499999999999996,4.440892098500626e-15,0.0,8.881784197001252e-16,2.1953664600559253,119
1789408038.1509128,1789408038.1502576,-23.95,9.850000000000001,1.5499999999999996,4.440892098500626e-15,0.0,8.881784197001252e-16,2.1953664600559253,119
1789408038.160783,1789408038.1602564,-23.95,9.850000000000001,1.5499999999999996,4.440892098500626e-15,0.0,8.881784197001252e-16,2.1953664600559253,119
1789408038.1709032,1789408038.170258,-23.95,9.850000000000001,1.5499999999999996,4.440892098500626e-15,0.0,8.881784197001252e-16,2.1953664600559253,119
1789408038.181012,1789408038.1802592,-23.95,9.850000000000001,1.5499999999999996,4.440892098500626e-15,0.0,8.881784197001252e-16,2.1953664600559253,119
1789408038.1909795,1789408038.1902604,-23.95,9.850000000000001,1.5499999999999996,4.440892098500626e-15,0.0,8.881784197001252e-16,2.1953664600559253,119
1789408038.2012246,1789408038.2002594,-23.95,9.850000000000001,1.5499999999999996,4.440892098500626e-15,0.0,8.881784197001252e-16,2.1953664600559253,119
1789408038.2109745,1789408038.210215,-23.95,9.850000000000001,1.5499999999999996,4.440892098500626e-15,0.0,8.881784197001252e-16,2.1953664600559253,119
1789408038.2210217,1789408038.220247,-23.95,9.850000000000001,1.5499999999999996,4.440892098500626e-15,0.0,8.881784197001252e-16,2.1953664600559253,119
1789408038.2310436,1789408038.2302566,-23.95,9.850000000000001,1.5499999999999996,4.440892098500626e-15,0.0,8.881784197001252e-16,2.1953664600559253,119
1789408038.2410054,1789408038.240251,-23.95,9.850000000000001,1.5499999999999996,4.440892098500626e-15,0.0,8.881784197001252e-16,2.1953664600559253,119
1789408038.2510016,1789408038.2502608,-23.95,9.850000000000001,1.5499999999999996,4.440892098500626e-15,0.0,8.881784197001252e-16,2.1953664600559253,119
1789408038.2610207,1789408038.2602174,-23.95,9.850000000000001,1.5499999999999996,4.440892098500626e-15,0.0,8.881784197001252e-16,2.1953664600559253,119
1789408038.2709491,1789408038.2702515,-23.95,9.850000000000001,1.5499999999999996,4.440892098500626e-15,0.0,8.881784197001252e-16,2.1953664600559253,119
1789408038.281066,1789408038.2802517,-23.95,9.850000000000001,1.5499999999999996,4.440892098500626e-15,0.0,8.881784197001252e-16,2.1953664600559253,119
1789408038.2911117,1789408038.2902257,-23.923246452004115,9.861609534636491,1.5261642917455298,0.04580282108144187,-0.3486683741546798,0.030393489095030493,2.2169136230376054,119
1789408038.3011746,1789408038.3002758,-23.923246452004115,9.861609534636491,1.5261642917455298,0.04580282108144187,-0.3486683741546798,0.030393489095030493,2.2169136230376054,119
1789408038.3110313,1789408038.3102448,-23.922137018251377,9.85317346830579,1.526900303900723,0.06435871177527595,-0.4888977526683726,0.04268691457188478,2.2206805427459626,119
1789408038.3213851,1789408038.3203826,-23.92144969315343,9.847954941632953,1.5273561270923417,0.07460128778185103,-0.566133181348077,0.049468551307806814,2.223022233799923,119
1789408038.331403,1789408038.3302777,-23.920636005915394,9.841783278636958,1.5278956173597271,0.08586141566128658,-0.6509183794698217,0.05692056933734451,2.2258027352425898,119
1789408038.3418348,1789408038.3404782,-23.91973234720605,9.834936040171051,1.5284946055946322,0.09750918337151744,-0.7384977066446501,0.0646254635839109,2.228901516095676,119
1789408038.3515327,1789408038.3502874,-23.91868761090301,9.827027575523129,1.5291869209028002,0.11008579897385337,-0.8329301423827565,0.07294058658881432,2.2324985699622393,119
1789408038.3613663,1789408038.3602982,-23.917525930387182,9.818242354345,1.5299565154590316,0.12317027945373979,-0.9310432196201519,0.08158682289649075,2.2365167922145672,119
1789408038.3713355,1789408038.3702986,-23.916150002794172,9.807846960511258,1.5308677717408152,0.13767502399911907,-1.0396610800926749,0.09116592490025338,2.24130160526475,119
1789408038.3812127,1789408038.380277,-23.914775570117456,9.797472419412703,1.5317777606430556,0.15127954626695536,-1.1414109775055974,0.10014500173468419,2.2461090535437824,119
1789408038.3910482,1789408038.3902638,-23.913198141102775,9.78557595980622,1.532821828104507,0.16598723219216818,-1.2512861868049,0.10984601945143337,2.2516609898416338,119
1789408038.4010499,1789408038.4002566,-23.913198141102775,9.78557595980622,1.532821828104507,0.16598723219216818,-1.2512861868049,0.10984601945143337,2.2516609898416338,119
1789408038.4109368,1789408038.4103773,-23.909577919002825,9.75830868161792,1.535216764959752,0.19682673390706934,-1.4813091365277113,0.13016573169200402,2.2645424120384314,119
1789408038.4208398,1789408038.4203393,-23.907529695551307,9.742899941718978,1.5365710514047786,0.21282375086655222,-1.6004619667128586,0.14069379130264958,2.27191654616377,119
1789408038.4310145,1789408038.4304006,-23.905337802302355,9.72642274026121,1.5380197979909087,0.22899151774413357,-1.7207954683839484,0.151325300896449,2.279876754506008,119
1789408038.4408162,1789408038.4402502,-23.902969188896833,9.708629624736634,1.5395847493386325,0.24550330453630612,-1.843614382148316,0.1621733117921538,2.2885584832660912,119
1789408038.4507334,1789408038.4502592,-23.900415139538875,9.689456180912053,1.541271542665419,0.2623324425811283,-1.9687379657330868,0.17321917174134788,2.298012292639682,119
1789408038.4609282,1789408038.4602656,-23.897717613087185,9.669217915224605,1.5430523530249796,0.27914132246136636,-2.093679354956221,0.18424038706453558,2.3081007368332713,119
1789408038.4707694,1789408038.470261,-23.894859118636443,9.647783652963465,1.5449386185310647,0.29599614205327246,-2.2189582064075553,0.1952796331735623,2.3189065603975627,119
1789408038.4808667,1789408038.4802792,-23.89178517886041,9.62474503727716,1.54696614210587,0.3131445135940552,-2.3464469890761057,0.20649790069941193,2.3306583759063564,119
1789408038.4908552,1789408038.4902606,-23.888592672756314,9.600827694220076,1.5490708905240578,0.32999672476302133,-2.4717973855111963,0.21750850210064027,2.3430066915476444,119
1789408038.500906,1789408038.5002482,-23.888592672756314,9.600827694220076,1.5490708905240578,0.32999672476302133,-2.4717973855111963,0.21750850210064027,2.3430066915476444,119
1789408038.5107713,1789408038.5102317,-23.881622931575524,9.548636916481652,1.5536624909006307,0.3638489683267202,-2.7239586921724968,0.23958033468757778,2.3704662618743235,119
1789408038.5207932,1789408038.5202444,-23.877928243944346,9.520978517809555,1.5560946597218641,0.38036460151216844,-2.8472558351423674,0.25032393956741744,2.3852981738077133,119
1789408038.530929,1789408038.5302348,-23.87403961717318,9.49187043896106,1.5586531250594555,0.3968046557270954,-2.9702458028625776,0.26100046922562,2.4011121935810387,119
1789408038.5407326,1789408038.5402615,-23.87000452867683,9.461665193839318,1.5613064771770102,0.41292997255960484,-3.0911993925368986,0.27145367589522096,2.4177403329485525,119
1789408038.5508158,1789408038.5502284,-23.865765868114906,9.429931711030678,1.5640920829913871,0.4289293710666464,-3.211600044176455,0.28180496902511193,2.435444559217063,119
1789408038.5608847,1789408038.5602655,-23.86137157528306,9.397024604065061,1.5669782352725778,0.4445809121441442,-3.329852113587427,0.2919096935260678,2.4540527186307393,119
1789408038.5707722,1789408038.5702624,-23.856874606756804,9.363335748967758,1.569930001974026,0.4596875020876096,-3.4445295466487647,0.3016402961985015,2.473360430977614,119
1789408038.5809124,1789408038.580273,-23.852212385578873,9.328390955339703,1.5729882945020985,0.47444741737823914,-3.5572064952880007,0.3111241092104622,2.4936574411259924,119
1789408038.59088,1789408038.5902572,-23.847406735630226,9.292347429369432,1.5761386000376183,0.48876721771313597,-3.6672521124809094,0.32030037927328,2.5148738872862415,119
1789408038.6010041,1789408038.600263,-23.847406735630226,9.292347429369432,1.5761386000376183,0.48876721771313597,-3.6672521124809094,0.32030037927328,2.5148738872862415,119
1789408038.6107914,1789408038.6102636,-23.83734036617702,9.216748606117935,1.582730692289783,0.5160758683571458,-3.8797169029698346,0.3377210328856938,2.5602734136117804,119
1789408038.6207135,1789408038.6202507,-23.832144501748566,9.17766399894641,1.5861296344854203,0.5288643103666252,-3.9807466047873192,0.3458369003207601,2.584207566770845,119
1789408038.630899,1789408038.6302645,-23.826806227717746,9.137454946315588,1.5896191413016914,0.5411472466719184,-4.07899040682018,0.3536017341019884,2.609148533415952,119
1789408038.6407862,1789408038.6402574,-23.821297887562707,9.095901520203087,1.5932170442112563,0.5529615014925101,-4.174863348726315,0.36103798784299374,2.6352537382408583,119
1789408038.6508684,1789408038.6502645,-23.81573630620383,9.05387376831002,1.596846847599936,0.5640494415440821,-4.266368776064955,0.3679834572660786,2.6619893717523087,119
1789408038.6608062,1789408038.6602736,-23.810014067882918,9.010547661168786,1.6005784672958443,0.5746191760619173,-4.35532154131509,0.37456854926341415,2.689891296232303,119
1789408038.6707776,1789408038.6702547,-23.804156627417722,8.966100427105596,1.6043950393699846,0.5845983133941998,-4.441258343433549,0.38074737341010156,2.7188641136196043,119
1789408038.6808453,1789408038.6802628,-23.79832615435409,8.921750582854862,1.6081907806156515,0.593723565128276,-4.521968706272743,0.3863579865976023,2.7481154162826456,119
1789408038.6909716,1789408038.690261,-23.792370994943845,8.876331750283095,1.6120643069751188,0.6022452249684339,-4.599721292661302,0.3915554748872837,2.778415321885793,119
1789408038.7009423,1789408038.7002504,-23.792370994943845,8.876331750283095,1.6120643069751188,0.6022452249684339,-4.599721292661302,0.3915554748872837,2.778415321885793,119
1789408038.7107372,1789408038.7102554,-23.780183978019227,8.782958518384131,1.6199805247223777,0.6172901714564469,-4.745182563058336,0.4005962940135609,2.8417544296119,119
1789408038.7206883,1789408038.720249,-23.77397853982097,8.735169599081269,1.624005679812442,0.6237692341531396,-4.812709194472219,0.4044137001403564,2.874694405858261,119
1789408038.7309916,1789408038.7303598,-23.767695214695234,8.686593908437803,1.6280774092482835,0.6295493068375612,-4.876902778995639,0.40776101328111,2.908523839359648,119
1789408038.7407336,1789408038.7402298,-23.76133108801549,8.637186119085008,1.6321974057053594,0.6346244190180234,-4.937855006629191,0.41063497564362106,2.943279854427685,119
1789408038.750786,1789408038.7502615,-23.754949733982105,8.587418036794555,1.6363243701866188,0.6389443623260345,-4.995070061967087,0.4130082215442225,2.97863117512012,119
1789408038.7607534,1789408038.7602148,-23.748575797126364,8.537463232069955,1.6404423061992752,0.6425065606849908,-5.048509978595056,0.4148820094320753,3.014448253224919,119
1789408038.770734,1789408038.7702494,-23.74212311062522,8.486622485577831,1.6446067607404693,0.6453601012406389,-5.09901643813742,0.4162834784790419,3.0512311951575026,119
1789408038.7807086,1789408038.7802522,-23.735731363291578,8.435974268218532,1.6487275123868141,0.6474511616621641,-5.1456488612906535,0.417188785211102,3.088194713288911,119
1789408038.7907646,1789408038.7902534,-23.72923958836727,8.384217266430836,1.6529082438213785,0.6488345697271871,-5.189710687352072,0.41762352627352456,3.126285292504065,119
1789408038.8009074,1789408038.8002486,-23.72923958836727,8.384217266430836,1.6529082438213785,0.6488345697271871,-5.189710687352072,0.41762352627352456,3.126285292504065,119
1789408038.810935,1789408038.8102875,-23.71624830092216,8.279581492851753,1.6612608370092266,0.649386860613356,-5.268498108291452,0.41704856764913784,3.204225277615062,119
1789408038.8207932,1789408038.82026,-23.709628221252547,8.225658483885848,1.6655099250875582,0.648538154496696,-5.304118359491817,0.4160220706208274,3.244853855829664,119
1789408038.8310328,1789408038.8302376,-23.703264385568378,8.173397368281796,1.6695898862427831,0.6470033837019513,-5.335648129517686,0.414570982543404,3.2845153210821767,119
1789408038.841072,1789408038.84025,-23.696830524216512,8.120102752091116,1.6737100537243972,0.6447326367015576,-5.364941699380892,0.41264131959284317,3.325238671862177,119
1789408038.8509536,1789408038.8502474,-23.690285912393094,8.065378780595964,1.6778962617549853,0.6416756879359004,-5.3921918817947,0.410199792576283,3.3673341628002236,119
1789408038.861018,1789408038.8602278,-23.68395548951538,8.011913359684607,1.6819407389016865,0.637994213381003,-5.416213454626138,0.40737598246903894,3.408724274124963,119
1789408038.8708568,1789408038.8702562,-23.677551022577767,7.957244305266117,1.686027755131902,0.6335341579910136,-5.438281690723329,0.4040521055021301,3.45130348752054,119
1789408038.881032,1789408038.8802612,-23.67129185322772,7.903205218558146,1.6900173853998883,0.6284475565890114,-5.457774583462134,0.4003437060164832,3.493636981062162,119
1789408038.891156,1789408038.8902757,-23.66506262347919,7.848773137831807,1.6939833297805647,0.6226553223892606,-5.475230159556354,0.3961939322643758,3.536513950786231,119
1789408038.9011319,1789408038.9002519,-23.66506262347919,7.848773137831807,1.6939833297805647,0.6226553223892606,-5.475230159556354,0.3961939322643758,3.536513950786231,119
1789408038.9109728,1789408038.9102798,-23.65276576301402,7.739180990736405,1.7017987979951128,0.6090058227652045,-5.504341080749638,0.3866179607285305,3.608487887229463,217
1789408038.92082,1789408038.9202487,-23.646602308234453,7.683048315561431,1.7057093149273481,0.6010093653596735,-5.516430707286693,0.38110154124551726,3.6337657161300716,217
1789408038.9309096,1789408038.9302583,-23.640602189089744,7.627532542504024,1.7095118756092351,0.5924455028189431,-5.526702178686629,0.3752510423499213,3.6592725623406834,217
1789408038.9408295,1789408038.9402628,-23.634835295009534,7.573285857830829,1.7131626360472527,0.5834575888507132,-5.53525450593251,0.3691638834292149,3.684670124067815,217
1789408038.9509733,1789408038.9502795,-23.628994491093366,7.51736692169876,1.7168562375576735,0.5735607133334647,-5.542669540858562,0.3625145291175614,3.7113273462621392,217
1789408038.9608896,1789408038.9602275,-23.62328545994696,7.461661493340202,1.720462729648694,0.5630727052605636,-5.548774103521105,0.3555208988927377,3.7383504383560537,217
1789408038.9710193,1789408038.9702594,-23.617731934906118,7.406373315547169,1.7239674802777105,0.5520508563854,-5.553694303889297,0.34822281035138686,3.7656192581846555,217
1789408038.9811695,1789408038.98026,-23.61227384156956,7.350862381623125,1.7274087372166949,0.5403785726370481,-5.557615486388035,0.3405452979145808,3.7934338024769256,217
1789408038.9910245,1789408038.9902642,-23.607011478340475,7.296117621188845,1.7307236426652615,0.5282797616687046,-5.56059783420796,0.33263738221720807,3.821279303757426,217
1789408039.001051,1789408039.0002494,-23.607011478340475,7.296117621188845,1.7307236426652615,0.5282797616687046,-5.56059783420796,0.33263738221720807,3.821279303757426,217
1789408039.0108232,1789408039.0102546,-23.59660287683443,7.183724912686428,1.7372724222556275,0.5016391771405587,-5.564426092645581,0.315383562275224,3.8796848387780027,217
1789408039.020886,1789408039.0202498,-23.591752423298004,7.129171430132981,1.7403209928001873,0.48784726104289666,-5.56538171855312,0.30652790823636594,3.9086086400740294,217
1789408039.0309327,1789408039.030245,-23.58691476484466,7.073139258532288,1.7433598301730233,0.4731035511859176,-5.565884590123539,0.2971133778422749,3.938690366973293,217
1789408039.0409043,1789408039.0402474,-23.5822474600999,7.017334966387687,1.746290359997663,0.4578432296707737,-5.565998544234281,0.28742197856350554,3.969013744173208,217
1789408039.0508347,1789408039.0503366,-23.57774444813854,6.961637247193322,1.7491168800137018,0.44204363688042403,-5.565817244592545,0.2774412375885454,3.9996289501851585,217
1789408039.0608418,1789408039.0603194,-23.573383887434346,6.905700968470787,1.7518536020933884,0.42561004460515284,-5.565423136582571,0.2671138023213818,4.03071461507337,217
1789408039.070821,1789408039.070261,-23.569173583829244,6.84952791262562,1.7544961553770997,0.40854089020535655,-5.564892980615454,0.25644158859286836,4.062261853296579,217
1789408039.080933,1789408039.0803483,-23.565212529328033,6.794415249812094,1.756982944469448,0.3912476782643688,-5.564312965390739,0.24568279022787973,4.0935233089864695,217
1789408039.091004,1789408039.0902717,-23.561423084450883,6.739273869892025,1.759363244856778,0.3734088831525386,-5.563737120172451,0.23463784101643778,4.125096843957452,217
1789408039.1012003,1789408039.1002605,-23.561423084450883,6.739273869892025,1.759363244856778,0.3734088831525386,-5.563737120172451,0.23463784101643778,4.125096843957452,217
1789408039.1112545,1789408039.110251,-23.554312630014124,6.627763859721556,1.7638359459815862,0.3357147673152464,-5.5628131299134935,0.21146449718916174,4.154015269975699,260
1789408039.1211934,1789408039.120316,-23.5510335457387,6.571793660263008,1.7659032828533752,0.315989031616838,-5.562568179577057,0.19942059335605816,4.156297185809479,260
1789408039.1311278,1789408039.1302361,-23.547971758307455,6.516128651982376,1.7678378641290968,0.2958444008124405,-5.562522482707827,0.18717558029523665,4.159028243449951,260
1789408039.1410835,1789408039.1402586,-23.545128139452544,6.460745475444865,1.7696397255531002,0.2752870354632563,-5.562702953730074,0.174733567853249,4.162195824952819,260
1789408039.1510766,1789408039.1502578,-23.542465981253642,6.404795582947578,1.7713328543667382,0.2540049046930494,-5.5631370079048885,0.16190715759129337,4.165845357546054,260
1789408039.1610725,1789408039.1602576,-23.54004266166828,6.349371919758686,1.772881461623044,0.23242064935321155,-5.563831561978655,0.14895198648769342,4.1698995168082105,260
1789408039.171013,1789408039.1702578,-23.537815235805315,6.293368160492803,1.7743137283780508,0.21011099437003541,-5.564808477133584,0.13561476715697876,4.174433275491317,260
1789408039.1810565,1789408039.1802664,-23.535834391084414,6.2379330946578495,1.7755978014699152,0.18754244445486704,-5.566047633074095,0.12217490580094022,4.179347302816093,260
1789408039.1910763,1789408039.1902587,-23.534081324078187,6.182504276013775,1.7767464465393277,0.16450346356884785,-5.567549584997216,0.10850596021107067,4.184678470317511,260
1789408039.2011263,1789408039.2002654,-23.532551064023743,6.126706049701259,1.7777638456708624,0.14084429624802278,-5.569311560119032,0.09451972066187733,4.190460687357971,260
1789408039.2108245,1789408039.2102911,-23.532551064023743,6.126706049701259,1.7777638456708624,0.14084429624802278,-5.569311560119032,0.09451972066187733,4.190460687357971,260
1789408039.2208307,1789408039.2202587,-23.530213281371413,6.015045676098928,1.7793726524541833,0.0921434505174192,-5.5734898183287545,0.06587927458083193,4.203258663068821,260
1789408039.2309031,1789408039.230263,-23.52942119084897,5.95970469538696,1.779954843767839,0.0673647582441935,-5.575814504811039,0.05137838140997602,4.210195989942892,260
1789408039.240962,1789408039.2402647,-23.528871989256235,5.903653781207845,1.780396594628758,0.0418563892401901,-5.578281760059889,0.036496686325456905,4.217454624205915,179
1789408039.2509143,1789408039.2503233,-23.528580941481273,5.847480583946301,1.7806881757150863,0.015895138031170604,-5.580814484789995,0.021396012428250136,4.198145456291953,179
1789408039.2610073,1789408039.260263,-23.528552054091644,5.791924788613761,1.7808260850641096,-0.010151786065330393,-5.583318520604877,0.006288561978946587,4.179383054062797,179
1789408039.2709124,1789408039.2702565,-23.528782360202566,5.736626673193234,1.7808132486774841,-0.036422628464655916,-5.585744388209429,-0.008907760186157774,4.161038864726222,179
1789408039.280859,1789408039.2802572,-23.52927851090983,5.680946767144819,1.780647613247513,-0.06319858984746034,-5.588047346907499,-0.02435650678159,4.142902881405946,179
1789408039.2909765,1789408039.2902577,-23.53004368336007,5.625207611646017,1.7803270350577503,-0.0903024610401045,-5.590133044234678,-0.039956103584005885,4.125085368051329,179
1789408039.3013337,1789408039.3002625,-23.53004368336007,5.625207611646017,1.7803270350577503,-0.0903024610401045,-5.590133044234678,-0.039956103584005885,4.125085368051329,179
1789408039.3111613,1789408039.3102503,-23.53241647652639,5.512719573489281,1.7792040933875615,-0.14573269300562536,-5.593076314833882,-0.0717243164576309,4.0901631165049315,179
1789408039.3209636,1789408039.320256,-23.5339920659368,5.457444586806226,1.7784181626641964,-0.17313712644638118,-5.593222123095003,-0.0873171956876124,4.073514837181211,179
1789408039.331064,1789408039.3302605,-23.535864637541465,5.401443938359105,1.7774652604569539,-0.200873236390605,-5.591989601041175,-0.10298454715687694,4.056996497585972,179
1789408039.3410325,1789408039.3402636,-23.53800645186386,5.345657256275677,1.776360591838628,-0.2283809391554731,-5.589035697201906,-0.1183818354836166,4.040894224505396,179
1789408039.350978,1789408039.350268,-23.540452371310177,5.289240311970315,1.7750876656701668,-0.25598671568954473,-5.58396921264039,-0.13366465774915967,4.024973136104589,179
1789408039.3608086,1789408039.360273,-23.543108440494994,5.234207938810654,1.7736974133919088,-0.28263078906701034,-5.576719404243615,-0.148226456278472,4.0097996629828225,179
1789408039.3709104,1789408039.3702555,-23.54611690272327,5.17761225802652,1.7721174939115814,-0.30966480623016734,-5.566603616558739,-0.16278217406614165,3.9945683359526596,179
1789408039.380911,1789408039.380262,-23.549354963669636,5.121837128696613,1.7704146582423208,-0.3358754966689182,-5.553733610810341,-0.17665264820127072,3.9799337730267217,179
1789408039.391005,1789408039.390256,-23.55283286892362,5.066517967572732,1.7685861308054476,-0.36138798821885326,-5.537881997050564,-0.18989216818153318,3.96579320361431,179
1789408039.401181,1789408039.4002576,-23.55283286892362,5.066517967572732,1.7685861308054476,-0.36138798821885326,-5.537881997050564,-0.18989216818153318,3.96579320361431,179
1789408039.4110484,1789408039.4102287,-23.560590656825926,4.9557117358513505,1.7645198040496601,-0.41082182250585497,-5.495984974814436,-0.21467060738079255,3.9386132068501505,179
1789408039.4210138,1789408039.4202535,-23.564815447215953,4.900901866159748,1.762316839848526,-0.4343529753459,-5.469838898940159,-0.2259824466161608,3.9257438879502695,179
1789408039.4310906,1789408039.4302611,-23.569234091143908,4.846817880358674,1.7600238255432694,-0.45691646437017314,-5.440261953499606,-0.2364796743551625,3.913424998774853,179
1789408039.4410596,1789408039.4402695,-23.573890451758874,4.792841869500866,1.7576211636812444,-0.478745275424184,-5.406817764157096,-0.2462616416485186,3.901511761474266,179
1789408039.4510372,1789408039.4502544,-23.578868491192356,4.73805031496521,1.7550695149763114,-0.5001603445495071,-5.368668558359103,-0.2554465965190316,3.8898123938614466,179
1789408039.4609852,1789408039.460242,-23.58389233713767,4.685379509178835,1.752513478215991,-0.5200050142775805,-5.327829867679957,-0.2635361516117149,3.8789438549953763,179
1789408039.47088,1789408039.4702485,-23.589187607285236,4.632341491620391,1.7498413352374411,-0.5392196963303584,-5.282402826765536,-0.2709176774080296,3.868377419479059,179
1789408039.4809728,1789408039.4802547,-23.594688770543065,4.579603068957935,1.7470903927065051,-0.5575286397159509,-5.232772348547432,-0.2774660373023074,3.858249600974304,179
1789408039.4910169,1789408039.490266,-23.600372579612547,4.527347073341823,1.74427617664938,-0.5748540908578265,-5.179028674663258,-0.2831455331888342,3.8485895109759554,179
1789408039.5009675,1789408039.500253,-23.600372579612547,4.527347073341823,1.74427617664938,-0.5748540908578265,-5.179028674663258,-0.2831455331888342,3.8485895109759554,179
1789408039.5108979,1789408039.510232,-23.6120749065678,4.425903334616455,1.7385766196764603,-0.6060487848481574,-5.0610078324852825,-0.2917556841513465,3.81636289982898,263
1789408039.5209038,1789408039.5202615,-23.61828140427822,4.375021183932018,1.7356079770371198,-0.6204221660782565,-4.994630574037068,-0.29481376549031674,3.7870887425305244,263
1789408039.531025,1789408039.5303452,-23.624582015035127,4.3251882447644245,1.7326345063819006,-0.6336338607935775,-4.924711043578035,-0.29695178509561493,3.758618731073216,263
1789408039.5409431,1789408039.540249,-23.630935218931203,4.276639791243186,1.72967859252954,-0.6456510139810689,-4.851718158065996,-0.29818832068788065,3.7310748380082672,263
1789408039.5509465,1789408039.5502465,-23.637534919101785,4.227873306927021,1.7266545575876737,-0.656841745126305,-4.773337454133486,-0.29855705256591397,3.7035991073509904,263
1789408039.5607421,1789408039.5602224,-23.64410961861792,4.180855858640179,1.7236907265303516,-0.6667637793934604,-4.692746111725259,-0.29805113511818215,3.6772909471540243,263
1789408039.570781,1789408039.5702527,-23.650815268057386,4.134401036970786,1.7207196624077221,-0.6756979660461863,-4.6080465778751885,-0.2966868702117348,3.6514725143158846,263
1789408039.5808558,1789408039.5802617,-23.657675207345505,4.0883457736535895,1.7177361994545137,-0.6836679634094592,-4.518851997773175,-0.29445041091135277,3.6260462272379166,263
1789408039.5910122,1789408039.590239,-23.664413198737677,4.044472074581054,1.714862760592177,-0.6904042397676364,-4.428796439657899,-0.29146551111153124,3.601979530088055,263
1789408039.6009402,1789408039.6002471,-23.664413198737677,4.044472074581054,1.714862760592177,-0.6904042397676364,-4.428796439657899,-0.29146551111153124,3.601979530088055,263
1789408039.611015,1789408039.61025,-23.67834373902431,3.9577575500598163,1.709109620067135,-0.7011147050353996,-4.235139459619203,-0.28296137813702815,3.554844308788454,263
1789408039.620855,1789408039.6202548,-23.685421526375766,3.9156380775056228,1.706288159465035,-0.7049905337743867,-4.132984612093349,-0.27749999833309924,3.532146878628606,263
1789408039.6310887,1789408039.630247,-23.692450135321618,3.8750355723761474,1.7035574207106,-0.7078499950179917,-4.0290853344166315,-0.27135323859298355,3.5103810832227818,263
1789408039.6408076,1789408039.6402624,-23.699587757528843,3.8350093812788453,1.7008596629534252,-0.7097808745411934,-3.921106907619836,-0.26439835004960527,3.489026422862581,263
1789408039.650764,1789408039.6502516,-23.706737661513927,3.7960967584076863,1.698236396655841,-0.7107644727938052,-3.8104804082784804,-0.2567338885986333,3.468354385723098,263
1789408039.6607587,1789408039.660268,-23.713823993939613,3.7586684011928555,1.695717789962819,-0.710828883005169,-3.6984321273006833,-0.24846865088734188,3.4485433157698635,263
1789408039.6706843,1789408039.6702456,-23.72098374823911,3.7219790663593586,1.6932587656386542,-0.7099987901627768,-3.5828135756166892,-0.2394596473239557,3.4291810494552633,263
1789408039.6807287,1789408039.6802573,-23.727977880528716,3.687213940165274,1.6909433248818106,-0.7083406723205966,-3.4675496958278513,-0.23003610894500715,3.4108745832691882,263
1789408039.6907942,1789408039.6902268,-23.73499809270381,3.6533747081142596,1.6887091790978608,-0.705853235094461,-3.3495658854105113,-0.21997251860137668,3.3930796157422085,263
1789408039.7009108,1789408039.7002473,-23.73499809270381,3.6533747081142596,1.6887091790978608,-0.705853235094461,-3.3495658854105113,-0.21997251860137668,3.3930796157422085,263
1789408039.7107606,1789408039.710262,-23.949167856912013,2.7527361171045635,1.5504587472163187,-0.04031058070940574,-0.13379676778049454,-0.02222280341521432,2.9840563789766077,263
1789408039.720734,1789408039.7202718,-23.949509752599894,2.751604562081714,1.5502702642477415,-0.027566512082016326,-0.0909422963793749,-0.015197034185002067,2.983592876433147,263
1789408039.7307696,1789408039.7302737,-23.949731942263043,2.7508735149115586,1.5501477745302097,-0.017812677573898705,-0.058427839162031425,-0.009819820851854955,2.983292307732225,263
1789408039.740711,1789408039.74027,-23.949871860336593,2.7504157545438264,1.5500706403345497,-0.01040660444088104,-0.03394227084636814,-0.005736945657854209,2.9831033867914254,263
1789408039.750839,1789408039.7502654,-23.94994814196485,2.7501675541631028,1.5500285879632156,-0.005363043588588745,-0.01739803976244847,-0.0029565173841274994,2.9830005608830303,263
1789408039.7608016,1789408039.7602596,-23.949984413820395,2.750050152535611,1.550008592209052,-0.0022107566032585346,-0.007134142943364452,-0.0012187299757673298,2.982951740008784,263
1789408039.771391,1789408039.7704306,-23.94999743224598,2.750008228631922,1.5500014155218282,-0.0005805673222676333,-0.0018637685790388048,-0.0003200490974297754,2.9829342416138824,263
1789408039.781313,1789408039.7804615,-23.949999913443616,2.750000276283755,1.5500000477155937,-4.636319377882003e-05,-0.00014809672225268855,-2.5558473278897154e-05,2.9829309107535695,263
1789408039.7911463,1789408039.7902637,-23.950000000000003,2.75,1.55,3.552713678800501e-15,1.7763568394002505e-15,0.0,2.9829307946802435,263
1789408039.8011768,1789408039.8003924,-23.950000000000003,2.75,1.55,3.552713678800501e-15,1.7763568394002505e-15,0.0,2.9829307946802435,263
1789408039.8108017,1789408039.8102472,-23.950000000000003,2.75,1.55,3.552713678800501e-15,1.7763568394002505e-15,0.0,2.9829307946802435,263
1789408039.8211062,1789408039.8203945,-23.950000000000003,2.75,1.55,3.552713678800501e-15,1.7763568394002505e-15,0.0,2.9829307946802435,263
1789408039.8309612,1789408039.8302681,-23.950000000000003,2.75,1.55,3.552713678800501e-15,1.7763568394002505e-15,0.0,2.9829307946802435,263
1789408039.8410392,1789408039.8402853,-23.950000000000003,2.75,1.55,3.552713678800501e-15,1.7763568394002505e-15,0.0,2.9829307946802435,263
1789408039.851103,1789408039.8502662,-23.950000000000003,2.75,1.55,3.552713678800501e-15,1.7763568394002505e-15,0.0,2.9829307946802435,263
1789408039.8608267,1789408039.860259,-23.950000000000003,2.75,1.55,3.552713678800501e-15,1.7763568394002505e-15,0.0,2.9829307946802435,263
1789408039.870959,1789408039.8702533,-23.950000000000003,2.75,1.55,3.552713678800501e-15,1.7763568394002505e-15,0.0,2.9829307946802435,263
1789408039.8810182,1789408039.8802574,-23.950000000000003,2.75,1.55,3.552713678800501e-15,1.7763568394002505e-15,0.0,2.9829307946802435,263
1789408039.8911176,1789408039.890231,-23.950000000000003,2.75,1.55,3.552713678800501e-15,1.7763568394002505e-15,0.0,2.9829307946802435,263
1789408039.9012353,1789408039.9002244,-23.950000000000003,2.75,1.55,3.552713678800501e-15,1.7763568394002505e-15,0.0,2.9829307946802435,263
1789408039.911064,1789408039.9102545,-23.950000000000003,2.75,1.55,3.552713678800501e-15,1.7763568394002505e-15,0.0,2.9829307946802435,263
1789408039.9210207,1789408039.9202528,-23.950000000000003,2.75,1.55,3.552713678800501e-15,1.7763568394002505e-15,0.0,2.9829307946802435,263
1789408039.931132,1789408039.9302626,-23.950000000000003,2.75,1.55,3.552713678800501e-15,1.7763568394002505e-15,0.0,2.9829307946802435,263
1789408039.9408448,1789408039.9402544,-23.950000000000003,2.75,1.55,3.552713678800501e-15,1.7763568394002505e-15,0.0,2.9829307946802435,263
1789408039.950904,1789408039.9502525,-23.950000000000003,2.75,1.55,3.552713678800501e-15,1.7763568394002505e-15,0.0,2.9829307946802435,263
1789408039.9607644,1789408039.9602473,-23.950000000000003,2.75,1.55,3.552713678800501e-15,1.7763568394002505e-15,0.0,2.9829307946802435,263
1789408039.9709508,1789408039.9702828,-23.94894632353369,2.7449037920048225,1.5992426381077092,0.5023198917968484,-0.6603917696220337,0.4443351816675898,2.9834281112439642,263
1789408039.9808962,1789408039.980261,-23.943622729731928,2.7377739964637335,1.603914351064974,0.5626968840321763,-0.7671513131583457,0.4899353956409531,2.9879647426713603,263
1789408039.9907606,1789408039.9902256,-23.93773646071634,2.7295984930310544,1.6089967011165527,0.623508872526484,-0.8816489526654429,0.5339095636649562,2.9929701323125255,263
1789408040.0010211,1789408040.00027,-23.93773646071634,2.7295984930310544,1.6089967011165527,0.623508872526484,-0.8816489526654429,0.5339095636649562,2.9929701323125255,263
1789408040.0110326,1789408040.0104063,-23.9240265246559,2.7094489665740547,1.6205205981895228,0.7465290943147722,-1.1376311627657554,0.6160882429985781,3.0046045497184615,263
1789408040.0210345,1789408040.0202982,-23.916279804550708,2.6974144520288537,1.6268493538721254,0.8069400726956638,-1.2772439944245892,0.6526044144228527,3.011174980737474,263
1789408040.031727,1789408040.0303028,-23.907832153120097,2.683777552490429,1.6336070610781863,0.8667624763870726,-1.4262772882262873,0.68581603323196,3.0183457871486796,263
1789408040.0408113,1789408040.040248,-23.898939628511446,2.668855607727195,1.6405628340465324,0.9238348713104063,-1.5801222471965357,0.7143348758307019,3.025908378301094,263
1789408040.0508285,1789408040.0502543,-23.889427333199286,2.652258801780162,1.6478276435972046,0.9790299184862962,-1.741763796273065,0.7384534750465517,3.0340228181706896,263
1789408040.0606868,1789408040.0602462,-23.879417216113495,2.6340897857898575,1.6552790366339099,1.0313403536082255,-1.9090591416284821,0.7575470993634403,3.04259955138961,263
1789408040.0708447,1789408040.0702436,-23.868703183905136,2.613844481017266,1.6630360925295662,1.081485517263984,-2.0853502422818435,0.7716397311952795,3.051834101583275,263
1789408040.080984,1789408040.080255,-23.857853039624,2.5924964603122,1.6706621925633869,1.1267308370551963,-2.2613139362698536,0.7799298819712049,3.06125683917961,263
1789408040.0910707,1789408040.0902581,-23.846254100933493,2.568724645641921,1.6785585807765664,1.1695164704184648,-2.446876046593055,0.7828029946489351,3.071424538571376,263
1789408040.1010635,1789408040.100247,-23.846254100933493,2.568724645641921,1.6785585807765664,1.1695164704184648,-2.446876046593055,0.7828029946489351,3.071424538571376,263
1789408040.110998,1789408040.1102288,-23.82204961950524,2.5158840727660987,1.6941757055835305,1.2423125008566491,-2.8266665300401534,0.7713397326496736,3.0930349995207154,263
1789408040.1209161,1789408040.1202674,-23.809643371312916,2.4870543575642827,1.701721603054348,1.2718704208009857,-3.0178219097941357,0.7574035714061877,3.1043622016160057,263
1789408040.1311424,1789408040.130282,-23.79678652883619,2.4558830167495307,1.7092061389679294,1.2974746588510206,-3.213596792733025,0.7378651977333892,3.116315418223132,263
1789408040.1409667,1789408040.1402574,-23.78374103453247,2.4228633155378287,1.716444385296701,1.31856159053416,-3.4099143249533364,0.7132016186795367,3.1286984727884706,263
1789408040.151202,1789408040.1502573,-23.770369851407587,2.387511610696104,1.7234824555489845,1.3353683843029291,-3.608744339964771,0.683315521208431,3.141692823541956,263
1789408040.1609774,1789408040.1602244,-23.75690790714839,2.3503156166925145,1.730168889433302,1.347648821573526,-3.8064863727271354,0.6489496959986494,3.1537800518408545,143
1789408040.1709657,1789408040.1702724,-23.743422983108267,2.3113712844271426,1.7364540171950624,1.355524268710203,-4.002078215052896,0.6106410277153604,3.123185387434677,143
1789408040.1808975,1789408040.1802738,-23.729804461690705,2.2702490131964046,1.7423701996322165,1.359196997496087,-4.197004511984421,0.5684200234264809,3.091654151970415,143
1789408040.1909516,1789408040.190264,-23.716337360339455,2.227724400507189,1.747781908534157,1.3587834257161058,-4.387077091921144,0.5235783639966307,3.0598501994234697,143
1789408040.20096,1789408040.200253,-23.716337360339455,2.227724400507189,1.747781908534157,1.3587834257161058,-4.387077091921144,0.5235783639966307,3.0598501994234697,143
1789408040.210789,1789408040.2102401,-23.689105630435474,2.135674393405604,1.7573378360558105,1.3462816287927666,-4.762603050784595,0.4251515012715158,2.993669608251778,143
1789408040.2207608,1789408040.2202542,-23.675719181583517,2.0872214167083225,1.7613271855867476,1.3346594828173364,-4.942460090798791,0.37378043803494604,2.960239420566242,143
1789408040.2310665,1789408040.2302272,-23.6625640104827,2.0373799457585093,1.7647747332454564,1.3198399435866044,-5.115836336604614,0.32192059500156933,2.9268302045489136,143
1789408040.2408123,1789408040.2402296,-23.64936280789862,1.9850027059121143,1.767749543819951,1.3016387457036622,-5.286167332690217,0.2689287629637152,2.8927704053895864,143
1789408040.2509327,1789408040.2502635,-23.636361789222423,1.9309501488200342,1.7701914358925757,1.2804812928532971,-5.450018145264499,0.21624090692558706,2.858731147778427,143
1789408040.2608685,1789408040.260227,-23.623765214462896,1.8760738482388533,1.7720835344258998,1.2569198644939783,-5.604742445662721,0.16514765180896454,2.8253131102949376,143
1789408040.2709222,1789408040.270253,-23.611343190978314,1.819361129141193,1.7734816165570662,1.2306988758469861,-5.753076436378484,0.1151541457626574,2.791974063700673,143
1789408040.2809827,1789408040.2802625,-23.599018103068655,1.7603383699154505,1.7743994749868555,1.2016810191198268,-5.895692508787853,0.0663886394735323,2.758563605469989,143
1789408040.2909787,1789408040.290267,-23.58734063312313,1.7016730371068165,1.7748293098111327,1.171324830668037,-6.026229259479208,0.021398292649058466,2.726654136939825,143
1789408040.3009737,1789408040.3002517,-23.58734063312313,1.7016730371068165,1.7748293098111327,1.171324830668037,-6.026229259479208,0.021398292649058466,2.726654136939825,143
1789408040.310911,1789408040.3102236,-23.564526372002558,1.5783923196752634,1.7744075112128324,1.1033556765890051,-6.266741348750706,-0.06129539777305938,2.6638313702575367,143
1789408040.3209302,1789408040.320326,-23.553591791792105,1.514685096457327,1.773603818652563,1.0662797483880226,-6.374342582699562,-0.09755588547392584,2.6336315643857215,143
1789408040.3310618,1789408040.3302536,-23.543166673168944,1.450735402686231,1.7724704926198644,1.02783582125819,-6.471710303610049,-0.1294587535185297,2.6048865892686712,143
1789408040.3410735,1789408040.340257,-23.533125351143426,1.3858091764855192,1.771038774806439,0.9875849219708842,-6.5602209413816555,-0.15723689570293603,2.5773294318310866,143
1789408040.351117,1789408040.350324,-23.523446290054284,1.3197116237811044,1.769342748618193,0.9453499616202027,-6.6401745928153355,-0.18076947609374158,2.5509802719639447,143
1789408040.3610063,1789408040.3603418,-23.514228789151353,1.2530792369044277,1.76744031324949,0.9014626313941175,-6.71094389503741,-0.1997010924128295,2.526183933996728,143
1789408040.3708622,1789408040.370258,-23.50543409852938,1.185592358547798,1.7653658088748134,0.8556163680003422,-6.773088225547082,-0.21405682710925664,2.5029048301034815,143
1789408040.3810456,1789408040.3802266,-23.49713988029848,1.117798815301293,1.7631799175761254,0.8080665603911977,-6.826373420103456,-0.2237075418324051,2.4814098116257064,143
1789408040.391042,1789408040.3903291,-23.48938402254625,1.050010729048028,1.7609373707524827,0.7589196126723611,-6.870996036527517,-0.22871408052363332,2.461842613358972,143
1789408040.4010162,1789408040.4002533,-23.48938402254625,1.050010729048028,1.7609373707524827,0.7589196126723611,-6.870996036527517,-0.22871408052363332,2.461842613358972,143
1789408040.4107938,1789408040.410253,-23.475246059749665,0.9118640094464251,1.7563676555523005,0.6532871090310753,-6.937161760850535,-0.22523459214822245,2.4280686478119144,143
1789408040.420869,1789408040.4202542,-23.46897063509474,0.842125582953707,1.7541453375713507,0.5968689420904666,-6.958957715414283,-0.21691843920576187,2.4142030297881907,143
1789408040.4308836,1789408040.4302647,-23.46327672439786,0.7722441946313918,1.7520285327413374,0.538029622754796,-6.973669135094635,-0.2044886906636473,2.402502825587105,143
1789408040.4408283,1789408040.440252,-23.4581458867587,0.7016628871868968,1.7500402169398703,0.4760784423599653,-6.98180467122649,-0.18804477636732678,2.392953877221271,143
1789408040.4508977,1789408040.4502537,-23.45368407703264,0.6315157684100859,1.7482484935271962,0.4118161790422472,-6.983715280596983,-0.1681227156668917,2.3857611260820892,143
1789408040.4608402,1789408040.46025,-23.449939626669266,0.562543117935159,1.7466977297369053,0.34584244460538993,-6.980095789443081,-0.1453588231873768,2.3809585893553633,143
1789408040.4709437,1789408040.4702644,-23.44682630783733,0.4927584490395343,1.7453710159375733,0.276117165094059,-6.9713935503847875,-0.11944591697632317,2.378425592400221,143
1789408040.4809783,1789408040.480265,-23.444412062482535,0.4226227719172025,1.7443103604266044,0.20287738558722965,-6.958056387190544,-0.09082734464031367,2.3782715383763016,143
1789408040.4909358,1789408040.4902608,-23.442765759861675,0.35344808500649466,1.7435560327091943,0.127408158943956,-6.940903144641304,-0.060425529773491464,2.3804998006290865,143
1789408040.500872,1789408040.500252,-23.441882512413944,0.2839632498395532,1.7431111036126388,0.04826799387369834,-6.920185240566582,-0.028079173321904356,2.385146654055267,143
1789408040.5108652,1789408040.5102668,-23.441804335263274,0.21554466855184085,1.7429967823653365,-0.03298866133946898,-6.896866006953608,0.005173668490378974,2.392105941718226,143
1789408040.520872,1789408040.520273,-23.44256116351049,0.14647935853831104,1.7432216501620375,-0.11839798107902169,-6.870887309580825,0.039772308291258565,2.401551603383942,143
1789408040.530996,1789408040.5302615,-23.444206395325168,0.07714922343141928,1.7438023902100384,-0.207546608396535,-6.842846269126778,0.0751533870572681,2.413497210266791,143
1789408040.540832,1789408040.5402572,-23.446691904697794,0.00984970488871093,1.7447135810646432,-0.2973021910536038,-6.814220425431154,0.10974074093208103,2.427466512208367,143
1789408040.5507264,1789408040.5502503,-23.45012994063506,-0.058112883646034806,1.7459847585411157,-0.3910599174900879,-6.7843731790109025,0.14452970861022615,2.443953984228577,143
1789408040.560715,1789408040.560225,-23.454497255741156,-0.12548674206883992,1.7475930028541622,-0.48694907230325557,-6.754302579681017,0.1785033902377322,2.462662016247909,143
1789408040.570852,1789408040.5702608,-23.459921179127214,-0.19360185249164572,1.7495673125276454,-0.5866654425289657,-6.723858930652508,0.2119506980115878,2.483964321523571,143
1789408040.5810852,1789408040.5803926,-23.466232525130017,-0.2601347300815713,1.751826318856766,-0.6865000913500635,-6.6944963951041006,0.24338608939339668,2.5070806952039937,143
1789408040.5910244,1789408040.5902638,-23.473639030433983,-0.32719737686424444,1.754422421821666,-0.7892493368595885,-6.665670141288748,0.27348453483991486,2.532674135819231,143
1789408040.6009772,1789408040.6002235,-23.473639030433983,-0.32719737686424444,1.754422421821666,-0.7892493368595885,-6.665670141288748,0.27348453483991486,2.532674135819231,143
1789408040.6108568,1789408040.6102636,-23.491528893105382,-0.4601590084369508,1.7604528002106545,-0.99772480994696,-6.612245256726616,0.3271288995736979,2.5901264112621947,143
1789408040.6209476,1789408040.6202261,-23.50211929508012,-0.526688905427163,1.763869693422123,-1.1035026749118806,-6.588024517481976,0.3503460606758567,2.622155494828552,143
1789408040.630852,1789408040.6302273,-23.51367707424439,-0.592448235788485,1.767476097032394,-1.2083259841474565,-6.566103029421675,0.37055192359940947,2.607944521191849,200
1789408040.6410093,1789408040.640261,-23.526166351051636,-0.6574315786656633,1.7712359624953191,-1.311613036207452,-6.546639268415708,0.3876051592008991,2.574172348197876,200
1789408040.65096,1789408040.6502604,-23.539763004445057,-0.722644849338442,1.775174717426315,-1.4143617840403104,-6.529492040657252,0.40160002812037265,2.542148683649632,200
1789408040.6608763,1789408040.6602716,-23.554389483145616,-0.7877572807153166,1.7792402447781415,-1.5154067698783915,-6.514902045864939,0.41228079254504213,2.512104961254564,200
1789408040.6708903,1789408040.6702666,-23.570129837773408,-0.8532070293007483,1.783425602966495,-1.614738977919284,-6.502889936902463,0.41955684813476146,2.4839068522726513,200
1789408040.680986,1789408040.6802616,-23.586991498940026,-0.9190714556304953,1.7877001833713553,-1.7117205718941715,-6.4935485877966705,0.423265223842103,2.4576057088483325,200
1789408040.6909912,1789408040.6902626,-23.60416209925228,-0.9824982092401511,1.791839833545755,-1.8015982995855255,-6.487171675243899,0.4233385821528044,2.4342844299652855,200
1789408040.7011175,1789408040.7004313,-23.60416209925228,-0.9824982092401511,1.791839833545755,-1.8015982995855255,-6.487171675243899,0.4233385821528044,2.4342844299652855,200
1789408040.7108388,1789408040.710263,-23.642158237731053,-1.1129233495400435,1.800272103965982,-1.9727229918702376,-6.481968481304159,0.41258729249468734,2.392622474345795,200
1789408040.720903,1789408040.7202477,-23.662409329234816,-1.1781735106427207,1.8043735165247903,-2.0500001995771258,-6.483167638103017,0.40173029908782276,2.374984445253456,200
1789408040.7310605,1789408040.7302597,-23.683222310704437,-1.2428847171138873,1.808313922619476,-2.1202422103784966,-6.486665454881552,0.38742730730841485,2.359601416987345,200
1789408040.740819,1789408040.7402573,-23.704562490114277,-1.307226697093444,1.8120707191108145,-2.1831385684603166,-6.492231201644878,0.36980608585910424,2.3463728021502743,200
1789408040.7508183,1789408040.75026,-23.726568794898444,-1.3718626546270982,1.8156486760339836,-2.2387634034538295,-6.499693027924983,0.3488090184800028,2.335130895373616,200
1789408040.7608132,1789408040.760228,-23.749280834009163,-1.4371274353448171,1.819028937103971,-2.2866967954635657,-6.508868634097039,0.3244013526252734,2.325821524609889,200
1789408040.7708843,1789408040.7702656,-23.772397289357617,-1.502398170908649,1.8221443606162602,-2.325870164133345,-6.519402793630431,0.2969371769444073,2.3185117440272847,200
1789408040.7809997,1789408040.7802536,-23.795950102472574,-1.568027625492553,1.824979912515619,-2.3559908888103855,-6.531043530139403,0.26643163379626755,2.313115767841893,200
1789408040.7910686,1789408040.7902558,-23.819405932854387,-1.6328093427838288,1.8274600584730336,-2.376255140209467,-6.543230171119639,0.2336788844110653,2.309639510099724,200
1789408040.8010454,1789408040.8002462,-23.819405932854387,-1.6328093427838288,1.8274600584730336,-2.376255140209467,-6.543230171119639,0.2336788844110653,2.309639510099724,200
1789408040.8108892,1789408040.8102775,-23.86732350472364,-1.7645144585491832,1.8314289329079931,-2.387372586058297,-6.568677890650851,0.1598877219324006,2.3079025573214094,200
1789408040.8209975,1789408040.8202732,-23.891194371135263,-1.8303681582259363,1.8328314523929605,-2.377452432799196,-6.580969894756745,0.11984001444188853,2.309526659934737,200
1789408040.8310492,1789408040.8302834,-23.914739811052918,-1.8958556344549211,1.8338176166706528,-2.35724071916313,-6.592380153111196,0.07825310844950234,2.3126561773284102,200
1789408040.840722,1789408040.8402584,-23.938177520220766,-1.9618618004737989,1.8343844050942717,-2.326433070295109,-6.602650533676187,0.034806893300774785,2.317232511089191,200
1789408040.850826,1789408040.8502595,-23.961233880453115,-2.0279029680618206,1.8345096551983273,-2.285198512169709,-6.611272578355058,-0.009948707151343513,2.323130651798546,200
1789408040.8609295,1789408040.8602545,-23.983726703885964,-2.093725276233008,1.8341843769436592,-2.23387997502972,-6.617798985289969,-0.05558629503193536,2.3302119626630793,200
1789408040.870799,1789408040.870244,-24.00603925428583,-2.1607609218638184,1.8333827227485096,-2.1713387504325743,-6.621886402608317,-0.1028658333087729,2.3385437055107423,200
1789408040.8809626,1789408040.8803587,-24.027184415779402,-2.2263008082721827,1.8321337077976902,-2.1004321323378963,-6.622955818010715,-0.14962415895594658,2.347671702499674,200
1789408040.8908355,1789408040.8902307,-24.04781350389585,-2.2925960278770607,1.8303977152191895,-2.0192145424777435,-6.620656558461014,-0.19721162762355046,2.3577831472111286,200
1789408040.9010785,1789408040.9002533,-24.04781350389585,-2.2925960278770607,1.8303977152191895,-2.0192145424777435,-6.620656558461014,-0.19721162762355046,2.3577831472111286,200
1789408040.9107533,1789408040.9102304,-24.08633594576467,-2.424714007579287,1.8255104578794055,-1.8339879287990324,-6.601178117263063,-0.2917700592769835,2.3801593598379136,200
1789408040.921034,1789408040.9202533,-24.104129409924287,-2.4903140458458317,1.8223766484749377,-1.7414763884353543,-6.574645778020609,-0.3375330181536732,2.3922676528023334,200
1789408040.9310474,1789408040.930256,-24.121287515544676,-2.5565518984828457,1.818738232615806,-1.655581072518625,-6.52961869191813,-0.38207778115,2.405222229049118,200
1789408040.9410815,1789408040.940267,-24.13751027928215,-2.6217250196017794,1.8146955750130678,-1.5818116416624604,-6.464264740813263,-0.42365433938336794,2.418793387867994,200
1789408040.9510307,1789408040.9502258,-24.1527705009677,-2.6849284225069536,1.810339186608771,-1.5221646172930847,-6.37906352701262,-0.4612540778144145,2.4328676307013866,200
1789408040.9610605,1789408040.960232,-24.167929940063072,-2.748988252335276,1.8054888152473567,-1.4741832216894313,-6.269753481877406,-0.4960269173262858,2.4481966222800318,200
1789408040.9709165,1789408040.9702656,-24.182363447882246,-2.810531703222466,1.8004204737801957,-1.4394832457024476,-6.1426317163224144,-0.5256770660805147,2.464074025118868,200
1789408040.9810839,1789408040.9802606,-24.196665837777932,-2.8714000642800657,1.7950195681246313,-1.4149689230163083,-5.995753786968686,-0.5507742711612258,2.4810196097105917,200
1789408040.9911358,1789408040.9903994,-24.210703256585184,-2.930452064318082,1.7894188791773686,-1.3987532281557713,-5.833686023570641,-0.5704959827404946,2.4987566828788537,200
1789408041.0010366,1789408041.000256,-24.210703256585184,-2.930452064318082,1.7894188791773686,-1.3987532281557713,-5.833686023570641,-0.5704959827404946,2.4987566828788537,200
1789408041.010839,1789408041.010213,-24.238714878579493,-3.044555195929703,1.7776386286371788,-1.3793988642114738,-5.469343259489708,-0.5932642701073199,2.5370063646728305,200
1789408041.0209107,1789408041.0202641,-24.252326646869765,-3.0977532297071213,1.77174896589716,-1.3705615395803532,-5.278519231842554,-0.5958034663925825,2.5567453438624663,200
1789408041.0311363,1789408041.0302668,-24.266000916868713,-3.1496536977013663,1.7657907337073109,-1.3582344461707294,-5.081083663235112,-0.5925838143088002,2.57720280099481,200
1789408041.0410593,1789408041.0402434,-24.27949572614451,-3.1994629596086885,1.759905699599557,-1.3399991302648475,-4.882357613810726,-0.583690946906445,2.597938624824042,200
1789408041.0510888,1789408041.0503411,-24.29271270490762,-3.247084223597356,1.754161603696696,-1.3138109915328657,-4.685046204210042,-0.5694261251714409,2.618733070025907,200
1789408041.061177,1789408041.0604093,-24.30574473970378,-3.2931831464418058,1.7485322447001534,-1.2775476038126672,-4.488269352705661,-0.5498752651162405,2.639696697362707,200
1789408041.0710287,1789408041.0702596,-24.318318288165,-3.3371854867316255,1.7431404482936492,-1.2304256409781924,-4.295980966322491,-0.5256598403954925,2.6603777113190943,200
1789408041.0810869,1789408041.0802531,-24.33027361069587,-3.378974132684542,1.7380504194977182,-1.1722631181744092,-4.10988853437285,-0.49746114995776125,2.6805099648394672,200
1789408041.0910082,1789408041.090244,-24.341587949183864,-3.4189163443085695,1.733261642715635,-1.1028134211731286,-3.929071612461099,-0.465700825796975,2.7000694354620705,200
1789408041.1011412,1789408041.1002388,-24.35227189595213,-3.457505195543653,1.728755726513495,-1.0216884602660352,-3.7514764305226795,-0.43059136896252115,2.7191152392539766,200
1789408041.1110187,1789408041.1102464,-24.361986953523086,-3.493937243446371,1.724658471134431,-0.9318307853417265,-3.5805925179137903,-0.39359465972736757,2.7370818650606754,200
1789408041.1210427,1789408041.1202438,-24.37098395194538,-3.5295761474230694,1.7208452276915447,-0.8313908274316786,-3.4093165734281836,-0.35403271646923873,2.7544883831436806,200
1789408041.1311235,1789408041.130339,-24.378644935912835,-3.5622423239006995,1.7175607608642889,-0.7288832966451722,-3.247271214648573,-0.3151575248229748,2.7701543319632798,200
1789408041.140822,1789408041.140259,-24.385399476164967,-3.593914090449006,1.7146062272438995,-0.6208721411212978,-3.083609009455732,-0.2754613315761373,2.7849462872431876,200
1789408041.151065,1789408041.150259,-24.391085763322643,-3.6240616602313565,1.712037184444217,-0.5114809710406261,-2.919487200576363,-0.23627267043666164,2.7985416731325246,200
1789408041.1612248,1789408041.1602306,-24.395671416454697,-3.6524994890019444,1.7098595879436622,-0.4040167209736418,-2.7545268879144618,-0.19851033544115637,2.8108254005050255,200
1789408041.171078,1789408041.1702611,-24.399216466149547,-3.6794204526339382,1.708041845676183,-0.3002773186134827,-2.586278856665872,-0.16252190468135352,2.815294592347329,187
1789408041.180991,1789408041.1802638,-24.401704630192654,-3.7041163254532665,1.7066019549690787,-0.20527737337512095,-2.418442943425697,-0.1297572329893724,2.7952327511098445,187
1789408041.191061,1789408041.1902566,-24.403314855076456,-3.7275004654976387,1.7054554502419597,-0.11745679288012986,-2.244186752163103,-0.09940678633807912,2.7767966052201514,187
1789408041.2010813,1789408041.2002494,-24.403314855076456,-3.7275004654976387,1.7054554502419597,-0.11745679288012986,-2.244186752163103,-0.09940678633807912,2.7767966052201514,187
1789408041.2111232,1789408041.2102904,-24.404162669324787,-3.768753413089672,1.703996317567819,0.024702629274717572,-1.886395365982165,-0.04912836376557788,2.745778093393231,187
1789408041.220922,1789408041.220228,-24.403642759953232,-3.7866687223557918,1.7036073919616672,0.07734247711950108,-1.7032718737512609,-0.029422883085718134,2.7329820028996403,187
1789408041.2310114,1789408041.2302544,-24.40263976237301,-3.8030338454789687,1.7033942426301862,0.11769590362274537,-1.5154222903912742,-0.013132722028889637,2.7216959943446466,187
1789408041.241072,1789408041.2403226,-24.40133489495999,-3.8171141553392802,1.703327875762202,0.14423149288789974,-1.3332823896315975,-0.0008672861878311318,2.7123233388604358,187
1789408041.250994,1789408041.2502744,-24.399809658919516,-3.8295318876847393,1.7033670023528042,0.15896776476194371,-1.1517290607271637,0.008149153345841818,2.704343495178776,187
1789408041.2610176,1789408041.2602446,-24.39818561165629,-3.8402055551939713,1.7034811045424443,0.1626200336391287,-0.9744040516309901,0.01407301422936208,2.697723141656629,187
1789408041.2708426,1789408041.2702508,-24.396576435084768,-3.8491268589386314,1.7036403057198426,0.15661325107779284,-0.8050787980865998,0.0172301305725456,2.6923809388262936,187
1789408041.2810621,1789408041.2802677,-24.39507459598639,-3.856371521149015,1.7038183999353622,0.1428850277572965,-0.6470543887798244,0.01807634652943315,2.6881900437110526,187
1789408041.2910545,1789408041.290286,-24.39374659951103,-3.862074340896229,1.7039946096676948,0.12362697562028968,-0.503062737300892,0.017131617621544408,2.6850002940581716,187
1789408041.3009822,1789408041.3002558,-24.39261315238256,-3.8664797022014104,1.7041569874191056,0.10061333317964372,-0.3728945392430735,0.014875504187412153,2.6826160846791933,187
1789408041.3108852,1789408041.310359,-24.39172799507794,-3.8696346899665786,1.704290985739593,0.0766867328513553,-0.2622478200791025,0.011882553491233239,2.6809624809556687,187
1789408041.3208401,1789408041.320261,-24.39108204792034,-3.871770632981177,1.704392837449844,0.05390538745121842,-0.17182838166292558,0.008652966386314465,2.679876870556281,187
1789408041.3308988,1789408041.3303332,-24.39064820897933,-3.8731135620209414,1.7044634108312713,0.03388481295740231,-0.10146064706278857,0.005591184350948797,2.679214205475851,187
1789408041.3407462,1789408041.3402455,-24.390390237241835,-3.873866321014892,1.7045064207335987,0.01790182480035396,-0.05064538524453743,0.0030200406937158086,2.6788532638215155,187
1789408041.3509088,1789408041.3502614,-24.390269009915585,-3.8742018996189094,1.704527031740735,0.007289227720427061,-0.019613368207108905,0.0012513801461706553,2.6786967398496975,187
1789408041.361015,1789408041.3602338,-24.390227946960742,-3.874310432123901,1.704534121986049,0.0017000391238704005,-0.0043711841476414826,0.0002960489635078778,2.6786474157866826,187
1789408041.371036,1789408041.370259,-24.390221629181,-3.8743264804194335,1.70453522610174,5.2197695914912856e-05,-0.0001287407827499365,9.197964826568317e-06,2.6786402939452234,187
1789408041.3810453,1789408041.3802679,-24.390221571599636,-3.874326621954581,1.7045352362576955,0.0,-2.6645352591003757e-15,-2.220446049250313e-16,2.6786402324326075,187
1789408041.3910582,1789408041.3902323,-24.390221571599636,-3.874326621954581,1.7045352362576955,0.0,-2.6645352591003757e-15,-2.220446049250313e-16,2.6786402324326075,187
1789408041.4010718,1789408041.400243,-24.390221571599636,-3.874326621954581,1.7045352362576955,0.0,-2.6645352591003757e-15,-2.220446049250313e-16,2.6786402324326075,187
1789408041.4107661,1789408041.4102175,-24.390221571599636,-3.874326621954581,1.7045352362576955,0.0,-2.6645352591003757e-15,-2.220446049250313e-16,2.6786402324326075,187
1789408041.420876,1789408041.4202545,-24.390221571599636,-3.874326621954581,1.7045352362576955,0.0,-2.6645352591003757e-15,-2.220446049250313e-16,2.6786402324326075,187
1789408041.4308925,1789408041.4302428,-24.390221571599636,-3.874326621954581,1.7045352362576955,0.0,-2.6645352591003757e-15,-2.220446049250313e-16,2.6786402324326075,187
1789408041.4407396,1789408041.4402406,-24.390221571599636,-3.874326621954581,1.7045352362576955,0.0,-2.6645352591003757e-15,-2.220446049250313e-16,2.6786402324326075,187
1789408041.4507358,1789408041.4502425,-24.390221571599636,-3.874326621954581,1.7045352362576955,0.0,-2.6645352591003757e-15,-2.220446049250313e-16,2.6786402324326075,187
1789408041.460688,1789408041.460244,-24.390221571599636,-3.874326621954581,1.7045352362576955,0.0,-2.6645352591003757e-15,-2.220446049250313e-16,2.6786402324326075,187
1789408041.4707346,1789408041.4702406,-24.390221571599636,-3.874326621954581,1.7045352362576955,0.0,-2.6645352591003757e-15,-2.220446049250313e-16,2.6786402324326075,187
1789408041.4807577,1789408041.4802427,-24.390221571599636,-3.874326621954581,1.7045352362576955,0.0,-2.6645352591003757e-15,-2.220446049250313e-16,2.6786402324326075,187
1789408041.490902,1789408041.490251,-24.390221571599636,-3.874326621954581,1.7045352362576955,0.0,-2.6645352591003757e-15,-2.220446049250313e-16,2.6786402324326075,187
1789408041.500805,1789408041.5002422,-24.390221571599636,-3.874326621954581,1.7045352362576955,0.0,-2.6645352591003757e-15,-2.220446049250313e-16,2.6786402324326075,187
1789408041.5109413,1789408041.5102482,-24.390221571599636,-3.874326621954581,1.7045352362576955,0.0,-2.6645352591003757e-15,-2.220446049250313e-16,2.6786402324326075,187
1789408041.5209365,1789408041.520251,-24.390221571599636,-3.874326621954581,1.7045352362576955,0.0,-2.6645352591003757e-15,-2.220446049250313e-16,2.6786402324326075,187
1789408041.531026,1789408041.5303342,-24.390221571599636,-3.874326621954581,1.7045352362576955,0.0,-2.6645352591003757e-15,-2.220446049250313e-16,2.6786402324326075,187
1789408041.5410826,1789408041.540297,-24.390221571599636,-3.874326621954581,1.7045352362576955,0.0,-2.6645352591003757e-15,-2.220446049250313e-16,2.6786402324326075,187
1789408041.551064,1789408041.5502653,-24.390221571599636,-3.874326621954581,1.7045352362576955,0.0,-2.6645352591003757e-15,-2.220446049250313e-16,2.6786402324326075,187
1789408041.5608356,1789408041.5602262,-24.39665201629306,-3.9051111733068726,1.738637567761711,-0.48764048964637857,-0.7218615245132082,0.3072227371617473,2.6521088816155265,187
1789408041.5709524,1789408041.5702622,-24.40190118351426,-3.912965318428031,1.741944819072365,-0.5592475250154173,-0.8454508381032938,0.35237389631278887,2.642825863854273,187
1789408041.581092,1789408041.580376,-24.407850764233395,-3.922058874600591,1.7456937835935464,-0.6328079718739142,-0.9775067299988648,0.3987695366433106,2.632168808622496,187
1789408041.5909774,1789408041.5902665,-24.414655325391998,-3.9326911786632524,1.7499820164955011,-0.7091121637818678,-1.1203850820739545,0.44691117450898304,2.6198166969523355,187
1789408041.6010573,1789408041.600278,-24.422136688179503,-3.944650083123205,1.7546974057543705,-0.7852344101059039,-1.269492496143604,0.49495604245263514,2.6060468731560764,187
1789408041.6110353,1789408041.610249,-24.43039893275133,-3.958169136099978,1.7599057410464138,-0.8615434924453264,-1.4263153286542742,0.5431398749774621,2.590621403580793,187
1789408041.621567,1789408041.6205244,-24.4393859084782,-3.9732317802206323,1.7655718474866968,-0.936832042340553,-1.5892167553314365,0.5907037033543084,2.573593497326619,187
1789408041.6313696,1789408041.6302614,-24.44918574060561,-3.9900695727036823,1.7717515432333453,-1.0111765949193754,-1.7592675667097326,0.6376996904024825,2.5547391949697738,187
1789408041.6414099,1789408041.640265,-24.459520093090482,-4.008282945990058,1.7782695686394017,-1.0820534935878388,-1.9313668270711277,0.682535823842112,2.534541274935767,187
1789408041.651241,1789408041.6502635,-24.47072987581819,-4.028563445129965,1.7853412468748902,-1.151347640567556,-2.110893624471068,0.7264084204967135,2.512273259870675,187
1789408041.6612673,1789408041.6602833,-24.482496151210892,-4.050434959582926,1.792765728963202,-1.2166135990856275,-2.292430967684315,0.7677737426864142,2.4885025365270383,187
1789408041.6713867,1789408041.6702733,-24.494965568738476,-4.074268275532455,1.8006359144781525,-1.278363855440333,-2.4781025534539722,0.8069606660040616,2.4628697665828,187
1789408041.6812553,1789408041.6802678,-24.508143855086253,-4.100195717216421,1.8089558753095083,-1.33618401317985,-2.6677337749179832,0.843711886802304,2.435285975496917,187
1789408041.6909935,1789408041.6903303,-24.52152818755289,-4.127318462825594,1.8174085388742778,-1.3878188682178116,-2.8541795892875186,0.8765968288420221,2.4067486844221366,187
1789408041.700825,1789408041.7002447,-24.52152818755289,-4.127318462825594,1.8174085388742778,-1.3878188682178116,-2.8541795892875186,0.8765968288420221,2.4067486844221366,187
1789408041.710848,1789408041.710229,-24.550299988442912,-4.188404598655379,1.8355885673062011,-1.4773203542660038,-3.236859681706789,0.9338337048443365,2.343593936706528,187
1789408041.7208824,1789408041.7202437,-24.56542484550162,-4.2221026785328615,1.8451512601584559,-1.5137687525719425,-3.4293525917236254,0.9572928093686872,2.3093816163932006,187
1789408041.7311165,1789408041.730351,-24.580523226962914,-4.2568874004715465,1.8547015517633523,-1.543505808582281,-3.6162250356937466,0.9765579466803411,2.274512602988501,187
1789408041.740801,1789408041.740243,-24.595916425411083,-4.293582665829177,1.8644431385876576,-1.5673818420654482,-3.8017332640749517,0.9921782250028253,2.2382061796585466,187
1789408041.750828,1789408041.7502503,-24.6118958087699,-4.3330566380925495,1.8745612616881737,-1.5856413603788617,-3.9893294529873073,1.0043233605772017,2.1996851849802646,187
1789408041.760879,1789408041.760262,-24.62775574086817,-4.373704397555365,1.8846098538908787,-1.5974895305225152,-4.1708304635035836,1.0124678203908763,2.1605868145554723,187
1789408041.7708008,1789408041.7702224,-24.643936980216193,-4.4167762077330215,1.894868876570603,-1.6033892415519468,-4.351464955934466,1.0169249984172548,2.119776552354162,187
1789408041.7808876,1789408041.7802439,-24.659906724045836,-4.460974830000276,1.9050012605653508,-1.6032849083431677,-4.525460905962524,1.0176382365410597,2.0785549542567407,187
1789408041.7909966,1789408041.7902327,-24.675668574602014,-4.506360749670248,1.9150097357188915,-1.5975607564387868,-4.69319863058161,1.014850336974366,2.036914050631901,187
1789408041.800918,1789408041.8002548,-24.675668574602014,-4.506360749670248,1.9150097357188915,-1.5975607564387868,-4.69319863058161,1.014850336974366,2.036914050631901,187
1789408041.8109105,1789408041.810232,-24.707685303130067,-4.604510875741199,1.93536777792809,-1.5691547617374848,-5.022226265355912,0.998779567802646,1.9492471963757498,187
1789408041.820867,1789408041.820258,-24.723261679180265,-4.655477900659239,1.9452877743572399,-1.5473080632678633,-5.176801107387403,0.9859891953278898,1.9050199589775485,187
1789408041.8310506,1789408041.8302395,-24.738480628013203,-4.7075581548541505,1.9549916149736672,-1.5208934643185574,-5.324409048540497,0.9703570679018565,1.8607553663059917,187
1789408041.8410132,1789408041.8402758,-24.753501403031777,-4.761388044932738,1.9645815830465645,-1.4898689658152293,-5.466787008610989,0.9518677755203038,1.8160062400502206,187
1789408041.8510022,1789408041.8502514,-24.768393174154753,-4.817383084530783,1.974102997046638,-1.4541751898907085,-5.604678007632719,0.9304907811619523,1.770560567522695,187
1789408041.8609457,1789408041.8602245,-24.78275536308593,-4.8741373904231615,1.983300561665593,-1.4149839336550347,-5.734541958902775,0.9069344599516028,1.7256745198993426,187
1789408041.8710148,1789408041.8702745,-24.79657523647661,-4.9315938957377465,1.9921663772596547,-1.3727117727965983,-5.856541335802857,0.8814574679970565,1.681472318308863,187
1789408041.8810163,1789408041.8802593,-24.81017330822693,-4.99118505086673,2.0009069019456653,-1.3265742600715302,-5.973660981506206,0.8535916294055336,1.6369858155049914,187
1789408041.8910258,1789408041.8902626,-24.823057912457546,-5.050807076821101,2.009206668775571,-1.2784925818080202,-6.081858108636036,0.8245017615330376,1.593906730491456,187
1789408041.9010577,1789408041.9002259,-24.823057912457546,-5.050807076821101,2.009206668775571,-1.2784925818080202,-6.081858108636036,0.8245017615330376,1.593906730491456,187
1789408041.9106026,1789408041.9102228,-24.847590592263735,-5.174426497440968,2.0250678295320967,-1.1742264034882022,-6.27991076645512,0.7612914465780446,1.509374099191496,187
1789408041.9207847,1789408041.9202747,-24.85910117717759,-5.237914790261025,2.0325419034019165,-1.1189751007106203,-6.368956296282906,0.727740379072595,1.4686033808754086,187
1789408041.9307477,1789408041.9302502,-24.86997612231739,-5.301817888888334,2.0396264983371615,-1.0626077732605002,-6.450597447864892,0.6934786912663615,1.4294778662564236,187
1789408041.940778,1789408041.9402483,-24.880334504844633,-5.366836022917621,2.046399393108912,-1.0047550446949218,-6.525938530253491,0.658282521356511,1.39172180858489,187
1789408041.9510303,1789408041.950374,-24.89011947592144,-5.4326529113076125,2.05282383161725,-0.9459274433705368,-6.594752607191799,0.6224620480862355,1.3557004821216656,187
1789408041.96083,1789408041.9602544,-24.899297395282886,-5.499026019488764,2.0588777666656792,-0.8865610476841306,-6.657022282628791,0.5862820341804277,1.3217103636288574,187
1789408041.9708142,1789408041.970249,-24.907823414548314,-5.565543278110964,2.0645311815710246,-0.827225978249622,-6.7126957713005275,0.5500889244147511,1.2900975629692077,187
1789408041.980876,1789408041.9802606,-24.915832912382246,-5.633242535698338,2.069873785649342,-0.7671844820451723,-6.762880323764194,0.5134305786900529,1.2605439463284631,187
1789408041.9909053,1789408041.9902318,-24.92317471057717,-5.700793344625699,2.07480442340951,-0.7077856794548273,-6.806867011790214,0.4771282036753569,1.2337908373820345,187
1789408042.0009515,1789408042.0002556,-24.929917977034084,-5.7686649219737385,2.0793684840074516,-0.6487601660605756,-6.845352094436409,0.4410148265635391,1.2097604341122243,187
1789408042.0108194,1789408042.0102208,-24.936115297967667,-5.837344235774529,2.083601199513383,-0.5898251631003835,-6.8788778158919,0.40491383135914505,1.1884453543640767,187
1789408042.0208719,1789408042.02024,-24.941752887454506,-5.906684926319899,2.087493027948148,-0.5312405797669002,-6.907605696778711,0.36898003720714456,1.1700752768666882,187
1789408042.031106,1789408042.030243,-24.946828785245778,-5.976637919460984,2.091042232809241,-0.473167012288608,-6.931780689810824,0.3333073384603754,1.1548287020540717,187
1789408042.0410905,1789408042.0403228,-24.95124199729843,-6.045473771613358,2.094175879129529,-0.41710487762296267,-6.951245534155194,0.2988146500172107,1.143110302160794,187
1789408042.0511453,1789408042.0502532,-24.955130049307986,-6.114981438651251,2.096989136773427,-0.36164810798476743,-6.966929475211675,0.26463409151642137,1.1346314521978924,187
1789408042.0610456,1789408042.0602715,-24.95846906129352,-6.184614193525585,2.099463593136143,-0.30730104490278887,-6.979014690276944,0.23107221749715853,1.1295471783220477,187
1789408042.0709167,1789408042.0703757,-24.961282245739802,-6.254655984052738,2.1016147783894086,-0.2538926786271309,-6.987878578895743,0.19801961655277345,1.1278880176546295,187
1789408042.0808766,1789408042.0802453,-24.963573856018677,-6.325046794859595,2.1034444108140713,-0.20151509724546018,-6.993824991529511,0.16552940287487533,1.1297036528121802,187
1789408042.090848,1789408042.0902555,-24.965318845041107,-6.39429291348171,2.104927683735075,-0.15127310259301946,-6.9971236021273935,0.13428604205958997,1.1348693329156239,187
1789408042.100933,1789408042.1002502,-24.965318845041107,-6.39429291348171,2.104927683735075,-0.15127310259301946,-6.9971236021273935,0.13428604205958997,1.1348693329156239,187
1789408042.1109052,1789408042.1102622,-24.967364564097203,-6.5349565558392015,2.1070062551198996,-0.05315030235068301,-6.997388204874743,0.07301808521782943,1.1554741155723305,187
1789408042.1210597,1789408042.1202507,-24.967660228916596,-6.604385718807783,2.1075855684322162,-0.006651149590394781,-6.994975107152672,0.04385475301212045,1.1704932234506404,187
1789408042.131076,1789408042.1302223,-24.967498286118207,-6.674237722348855,2.107880008595447,0.03886246756615762,-6.991253109849297,0.015220494658911328,1.188714811847597,187
1789408042.141039,1789408042.1402497,-24.966888197563108,-6.744040599735854,2.107892014889084,0.08309617902624591,-6.986519486736345,-0.012698521202630401,1.209932805535656,187
1789408042.1510644,1789408042.1502542,-24.965835664648676,-6.814175085931821,2.107626487370236,0.12631311095914108,-6.981011089837171,-0.04006620222844403,1.2341623810559426,187
1789408042.1611269,1789408042.1603258,-24.964369842516767,-6.883649556088846,2.1070953489173325,0.1679450739701455,-6.9750585899672926,-0.06651834362663919,1.2609160699699073,187
1789408042.1709368,1789408042.1702726,-24.96245670507772,-6.954354259001235,2.106286994999762,0.2091501260593479,-6.968728268694552,-0.09278692820532373,1.2908230087046222,187
1789408042.1810462,1789408042.1802597,-24.960209580137825,-7.022811451414643,2.1052525990160764,0.24796843546877367,-6.962540780511266,-0.1176148338276374,1.322225510130392,187
1789408042.1914027,1789408042.1902778,-24.95753123383304,-7.092543443787764,2.1039498738230247,0.28646616736581637,-6.956363435285271,-0.14231486565249127,1.3565554721045572,187
1789408042.2011507,1789408042.2002544,-24.95753123383304,-7.092543443787764,2.1039498738230247,0.28646616736581637,-6.956363435285271,-0.14231486565249127,1.3565554721045572,187
1789408042.210913,1789408042.2102122,-24.95106436334098,-7.2314204420999975,2.100627928224772,0.36019638388415326,-6.945057643663688,-0.18982557288686602,1.4314506548701977,187
1789408042.2209644,1789408042.2202578,-24.94723086307347,-7.301780819169588,2.098585758876894,0.3961611095635456,-6.940090908322843,-0.2130901721934789,1.4724524075933172,187
1789408042.2311,1789408042.2302809,-24.94312894134427,-7.3706206694154215,2.096360540416556,0.43051355662074486,-6.935849519079944,-0.2353583758345499,1.514396906566675,187
1789408042.2409909,1789408042.2402432,-24.93866978431402,-7.439725841456602,2.0939054804060238,0.4642196185514326,-6.932264983874581,-0.2572437519289936,1.558208471044065,187
1789408042.250978,1789408042.2502418,-24.93385866553063,-7.509074698329721,2.0912235130450862,0.4973113724357906,-6.9293773599743895,-0.2787557065433663,1.6037835194901506,187
1789408042.2610524,1789408042.2602553,-24.928743320737066,-7.578092709810325,2.0883417346619377,0.529565525700167,-6.927213479680287,-0.29973686225206014,1.6506388608298017,187
1789408042.2710981,1789408042.2703862,-24.92330694654333,-7.647128938184304,2.0852513448120438,0.5611969096680534,-6.9257347022558315,-0.32031450183634685,1.6989047321560646,187
1789408042.2810209,1789408042.2802474,-24.917566055688653,-7.7160628440177454,2.081962309357591,0.5921953449037848,-6.924892760463739,-0.3404696391706199,1.7484039047247906,187
1789408042.2909932,1789408042.2902517,-24.911464874990294,-7.785597122261892,2.0784430214246914,0.6229112169184774,-6.92460880749594,-0.3604175793430409,1.7995691788014396,187
1789408042.301143,1789408042.3002408,-24.911464874990294,-7.785597122261892,2.0784430214246914,0.6229112169184774,-6.92460880749594,-0.3604175793430409,1.7995691788014396,187
1789408042.3109853,1789408042.3102248,-24.89826270882454,-7.925555079491866,2.0707617386494497,0.6831958866073814,-6.925309853351267,-0.3994470259128538,1.9059924788033415,187
1789408042.3211045,1789408042.320255,-24.89138085068,-7.993876859219808,2.066729533006281,0.7119324819381794,-6.92599030870814,-0.4179691354004803,1.959469798296677,187
1789408042.3310034,1789408042.3302515,-24.884010834294568,-8.064139352049805,2.0623944564043533,0.7410393046738494,-6.926689260388579,-0.4366583314404273,2.0154207738508525,187
1789408042.3410528,1789408042.3402498,-24.876528644481848,-8.132779626471146,2.057978543393786,0.7690488440449712,-6.927174213665834,-0.45456303800203074,2.070955340107199,187
1789408042.3510463,1789408042.3502421,-24.86869269216617,-8.202103306912676,2.0533405693459903,0.7969149313973444,-6.92724591407377,-0.4722868329880847,2.1278655033469236,187
1789408042.3609037,1789408042.3602095,-24.86066725918936,-8.270691370484156,2.048578892096404,0.8240643445501851,-6.9266684300106345,-0.4894586709775217,2.184935005677972,187
1789408042.3711967,1789408042.3703988,-24.85231529189901,-8.339756564034442,2.043613428163974,0.8509684443008657,-6.925180132278997,-0.5063717605113058,2.2431215754239466,187
1789408042.3809633,1789408042.3802524,-24.84349559482985,-8.410392285375774,2.0383610693482126,0.8780137753056529,-6.922431947552652,-0.5232598419024654,2.303333207319087,187
1789408042.391062,1789408042.3902528,-24.834629412625333,-8.479249678121132,2.0330733553033236,0.9041513094171162,-6.917216616713012,-0.5397241622833894,2.362671722915797,187
1789408042.401136,1789408042.400244,-24.834629412625333,-8.479249678121132,2.0330733553033236,0.9041513094171162,-6.917216616713012,-0.5397241622833894,2.362671722915797,187
1789408042.4107528,1789408042.4102206,-24.816137469938482,-8.616269445255721,2.021977783755255,0.9599722138953163,-6.8777531355439425,-0.5807644149929786,2.482534488120892,187
1789408042.420907,1789408042.4202507,-24.80620801288706,-8.686056395191459,2.0159262370958837,0.9917261855135504,-6.833572647170822,-0.6095197524194299,2.5444755915092623,187
1789408042.4309144,1789408042.4302633,-24.796226126192522,-8.75343541512404,2.0097260347022785,1.0246016187139473,-6.7717419738515865,-0.6438137365032393,2.6048506126426125,187
1789408042.4408627,1789408042.4402544,-24.785794249598922,-8.820844635603121,2.0030781825516817,1.0592680926596048,-6.689450700656978,-0.6851747849229194,2.6658187542145675,187
1789408042.4509466,1789408042.4502792,-24.77517306968108,-8.886358295531371,1.996090812375743,1.0939868949840568,-6.589069737682394,-0.7324348847866019,2.72562067355488,187
1789408042.4609365,1789408042.4602435,-24.763784510060834,-8.953233392421058,1.9883097323451588,1.129510632542685,-6.465576199032029,-0.7879037918762004,2.7872284234299904,187
1789408042.471161,1789408042.4702547,-24.752499584659287,-9.016250522972955,1.980265196779095,1.1619542062721975,-6.329931115611805,-0.8466733970329217,2.8458066542079536,187
1789408042.4813163,1789408042.4802754,-24.74069233256885,-9.078979341162695,1.9714541680412547,1.1919769891573941,-6.176840688626353,-0.91105316135928,2.9046238726080174,187
1789408042.4910111,1789408042.490222,-24.728710093545335,-9.139586878860266,1.9620639326324263,1.2174460293544818,-6.012575377690102,-0.9782645623157016,2.961930573818177,187
1789408042.5012228,1789408042.5002394,-24.728710093545335,-9.139586878860266,1.9620639326324263,1.2174460293544818,-6.012575377690102,-0.9782645623157016,2.961930573818177,187
1789408042.5111523,1789408042.510351,-24.704026577949634,-9.256112603809829,1.941140556585657,1.2507620944961602,-5.655610648318219,-1.1182711350561418,3.0734016125767036,187
1789408042.5210388,1789408042.5202465,-24.69141273466286,-9.31204752064388,1.9295395102477808,1.2563270765001064,-5.467428904637047,-1.1885708626229237,3.1274853517925476,187
1789408042.5310607,1789408042.5302758,-24.678779590095044,-9.366104560693518,1.9172340083529555,1.253161026180171,-5.276966651708413,-1.2568501888414438,3.1800783338696177,187
1789408042.5410335,1789408042.5402553,-24.666376575917365,-9.417622929863597,1.9044190275545567,1.2408079930744427,-5.088944288960934,-1.3209046193138283,3.2304685175323384,187
1789408042.5510747,1789408042.550236,-24.65397813728892,-9.467947400862641,1.8908019161782832,1.2184999185216707,-4.900499687474245,-1.3810539886420576,3.279905237069743,187
1789408042.561049,1789408042.5602517,-24.64211242877033,-9.515367628802936,1.8769195426410923,1.1869573722178974,-4.71982844383484,-1.4340433677161057,3.326640245517287,187
1789408042.5708647,1789408042.5702252,-24.63033647641641,-9.562094465035138,1.8622008223069808,1.144780030244008,-4.539961113095476,-1.481154820107496,3.3727859395063287,187
1789408042.5809977,1789408042.58025,-24.619058105928804,-9.60694522882209,1.8470788402133531,1.0930477759979387,-4.366500017610707,-1.5199691199981533,3.4171119580231846,187
1789408042.591136,1789408042.5902588,-24.608504311355574,-9.649441337379454,1.8318468702746256,1.033253405197864,-4.202023144907176,-1.5493599079416405,3.459083854404462,187
1789408042.6011896,1789408042.60023,-24.608504311355574,-9.649441337379454,1.8318468702746256,1.033253405197864,-4.202023144907176,-1.5493599079416405,3.459083854404462,187
1789408042.6111135,1789408042.6102493,-24.589205239797465,-9.730422862553919,1.800447902771942,0.8892640788789095,-3.8890599179601466,-1.579472071387451,3.538764645180453,187
1789408042.6210227,1789408042.6202586,-24.580741874768606,-9.768444861060294,1.784699553272512,0.8082640434384432,-3.7418280358277105,-1.57908900846643,3.575926421791254,187
1789408042.6309402,1789408042.6302586,-24.57303666449498,-9.805382884358885,1.7688500132691978,0.721971952490319,-3.5976234285027138,-1.5680981677178603,3.6118036289519666,187
1789408042.6411507,1789408042.6402636,-24.566345918687922,-9.840179457062177,1.7534810154173661,0.634565281236156,-3.459525210308561,-1.5470476549716106,3.6453502813886085,187
1789408042.6510823,1789408042.65025,-24.560389315775126,-9.874449993074963,1.7379920759788263,0.5436388586312395,-3.319776736203895,-1.5151336661861527,3.6781088097047774,187
1789408042.6608164,1789408042.6602354,-24.555417541374823,-9.906848579100473,1.7230909828965877,0.4543600348174577,-3.182351874405035,-1.4738405239221628,3.7087849984024897,187
1789408042.6708887,1789408042.6702409,-24.551318540475,-9.93794344706957,1.7086148948497697,0.3668400420686064,-3.043438989395361,-1.4232088848716526,3.737928616729626,187
1789408042.6810596,1789408042.680231,-24.54806543218077,-9.96776230468869,1.694630016431439,0.28248744881111587,-2.9013773880474574,-1.3637559540385027,3.7655773054452175,187
1789408042.691141,1789408042.6902428,-24.545647581627495,-9.995962108739597,1.6813641594566888,0.20361038846163074,-2.756504090617054,-1.2969705295272342,3.7914359798799153,187
1789408042.7011468,1789408042.7002585,-24.545647581627495,-9.995962108739597,1.6813641594566888,0.20361038846163074,-2.756504090617054,-1.2969705295272342,3.7914359798799153,187
1789408042.7112763,1789408042.7102325,-24.54301141389243,-10.04800406846489,1.656952566961045,0.06523233661256991,-2.4517316151195154,-1.143901239983013,3.838364678549264,187
1789408042.7210293,1789408042.7202458,-24.542653109536403,-10.071912975784137,1.6458426643687396,0.007276194200791836,-2.289665190166267,-1.0590639349190563,3.8595581741296474,187
1789408042.7310154,1789408042.7302418,-24.54283168108553,-10.094003700126642,1.6356782556844478,-0.04145813621174842,-2.123417195740514,-0.9714163830608374,3.878923476465234,187
1789408042.7409034,1789408042.7402468,-24.543451182774184,-10.114371294580563,1.6264186261999183,-0.08101333719101209,-1.9526812388674888,-0.8817580968122016,3.896586479569656,187
1789408042.7509632,1789408042.750239,-24.544419043533797,-10.132996724581934,1.618067569779324,-0.11137226888793401,-1.7782761159348734,-0.7912828437540231,3.912570604981336,187
1789408042.7610168,1789408042.7602463,-24.545641932644546,-10.149831876160118,1.6106344745858279,-0.13270830440320452,-1.6017700864599609,-0.7013742039842765,3.92687340026235,187
1789408042.7710853,1789408042.770237,-24.54704796247781,-10.16503569685271,1.604032973698853,-0.1455984879149561,-1.4227936760270519,-0.612259897595222,3.9396651402620346,187
1789408042.7811823,1789408042.780261,-24.548519530271122,-10.17825299129058,1.598394825081651,-0.15045431649482371,-1.247710949737289,-0.5273095321286709,3.9506823420400963,187
1789408042.7910385,1789408042.7902691,-24.55001872094785,-10.189857496448418,1.5935353326788515,-0.1483327958136148,-1.074291708746082,-0.44548569976193975,3.960269435807696,187
1789408042.801134,1789408042.8002727,-24.55147044099987,-10.19978567784179,1.5894571326912017,-0.14017009338969177,-0.9061682403332005,-0.3684715825078487,3.9684014474253013,187
1789408042.8111963,1789408042.8102455,-24.55147044099987,-10.19978567784179,1.5894571326912017,-0.14017009338969177,-0.9061682403332005,-0.3684715825078487,3.9684014474253013,187
1789408042.82109,1789408042.8202395,-24.554001912114433,-10.214753412115455,1.5834827895200931,-0.1108365577658681,-0.5989060380611699,-0.23393380001276437,3.9805179665240527,187
1789408042.8310916,1789408042.830232,-24.55501888739214,-10.220055802129902,1.581431787848723,-0.09231284404712975,-0.46393306206970286,-0.17754471216302875,3.9847595151841793,187
1789408042.8410532,1789408042.8402455,-24.55584493617501,-10.224080078051994,1.5799066340455148,-0.07307549041442585,-0.34458239369363997,-0.129191317293531,3.9879554279031684,187
1789408042.851071,1789408042.850246,-24.556480579215112,-10.226996741896773,1.5788236195620597,-0.05440841846572331,-0.242467375823332,-0.08905845545671255,3.9902556983304622,187
1789408042.8610091,1789408042.8602626,-24.556938552354694,-10.228989133383035,1.5780987592829332,-0.03743682986751895,-0.15861249638801067,-0.0570740514870858,3.991816598226781,187
1789408042.871184,1789408042.8702416,-24.55724104330362,-10.230243697303822,1.5776515417303771,-0.02308880789881851,-0.09345891099125936,-0.03294474192790531,3.9927931930351237,187
1789408042.8815038,1789408042.8802648,-24.557414438057727,-10.23093269035141,1.5774108409601428,-0.012260387703302289,-0.047647939675557804,-0.016460073618339316,3.993326265826827,187
1789408042.891017,1789408042.890249,-24.557497548668827,-10.231250570803178,1.5773019557332755,-0.005084961622333406,-0.01905006135880072,-0.006451115833286447,3.9935708010031963,187
1789408042.9009488,1789408042.9002633,-24.557526796952438,-10.231358682048786,1.5772656280891715,-0.0012443138446758262,-0.004506213871402487,-0.0014957257311305483,3.99365352011373,187
1789408042.911046,1789408042.9102316,-24.557526796952438,-10.231358682048786,1.5772656280891715,-0.0012443138446758262,-0.004506213871402487,-0.0014957257311305483,3.99365352011373,187
1789408042.9209175,1789408042.9202619,-24.557531741587333,-10.231376413805382,1.5772597784648237,-1.7763568394002505e-15,4.440892098500626e-15,2.1094237467877974e-15,3.9936670197836763,187
1789408042.931116,1789408042.9302342,-24.557531741587333,-10.231376413805382,1.5772597784648237,-1.7763568394002505e-15,4.440892098500626e-15,2.1094237467877974e-15,3.9936670197836763,187
1789408042.9409962,1789408042.9402564,-24.557531741587333,-10.231376413805382,1.5772597784648237,-1.7763568394002505e-15,4.440892098500626e-15,2.1094237467877974e-15,3.9936670197836763,187
1789408042.950975,1789408042.9502616,-24.557531741587333,-10.231376413805382,1.5772597784648237,-1.7763568394002505e-15,4.440892098500626e-15,2.1094237467877974e-15,3.9936670197836763,187
1789408042.9609382,1789408042.9602275,-24.557531741587333,-10.231376413805382,1.5772597784648237,-1.7763568394002505e-15,4.440892098500626e-15,2.1094237467877974e-15,3.9936670197836763,187
1789408042.9711673,1789408042.9702256,-24.557531741587333,-10.231376413805382,1.5772597784648237,-1.7763568394002505e-15,4.440892098500626e-15,2.1094237467877974e-15,3.9936670197836763,187
1789408042.9810345,1789408042.9802306,-24.557531741587333,-10.231376413805382,1.5772597784648237,-1.7763568394002505e-15,4.440892098500626e-15,2.1094237467877974e-15,3.9936670197836763,187
1789408042.9910617,1789408042.990255,-24.557531741587333,-10.231376413805382,1.5772597784648237,-1.7763568394002505e-15,4.440892098500626e-15,2.1094237467877974e-15,3.9936670197836763,187
1789408043.0012195,1789408043.0002623,-24.557531741587333,-10.231376413805382,1.5772597784648237,-1.7763568394002505e-15,4.440892098500626e-15,2.1094237467877974e-15,3.9936670197836763,187
1789408043.0109506,1789408043.0102658,-24.557531741587333,-10.231376413805382,1.5772597784648237,-1.7763568394002505e-15,4.440892098500626e-15,2.1094237467877974e-15,3.9936670197836763,187
1789408043.0209866,1789408043.0202525,-24.557531741587333,-10.231376413805382,1.5772597784648237,-1.7763568394002505e-15,4.440892098500626e-15,2.1094237467877974e-15,3.9936670197836763,187
1789408043.0310626,1789408043.0302281,-24.557531741587333,-10.231376413805382,1.5772597784648237,-1.7763568394002505e-15,4.440892098500626e-15,2.1094237467877974e-15,3.9936670197836763,187
1789408043.0410533,1789408043.0402572,-24.557531741587333,-10.231376413805382,1.5772597784648237,-1.7763568394002505e-15,4.440892098500626e-15,2.1094237467877974e-15,3.9936670197836763,187
1789408043.0510397,1789408043.0502481,-24.557531741587333,-10.231376413805382,1.5772597784648237,-1.7763568394002505e-15,4.440892098500626e-15,2.1094237467877974e-15,3.9936670197836763,187
1789408043.0609078,1789408043.0602558,-24.557531741587333,-10.231376413805382,1.5772597784648237,-1.7763568394002505e-15,4.440892098500626e-15,2.1094237467877974e-15,3.9936670197836763,187
1789408043.0708435,1789408043.0702536,-24.557531741587333,-10.231376413805382,1.5772597784648237,-1.7763568394002505e-15,4.440892098500626e-15,2.1094237467877974e-15,3.9936670197836763,187
1789408043.0808892,1789408043.0802636,-24.557531741587333,-10.231376413805382,1.5772597784648237,-1.7763568394002505e-15,4.440892098500626e-15,2.1094237467877974e-15,3.9936670197836763,187
1789408043.091035,1789408043.0903504,-24.557531741587333,-10.231376413805382,1.5772597784648237,-1.7763568394002505e-15,4.440892098500626e-15,2.1094237467877974e-15,3.9936670197836763,187
1789408043.1010745,1789408043.100352,-24.557531741587333,-10.231376413805382,1.5772597784648237,-1.7763568394002505e-15,4.440892098500626e-15,2.1094237467877974e-15,3.9936670197836763,187
1789408043.1107953,1789408043.110262,-24.557531741587333,-10.231376413805382,1.5772597784648237,-1.7763568394002505e-15,4.440892098500626e-15,2.1094237467877974e-15,3.9936670197836763,187
1789408043.1208699,1789408043.120251,-24.557531741587333,-10.231376413805382,1.5772597784648237,-1.7763568394002505e-15,4.440892098500626e-15,2.1094237467877974e-15,3.9936670197836763,187
1789408043.1310797,1789408043.1302598,-24.557531741587333,-10.231376413805382,1.5772597784648237,-1.7763568394002505e-15,4.440892098500626e-15,2.1094237467877974e-15,3.9936670197836763,187
1789408043.1408718,1789408043.1402628,-24.584807447998628,-10.304012574754045,1.5790146907019276,-0.18296415302420355,-1.4502618288215108,0.07532038197256677,4.046112169054331,187
1789408043.1508725,1789408043.15027,-24.586772248028677,-10.319554602754076,1.5798242627177508,-0.20610525065834462,-1.627133200848149,0.08499815726091897,4.059147674914929,187
1789408043.1607525,1789408043.1602561,-24.588932687974562,-10.336576542457147,1.580716068001369,-0.22975411060363302,-1.8067393460748038,0.09492748539866887,4.073439365396414,187
1789408043.1717072,1789408043.1702793,-24.59135944215988,-10.355621943795008,1.5817197396743277,-0.2544913202757806,-1.9934301356051012,0.10535856704229167,4.089448810348858,187
1789408043.181366,1789408043.1802766,-24.59404048573085,-10.37658113232129,1.58283086975746,-0.2799670876432656,-2.1844909437000717,0.11615193778285311,4.107090266352018,187
1789408043.191213,1789408043.1902723,-24.596957060455168,-10.399294365295386,1.5840422501926577,-0.30583776125902107,-2.377321567670548,0.12716903794182075,4.126235896243059,187
1789408043.2010942,1789408043.200231,-24.596957060455168,-10.399294365295386,1.5840422501926577,-0.30583776125902107,-2.377321567670548,0.12716903794182075,4.126235896243059,187
1789408043.210992,1789408043.2102728,-24.60358021757651,-10.450581602905231,1.5868029717950431,-0.35889387322522637,-2.769269055323289,0.14995924370550545,4.169574251955248,187
1789408043.221279,1789408043.220253,-24.607335273126576,-10.479503350984372,1.5883740833155642,-0.38612423833460835,-2.968728975773717,0.16176978317610602,4.194078858711156,187
1789408043.2310596,1789408043.2302704,-24.611335796249094,-10.510207711638788,1.590052494544244,-0.4132640446574769,-3.1664741092311237,0.17362700041556411,4.220145242612849,187
1789408043.2408533,1789408043.2402697,-24.615547842266157,-10.542427259995048,1.5918247155719099,-0.440018077815017,-3.360462115732235,0.1854077158630614,4.247554593209993,187
1789408043.2509534,1789408043.2502742,-24.620173591525045,-10.57769658899833,1.5937769406847062,-0.46750839626830765,-3.5589060815415454,0.19761752889210854,4.27762446607962,187
1789408043.2613518,1789408043.2603877,-24.624919859298128,-10.613773056191379,1.5957864574436567,-0.4938923198311036,-3.7486277179860226,0.2094466262149111,4.308453314929384,187
1789408043.270977,1789408043.2702446,-24.630062697152926,-10.652750172980761,1.5979712114395466,-0.5206250222213598,-3.940248328971443,0.22155530065307621,4.341840585905542,187
1789408043.2810779,1789408043.2802424,-24.635393565217104,-10.693041966090938,1.6002438983295897,-0.5465080989574703,-4.125338113596541,0.23341145426457766,4.376440024312246,187
1789408043.2909129,1789408043.2902503,-24.640846493976714,-10.734154371168573,1.6025771299032325,-0.5712471945397698,-4.302000706447698,0.24488060391835664,4.411833175162874,187
1789408043.3010101,1789408043.300252,-24.640846493976714,-10.734154371168573,1.6025771299032325,-0.5712471945397698,-4.302000706447698,0.24488060391835664,4.411833175162874,187
1789408043.310839,1789408043.310228,-24.652807842854894,-10.824040429522238,1.6077255827870611,-0.6200987138592928,-4.65092087343942,0.2679945518041795,4.4895224418112285,187
1789408043.3210444,1789408043.320277,-24.659186416350256,-10.871841281637293,1.6104883079296985,-0.643447577321892,-4.8182049166042225,0.27930429208288887,4.531005571749881,187
1789408043.3312051,1789408043.3302763,-24.665758926814654,-10.921023320142377,1.613347743771249,-0.6657449331699269,-4.978662235126019,0.2902975740944931,4.573806828248867,187
1789408043.340963,1789408043.3402658,-24.672463051918598,-10.971133337643552,1.6162778971618363,-0.6867816017063987,-5.131037964932797,0.30087208307177143,4.617538190787675,187
1789408043.350992,1789408043.3502624,-24.679444742081156,-11.023276660276826,1.6193440132858825,-0.7069817379998046,-5.278685717851523,0.31124605635865304,4.663173013286357,187
1789408043.3607965,1789408043.3602226,-24.686680123671977,-11.077291424550406,1.6225375558019388,-0.7261950704096508,-5.4208475292557186,0.3213539082035379,4.710581865396503,187
1789408043.370758,1789408043.3702602,-24.693972665960054,-11.131730980579889,1.6257731001136424,-0.7438931938271344,-5.553892778844837,0.33091840523988353,4.758501147781285,187
1789408043.3808339,1789408043.3802598,-24.701426395631728,-11.187394923132528,1.6290978774955112,-0.7603478960459625,-5.6801120526672575,0.34008246403602826,4.807638263562982,187
1789408043.391025,1789408043.390254,-24.70913583837542,-11.245016050550516,1.632555928463586,-0.7757162789164528,-5.8010821914405115,0.3489416908100573,4.858649384192031,187
1789408043.400894,1789408043.4002128,-24.70913583837542,-11.245016050550516,1.632555928463586,-0.7757162789164528,-5.8010821914405115,0.3489416908100573,4.858649384192031,187
1789408043.4111264,1789408043.4102483,-24.72494667501895,-11.363450598669285,1.6397106992298491,-0.802297533795505,-6.021699848049638,0.36525053625745857,4.963952694637302,187
1789408043.421095,1789408043.420253,-24.7330080085381,-11.424032319377764,1.6433921637638598,-0.8134308386229487,-6.12131784716476,0.3726485879485391,5.018047833715821,187
1789408043.431093,1789408043.4302337,-24.74115223307371,-11.485415604808482,1.6471352204576335,-0.8230953314025041,-6.213943418078965,0.3795176898731297,5.073013446197973,187
1789408043.44083,1789408043.4402585,-24.749425798848954,-11.547993988381329,1.650962785042657,-0.8313314507839574,-6.30034012710334,0.38588694472623974,5.129206292857326,187
1789408043.4509637,1789408043.4502692,-24.757822793228733,-11.611773031597133,1.6548739833425021,-0.8381010486817554,-6.380607838751178,0.39173414635372833,5.186637171975389,187
1789408043.4610584,1789408043.460229,-24.766204766194292,-11.675749580471258,1.6588056030245595,-0.8432947099691649,-6.453753374299331,0.39695784126613304,5.24440478898536,187
1789408043.4709797,1789408043.470264,-24.774722010353894,-11.741125402944615,1.6628295726044442,-0.8469978459931854,-6.521382797428112,0.4016419454148653,5.28935862139321,135
1789408043.4809628,1789408043.4802573,-24.783298861661148,-11.80738543980835,1.6669120636563322,-0.849142203499544,-6.583082211505554,0.4057232708206306,5.239065659907409,135
1789408043.4909344,1789408043.490254,-24.791618758524905,-11.872124691788624,1.6709023037367112,-0.8497137521741821,-6.637161425379108,0.4090693983700941,5.1902185321553,135
1789408043.5011103,1789408043.5002544,-24.800244386466602,-11.939788774949694,1.6750714870951133,-0.8487416677250367,-6.687582770851323,0.41189380694374883,5.139476532371656,135
1789408043.5110548,1789408043.5104222,-24.8085298552872,-12.005373635888809,1.6791083182141802,-0.8463045484259555,-6.7309190583920095,0.4139781744657617,5.090601923421459,135
1789408043.5208874,1789408043.5202882,-24.817026527400042,-12.073304809435195,1.683281886136509,-0.842264167506281,-6.770476553686219,0.41546099424716554,5.040302611360041,135
1789408043.531085,1789408043.530235,-24.82552663241237,-12.142031264251006,1.6874927422278994,-0.8366411352174237,-6.8053914417120245,0.41626164227088225,4.989753772480444,135
1789408043.5409603,1789408043.5402496,-24.833775249436066,-12.209549245671878,1.691614434171303,-0.82964544491153,-6.8350821256601995,0.4163624812103041,4.940430026558537,135
1789408043.550924,1789408043.55025,-24.842016458475094,-12.277917999652562,1.6957687347226675,-0.821106446335859,-6.86087023631352,0.41577041275324894,4.890828184126671,135
1789408043.5610933,1789408043.5602376,-24.850247045387725,-12.34722043244713,1.6999555023759791,-0.8109869365863003,-6.882994622289929,0.41445474149697065,4.840905437498426,135
1789408043.5710094,1789408043.57026,-24.85827641915142,-12.415935978464967,1.7040780283646584,-0.7995272602732417,-6.9013025321286365,0.4124355400942318,4.791763485429431,135
1789408043.5810244,1789408043.5802507,-24.866252686901834,-12.485417919970898,1.7082123791875392,-0.7865249012398414,-6.916496965359947,0.4096660450919807,4.742439521478693,135
1789408043.5911832,1789408043.5902553,-24.873984966466026,-12.554085968540475,1.712259362756638,-0.772304471210309,-6.92857522273419,0.4062052895658062,4.694058373559107,135
1789408043.6012156,1789408043.6002405,-24.873984966466026,-12.554085968540475,1.712259362756638,-0.772304471210309,-6.92857522273419,0.4062052895658062,4.694058373559107,135
1789408043.611157,1789408043.6102505,-24.889168302357824,-12.693367478657542,1.7203264640521079,-0.7393850742451272,-6.945433822436975,0.39695468257950706,4.597053028827413,135
1789408043.6211617,1789408043.6202865,-24.896360638182067,-12.761783850659535,1.7242079417709906,-0.72126623238637,-6.950587373709454,0.39130484024596135,4.549962345940031,135
1789408043.6311975,1789408043.630271,-24.903493962282408,-12.831487665510549,1.7280990554133584,-0.7015197573838884,-6.954120155199067,0.3847914816382323,4.502368262300403,135
1789408043.6409314,1789408043.6402416,-24.910382133262946,-12.900803133772058,1.7318984031729805,-0.6806196452610276,-6.956197615259512,0.3775505397116779,4.455425128836793,135
1789408043.6508973,1789408043.650237,-24.917176184335624,-12.971405527935064,1.735689321419311,-0.6580604422788298,-6.957120971175144,0.36938601424572487,4.408008591618752,135
1789408043.66088,1789408043.6602511,-24.923586462408828,-13.040385129842543,1.739308986834009,-0.6348039793552296,-6.957116409245248,0.3606343877394228,4.36207246345778,135
1789408043.6709437,1789408043.6702237,-24.929803218160412,-13.10985050016572,1.742862757639082,-0.610191902874263,-6.956445572403887,0.3510421044044787,4.316205313266239,135
1789408043.680951,1789408043.6802075,-24.93583828006224,-13.18013921933655,1.7463575966451004,-0.5840932593362849,-6.955312724528446,0.34053576168788363,4.270197748020658,135
1789408043.6911192,1789408043.690255,-24.941490366216676,-13.249000845768515,1.7496752175110681,-0.5573805666731247,-6.953962513281838,0.32945822832704547,4.225519880527522,135
1789408043.7011538,1789408043.7002428,-24.941490366216676,-13.249000845768515,1.7496752175110681,-0.5573805666731247,-6.953962513281838,0.32945822832704547,4.225519880527522,135
1789408043.7107813,1789408043.7102578,-24.952043776573944,-13.387655811866608,1.7560048421547556,-0.5002439249743246,-6.9512345325688,0.30478727361752533,4.136756512641043,135
1789408043.7209494,1789408043.720258,-24.95697150138542,-13.458284316985232,1.7590325656005439,-0.4694622032333305,-6.950153157834984,0.2910025482267949,4.092161516725093,135
1789408043.7310257,1789408043.7302601,-24.96152260028399,-13.527979141182591,1.7618792694744296,-0.43800673422682634,-6.949460336774805,0.2765951645515755,4.048569243315395,135
1789408043.7408633,1789408043.7402716,-24.965713126893984,-13.596986689211665,1.7645518144293297,-0.40582548784386685,-6.949237024549331,0.2615446805159657,4.005813802275747,135
1789408043.7508125,1789408043.7502577,-24.969638367002393,-13.667101422708068,1.767110157543393,-0.372094677941835,-6.949555374908326,0.24545695083900693,3.9627899122774766,135
1789408043.7607608,1789408043.7602541,-24.973146615851693,-13.735750837892871,1.7694537279804765,-0.3380823426113417,-6.950447266389581,0.2289344936212059,3.92107587414395,135
1789408043.7710102,1789408043.77025,-24.976369085472378,-13.805673343393087,1.7716687191092155,-0.3024598640309645,-6.951969786706083,0.21132989366628385,3.8790092779806624,135
1789408043.781024,1789408043.7802596,-24.979185923582744,-13.874506755951908,1.7736719537065038,-0.26645142363101026,-6.954072951868559,0.19324526224763167,3.8380164425414627,135
1789408043.7911541,1789408043.79027,-24.981654124942928,-13.94374037520528,1.7755019063012276,-0.22931812629721668,-6.956767806386236,0.1743134248861901,3.797208056247062,135
1789408043.8012884,1789408043.8002574,-24.981654124942928,-13.94374037520528,1.7755019063012276,-0.22931812629721668,-6.956767806386236,0.1743134248861901,3.797208056247062,135
1789408043.8111672,1789408043.8103383,-24.98548514190871,-14.083491579645367,1.7786010767824547,-0.15168097027258312,-6.963750460502549,0.133896324446911,3.7161442477317412,135
1789408043.8210337,1789408043.8202515,-24.986799000848457,-14.152913244206239,1.7798307746205058,-0.111843927938333,-6.967812612096022,0.11276312566485396,3.6765369977905302,135
1789408043.8309784,1789408043.830247,-24.98771501873594,-14.222700855456583,1.7808506564929063,-0.07099320783213171,-6.972137560489412,0.09084302516160461,3.6371710632133696,135
1789408043.840822,1789408043.8402407,-24.98821932020818,-14.292845108145752,1.7816507676851183,-0.02916082735742978,-6.976581785466676,0.06815571044617348,3.5980651924438365,135
1789408043.850782,1789408043.8502386,-24.988300899576913,-14.362045217754575,1.7822130797392979,0.012825852968838976,-6.9808963473354995,0.045160031291135785,3.5599457599570923,135
1789408043.8607073,1789408043.860249,-24.987956037342975,-14.43211803535934,1.782546961475135,0.056021462322550064,-6.985006441841701,0.02128686714974215,3.521818889791929,135
1789408043.8709576,1789408043.8702385,-24.98716795952164,-14.502678149818616,1.7826381924899064,0.10015601061651151,-6.988670152920434,-0.0033117454273815573,3.4839165914787817,135
1789408043.8810744,1789408043.8804085,-24.985946585281916,-14.572521773911932,1.7824813190442246,0.14441627515183822,-6.991598680399149,-0.028172091854303482,3.4468921800240677,135
1789408043.890931,1789408043.8902547,-24.984281924058944,-14.64233015427308,1.7820741047030209,0.18916202301595442,-6.993587300284275,-0.05348344722434843,3.4103862710821238,135
1789408043.9011238,1789408043.9002519,-24.984281924058944,-14.64233015427308,1.7820741047030209,0.18916202301595442,-6.993587300284275,-0.05348344722434843,3.4103862710821238,135
1789408043.9108334,1789408043.9102561,-24.979621413320235,-14.781478977759928,1.7804987661807306,0.2795877271035351,-6.993704258658876,-0.10512088382247457,3.3391517344317947,135
1789408043.9209967,1789408043.9203258,-24.976561413421756,-14.852152093873702,1.779301540231147,0.3259826318789888,-6.9912268572073195,-0.13183927621195743,3.303776876248638,135
1789408043.931071,1789408043.9302452,-24.973084713140974,-14.921791944540368,1.7778556783968138,0.37188889674702796,-6.986711321997025,-0.15841016551735582,3.269466137373905,135
1789408043.9409082,1789408043.940247,-24.96916010508835,-14.991210508058776,1.7761486039890897,0.4177389127569805,-6.9798450923403985,-0.18507127782006558,3.2358179470970923,135
1789408043.9509995,1789408043.9502554,-24.96468783563682,-15.061937540060848,1.774133450143238,0.4642286212504955,-6.96953686453347,-0.2124824675732014,3.2021185713401668,135
1789408043.960863,1789408043.9602568,-24.95984664992433,-15.131229418547507,1.7718806953843678,0.5081282561071329,-6.952395748510523,-0.24045003115288482,3.1696943302396683,135
1789408043.9709113,1789408043.9703257,-24.954608408105255,-15.199985847700548,1.7693522737151175,0.5486157031786005,-6.9245899857109245,-0.27035015709885196,3.1381303248513857,135
1789408043.9809244,1789408043.9802635,-24.948948399639704,-15.268886332496612,1.7664925105538978,0.5850501023641722,-6.883045779299316,-0.3034018575328573,3.1071488440086843,135
1789408043.9910102,1789408043.9902601,-24.94291424503244,-15.337690748501577,1.7632656012871084,0.6165462225938909,-6.825804780965365,-0.3403330478156854,3.0769035793677864,135
1789408044.0011466,1789408044.0002484,-24.94291424503244,-15.337690748501577,1.7632656012871084,0.6165462225938909,-6.825804780965365,-0.3403330478156854,3.0769035793677864,135
1789408044.0110502,1789408044.0102422,-24.930047087832122,-15.47308041319214,1.7555976782151943,0.6625127224090724,-6.662081271819645,-0.4272776573688322,3.019600898842,135
1789408044.0209713,1789408044.0202444,-24.92333338165189,-15.539303443194058,1.7510678852192447,0.6768623605738371,-6.555965849671003,-0.4778602851165776,2.9927359458312917,135
1789408044.0310037,1789408044.0302415,-24.91653636584585,-15.604079679271756,1.7460322002897115,0.6856936602597921,-6.435301364866335,-0.5330698910439823,2.9672577095386714,135
1789408044.041021,1789408044.0402381,-24.90968366629377,-15.667521523470056,1.7404279816596329,0.6894536059750201,-6.301025203535376,-0.5929770930313882,2.9431129419378985,135
1789408044.051038,1789408044.0502331,-24.902714352122683,-15.730479265697154,1.7341064832308593,0.6885796918220612,-6.1522827290533275,-0.6583812024968331,2.919983029734415,135
1789408044.0611038,1789408044.0602446,-24.895809945274376,-15.79157434064009,1.7271387927491004,0.6835821481996435,-5.9935819573073195,-0.7276564548629607,2.8983643142761877,135
1789408044.0710192,1789408044.070245,-24.88902371745596,-15.850597873772152,1.71951439506153,0.6751483417717324,-5.827316187199054,-0.800029036113368,2.878283388988944,135
1789408044.080883,1789408044.0802567,-24.882402275197737,-15.90736457486464,1.7112388934729807,0.6639920374984962,-5.655940656608982,-0.8745717197397486,2.8597427181165864,135
1789408044.0909696,1789408044.0903006,-24.87578724792008,-15.96338141630387,1.7020466951092599,0.6503789138442738,-5.476386256061162,-0.9526208949048326,2.8422120120975087,135
1789408044.1011949,1789408044.1003318,-24.87578724792008,-15.96338141630387,1.7020466951092599,0.6503789138442738,-5.476386256061162,-0.9526208949048326,2.8422120120975087,135
1789408044.1107986,1789408044.1102335,-24.863113782088217,-16.0690482122635,1.6814638631685315,0.6189329660760124,-5.111677138038991,-1.110263569763603,2.8112789668870364,135
1789408044.1210392,1789408044.120429,-24.857021802662157,-16.119138417738412,1.6699937354822878,0.6020147144715056,-4.927940614151992,-1.1884807815215621,2.797614467287374,135
1789408044.1309342,1789408044.130259,-24.85111610499591,-16.16726763254566,1.6577861472642714,0.5849205213788998,-4.745385662461898,-1.2646273651262754,2.7850996671711936,135
1789408044.1407797,1789408044.1402507,-24.845392250538012,-16.213490604162,1.6448631706531183,0.5679744815196808,-4.564801239222786,-1.3376202284061645,2.773650498056687,135
1789408044.1508555,1789408044.150244,-24.839704281894683,-16.25897117126011,1.630901205796558,0.5510011464552051,-4.382232719029595,-1.408041727771394,2.7629300193502013,135
1789408044.1607287,1789408044.1602712,-24.834339803029874,-16.301401453191954,1.6166736307153255,0.5350420237193714,-4.20750629002567,-1.4711048042799875,2.753412873758618,135
1789408044.1708567,1789408044.1703286,-24.8289759485182,-16.34331554905087,1.6014005625267427,0.5192417264697549,-4.030489731973744,-1.5293117017708215,2.744465229929804,135
1789408044.1808734,1789408044.1802537,-24.823951121257984,-16.382053943706204,1.5861434298763522,0.5046161035388952,-3.862534119973962,-1.577848819314002,2.7365897662666274,135
1789408044.1910615,1789408044.19024,-24.818950597472632,-16.42003454341867,1.570066138402901,0.4901895449188134,-3.6931113424591513,-1.6187275194924198,2.7292279069520156,135
1789408044.2009525,1789408044.2002354,-24.818950597472632,-16.42003454341867,1.570066138402901,0.4901895449188134,-3.6931113424591513,-1.6187275194924198,2.7292279069520156,135
1789408044.2107887,1789408044.2102365,-24.809405239355538,-16.49071755381397,1.5370410737757838,0.46248300775087503,-3.3614015245619617,-1.6696468035241099,2.716440204432114,135
1789408044.2207527,1789408044.2202394,-24.804864038713564,-16.52340498038364,1.520348498467093,0.4487979276345664,-3.1982502522870386,-1.6781792944064686,2.7109102238735927,135
1789408044.2307596,1789408044.2302375,-24.80043123350258,-16.554671876663946,1.5035179417163174,0.4347468548881376,-3.0343324102872504,-1.6746766915743696,2.705835851560903,135
1789408044.2409263,1789408044.240249,-24.796189774272392,-16.58396593486538,1.4869741189122048,0.4203295115794645,-2.8719869814375887,-1.658913276670307,2.701264438393117,135
1789408044.251051,1789408044.250231,-24.79205377761024,-16.61192103444008,1.4704824415669293,0.4049900122846025,-2.707157141141134,-1.6304120819546535,2.697059176137963,135
1789408044.2610548,1789408044.2602425,-24.788054721521362,-16.638359667429203,1.4542511923998473,0.38856387445359597,-2.5401837964731913,-1.589088777028779,2.6932161622158515,135
1789408044.2710128,1789408044.2702656,-24.784220010987,-16.663153244159886,1.438470095612996,0.37092483647646163,-2.371442645626651,-1.53529196348324,2.6897241816081507,135
1789408044.2809467,1789408044.2802567,-24.780611599491365,-16.68597488851865,1.423466503676883,0.35221220966359285,-2.2032437217535135,-1.4705251741465475,2.686599821658005,135
1789408044.2908938,1789408044.290242,-24.777245853371475,-16.706809834703016,1.40937054221049,0.33247871932395523,-2.0363634206921013,-1.3962582904888008,2.6838175395977326,135
1789408044.3009925,1789408044.3002532,-24.773961134982144,-16.72671570819727,1.395548825860958,0.3106197572284088,-1.8621951725325108,-1.3092016514015579,2.681216844074494,135
1789408044.3107278,1789408044.310245,-24.771023204495158,-16.74415562331637,1.3831550186278168,0.2884062910710814,-1.6948804568431417,-1.2173973440688979,2.6789801318984807,135
1789408044.3208911,1789408044.3202388,-24.768241994618876,-16.76034089381833,1.3714146326285674,0.2645287665741159,-1.5241464683577546,-1.1164185822324004,2.6769350888078454,135
1789408044.33105,1789408044.330246,-24.765721162472477,-16.77473033268687,1.3607829157910434,0.23992190022242227,-1.3565181045156176,-1.010948947117044,2.675137939928566,135
1789408044.3410184,1789408044.340256,-24.763454169850533,-16.787434174884986,1.3512427396033215,0.21476957948798653,-1.1925813710709057,-0.9024560370723436,2.6735641149579243,135
1789408044.351224,1789408044.350334,-24.761420665042063,-16.798629402536367,1.342713200134087,0.18909641898393076,-1.0318851127501203,-0.7915725039303453,2.6721837286584287,135
1789408044.3610253,1789408044.3602288,-24.759663029460572,-16.80814354309938,1.3353714553582934,0.163813236272236,-0.8793461500599709,-0.6826267820323866,2.671012326116959,135
1789408044.3710978,1789408044.370329,-24.758146175120235,-16.816223454319417,1.3290662628810495,0.1389045443673572,-0.7339931442278751,-0.5758194748799321,2.670015876270763,135
1789408044.3809838,1789408044.3802583,-24.756876083323135,-16.822886086151687,1.323815537290089,0.11500521877717536,-0.5986977448893172,-0.47402825831976225,2.669190511446837,135
1789408044.3909907,1789408044.3902469,-24.755853723316633,-16.82817236932032,1.3196136539569232,0.09287873615036339,-0.47681457775704467,-0.38053211595984293,2.6685310615598663,135
1789408044.401075,1789408044.4002485,-24.755023401975073,-16.832407217281983,1.3162221941910703,0.07206048053400427,-0.3649599727851278,-0.293334939031521,2.667997897647694,135
1789408044.41088,1789408044.4102743,-24.754389695717883,-16.83559694539654,1.3136507633922683,0.053437995148982426,-0.26717791289074133,-0.21607104731191812,2.6675917976517054,135
1789408044.420951,1789408044.4202206,-24.753938839054122,-16.837838337361877,1.3118335393386942,0.03772306182623231,-0.18636156540705984,-0.15150266636364274,2.6673028280627737,135
1789408044.4310715,1789408044.430252,-24.753631710178126,-16.839347609065634,1.3106039543413923,0.024827913810486102,-0.12127856573097873,-0.0990353648693666,2.667105618132119,135
1789408044.4408817,1789408044.4402475,-24.75343683938038,-16.84029478452823,1.3098290952097857,0.014723831725887648,-0.07115059034534355,-0.05832553632795068,2.6669801053706075,135
1789408044.4510546,1789408044.4502678,-24.55835918873505,-17.324458358973658,1.5546867302525267,0.20756389491122795,-0.6500999636388018,-0.11628397280196073,2.547824400109384,135
1789408044.4608676,1789408044.4602187,-24.556439808695774,-17.330444505259916,1.553611281459202,0.1740163893812382,-0.5403089493430804,-0.0975173750258313,2.5473520243264103,135
1789408044.470867,1789408044.4702458,-24.55487021288019,-17.335298443868627,1.552731579260973,0.14377774198864723,-0.44274701091083024,-0.08059312581740508,2.5469654371033306,135
1789408044.4808877,1789408044.4802577,-24.553568795476732,-17.339290284227264,1.5520019936302587,0.11600546865680583,-0.35433874457920544,-0.06504205555101161,2.5466434793269954,135
1789408044.4909334,1789408044.4902508,-24.5525466666901,-17.3424007611599,1.551428840563585,0.09169254955753048,-0.2779208225118257,-0.05142226830144403,2.5463887083755505,135
1789408044.501007,1789408044.500256,-24.55173624468635,-17.344848188022123,1.5509742971050426,0.0700375390609278,-0.21067268870153288,-0.03928669270306029,2.5461846666589723,135
1789408044.511065,1789408044.5102532,-24.55173624468635,-17.344848188022123,1.5509742971050426,0.0700375390609278,-0.21067268870153288,-0.03928669270306029,2.5461846666589723,135
1789408044.5210629,1789408044.5202346,-24.550690242129956,-17.34797405860303,1.5503874452331299,0.036303404124665706,-0.10762810577170656,-0.020372295718858013,2.5459165581900094,135
1789408044.531045,1789408044.5302365,-24.550388976627794,-17.348864316638856,1.5502183697935301,0.024015861188943166,-0.07070664161932028,-0.013479462914451235,2.5458375754827895,135
1789408044.5410538,1789408044.540238,-24.55019858772228,-17.349423134434943,1.5501115008679494,0.014745270106314656,-0.04312489771679662,-0.008277578990881329,2.545786896487072,135
1789408044.5509386,1789408044.5502472,-24.550085905041,-17.34975171887797,1.5500482391520127,0.007995040629154904,-0.023230110085799005,-0.0044889453223821985,2.5457564368034538,135
1789408044.5608127,1789408044.560211,-24.55002962090044,-17.3499148072026,1.5500166353256095,0.0036551606888077792,-0.010553908851734128,-0.002052570786501562,2.5457409876900723,135
1789408044.5709262,1789408044.5702362,-24.550006696269268,-17.349980832789665,1.5500037611081106,0.0012172477606635645,-0.0034933027800549965,-0.0006836519118655904,2.5457346017030478,135
1789408044.5810485,1789408044.5802627,-24.550000582102548,-17.3499983415859,1.5500003269866764,0.00019789338010056667,-0.0005645689337958615,-0.00011115988500343121,2.5457328745741625,135
1789408044.5910926,1789408044.5902436,-24.550000000214588,-17.34999999939146,1.5500000001205525,5.345639548792747e-07,-1.5162392497103383e-06,-3.0031315167988737e-07,2.54573270816202,135
1789408044.601268,1789408044.6002796,-24.549999999999997,-17.350000000000005,1.5500000000000003,1.7763568394002505e-15,1.7763568394002505e-15,0.0,2.5457327080999703,135
1789408044.6111357,1789408044.610245,-24.549999999999997,-17.350000000000005,1.5500000000000003,1.7763568394002505e-15,1.7763568394002505e-15,0.0,2.5457327080999703,135
1789408044.6211216,1789408044.6202352,-24.549999999999997,-17.350000000000005,1.5500000000000003,1.7763568394002505e-15,1.7763568394002505e-15,0.0,2.5457327080999703,135
1789408044.631211,1789408044.6302469,-24.549999999999997,-17.350000000000005,1.5500000000000003,1.7763568394002505e-15,1.7763568394002505e-15,0.0,2.5457327080999703,135
1789408044.6409664,1789408044.6402388,-24.549999999999997,-17.350000000000005,1.5500000000000003,1.7763568394002505e-15,1.7763568394002505e-15,0.0,2.5457327080999703,135
1789408044.651087,1789408044.6502514,-24.549999999999997,-17.350000000000005,1.5500000000000003,1.7763568394002505e-15,1.7763568394002505e-15,0.0,2.5457327080999703,135
1789408044.6610742,1789408044.660232,-24.549999999999997,-17.350000000000005,1.5500000000000003,1.7763568394002505e-15,1.7763568394002505e-15,0.0,2.5457327080999703,135
1789408044.6708577,1789408044.6702483,-24.549999999999997,-17.350000000000005,1.5500000000000003,1.7763568394002505e-15,1.7763568394002505e-15,0.0,2.5457327080999703,135
1789408044.6810112,1789408044.6803877,-24.549999999999997,-17.350000000000005,1.5500000000000003,1.7763568394002505e-15,1.7763568394002505e-15,0.0,2.5457327080999703,135
1789408044.6910012,1789408044.6903477,-24.549999999999997,-17.350000000000005,1.5500000000000003,1.7763568394002505e-15,1.7763568394002505e-15,0.0,2.5457327080999703,135
1789408044.7010972,1789408044.700274,-24.549999999999997,-17.350000000000005,1.5500000000000003,1.7763568394002505e-15,1.7763568394002505e-15,0.0,2.5457327080999703,135
1789408044.7108643,1789408044.7102804,-24.549999999999997,-17.350000000000005,1.5500000000000003,1.7763568394002505e-15,1.7763568394002505e-15,0.0,2.5457327080999703,135
1789408044.7208726,1789408044.7202504,-24.549999999999997,-17.350000000000005,1.5500000000000003,1.7763568394002505e-15,1.7763568394002505e-15,0.0,2.5457327080999703,135
1789408044.7310915,1789408044.7302215,-24.549999999999997,-17.350000000000005,1.5500000000000003,1.7763568394002505e-15,1.7763568394002505e-15,0.0,2.5457327080999703,135
1789408044.741107,1789408044.7402449,-24.549999999999997,-17.350000000000005,1.5500000000000003,1.7763568394002505e-15,1.7763568394002505e-15,0.0,2.5457327080999703,135
1789408044.7509089,1789408044.7502177,-24.549999999999997,-17.350000000000005,1.5500000000000003,1.7763568394002505e-15,1.7763568394002505e-15,0.0,2.5457327080999703,135
1789408044.7609558,1789408044.7602527,-24.549999999999997,-17.350000000000005,1.5500000000000003,1.7763568394002505e-15,1.7763568394002505e-15,0.0,2.5457327080999703,135
1789408044.770947,1789408044.7702448,-24.549999999999997,-17.350000000000005,1.5500000000000003,1.7763568394002505e-15,1.7763568394002505e-15,0.0,2.5457327080999703,135
1789408044.7812464,1789408044.7803886,-24.549999999999997,-17.350000000000005,1.5500000000000003,1.7763568394002505e-15,1.7763568394002505e-15,0.0,2.5457327080999703,135
1789408044.7911792,1789408044.7902489,-24.549999999999997,-17.350000000000005,1.5500000000000003,1.7763568394002505e-15,1.7763568394002505e-15,0.0,2.5457327080999703,135
1789408044.8010683,1789408044.8002522,-24.549999999999997,-17.350000000000005,1.5500000000000003,1.7763568394002505e-15,1.7763568394002505e-15,0.0,2.5457327080999703,135
1789408044.8109803,1789408044.81026,-24.549999999999997,-17.350000000000005,1.5500000000000003,1.7763568394002505e-15,1.7763568394002505e-15,0.0,2.5457327080999703,135
1789408044.820868,1789408044.8202162,-24.549999999999997,-17.350000000000005,1.5500000000000003,1.7763568394002505e-15,1.7763568394002505e-15,0.0,2.5457327080999703,135
1789408044.831035,1789408044.8302608,-24.549999999999997,-17.350000000000005,1.5500000000000003,1.7763568394002505e-15,1.7763568394002505e-15,0.0,2.5457327080999703,135
1789408044.8410478,1789408044.8402371,-24.549999999999997,-17.350000000000005,1.5500000000000003,1.7763568394002505e-15,1.7763568394002505e-15,0.0,2.5457327080999703,135
1789408044.8509688,1789408044.8502357,-24.549999999999997,-17.350000000000005,1.5500000000000003,1.7763568394002505e-15,1.7763568394002505e-15,0.0,2.5457327080999703,135
1789408044.8611808,1789408044.860273,-24.53371227978015,-17.430427076078157,1.5800633906309214,-0.19104954549926453,-1.1324122767465727,0.10924754906157359,2.5503356423263965,135
1789408044.8710327,1789408044.8702173,-24.535791481733895,-17.442632544693858,1.5812498769120718,-0.2219088124328483,-1.2907508743775573,0.12638522182974943,2.555605851046287,135
1789408044.88107,1789408044.8802803,-24.53814119174631,-17.45617305944643,1.5825855307978713,-0.2544459369946964,-1.453307640443766,0.14437166794220854,2.5615411655218394,135
1789408044.8909614,1789408044.8902674,-24.54088138097757,-17.471678405009495,1.5841373710123106,-0.28992082725854357,-1.6259299002189722,0.16389768853112407,2.568445822807868,135
1789408044.9012313,1789408044.9002428,-24.54088138097757,-17.471678405009495,1.5841373710123106,-0.28992082725854357,-1.6259299002189722,0.16389768853112407,2.568445822807868,135
1789408044.9109025,1789408044.910254,-24.547414315345627,-17.507649562942092,1.58781745755064,-0.3665056927793375,-1.9842586359283148,0.2058025884722249,2.5848785710687423,135
1789408044.9215124,1789408044.9202847,-24.55134891209986,-17.52876303591878,1.590023263724639,-0.4084819401635666,-2.1733386006623725,0.22865210293708155,2.5947774804812576,135
1789408044.9311323,1789408044.9302654,-24.555611986117835,-17.551253472102527,1.5924060270547775,-0.45120694730581806,-2.3610712487561494,0.25183932267771875,2.6055171774969383,135
1789408044.9413686,1789408044.940275,-24.56036329613201,-17.575909141145804,1.5950542356053976,-0.49598261974499225,-2.553133216942806,0.27607619435447706,2.617513149102664,135
1789408044.951175,1789408044.9502428,-24.565598002797334,-17.602636208579252,1.5979641979949313,-0.5423615678666368,-2.7474371383805063,0.3011254325108344,2.6307697223713715,135
1789408044.9611607,1789408044.9602714,-24.57115463424313,-17.630567926649018,1.6010456940787368,-0.5886807667518372,-2.9371686118127633,0.32609875562482726,2.64489456894418,135
1789408044.971194,1789408044.9702458,-24.5773458648558,-17.661222206405416,1.6044715558192928,-0.6372250584406556,-3.1317643116559513,0.3522386931005208,2.6607032483552837,135
1789408044.981169,1789408044.9802375,-24.583960054216984,-17.69349181048657,1.6081241164320828,-0.6859599352473784,-3.3231238524889317,0.37846181759598746,2.6776797624612385,135
1789408044.9909575,1789408044.9903471,-24.59090800097396,-17.7269204090313,1.6119542454266964,-0.7340817732350053,-3.5085012962052806,0.4043511881640517,2.695615213450306,135
1789408045.0010233,1789408045.0002334,-24.59090800097396,-17.7269204090313,1.6119542454266964,-0.7340817732350053,-3.5085012962052806,0.4043511881640517,2.695615213450306,135
1789408045.0109277,1789408045.0102022,-24.60674331805878,-17.80159287394524,1.6206642153914568,-0.8336667776382412,-3.8823619107247977,0.45798761290900925,2.736900434437618,135
1789408045.0208719,1789408045.020237,-24.615253017440107,-17.840986951545034,1.6253368526338927,-0.8821396487763032,-4.060350029410628,0.48416560701196776,2.759327176570271,135
1789408045.030996,1789408045.030252,-24.62426355893564,-17.88223001060797,1.6302805312276327,-0.930078036980652,-4.234365677133843,0.5101328651059187,2.783260731680823,135
1789408045.040837,1789408045.040319,-24.63373118891781,-17.925111203533906,1.6354722040653613,-0.9770021464267459,-4.403232081082633,0.5356550636750991,2.804419079118438,186
1789408045.0509086,1789408045.0502617,-24.643813229024847,-17.970332410473443,1.6409993613444716,-1.0233838210087758,-4.569264092191851,0.5610192801139173,2.7832843519667,186
1789408045.060793,1789408045.060253,-24.65425631404911,-18.016760649944995,1.646724659232135,-1.0677968974571108,-4.728054491075717,0.5854769830764667,2.762030118275783,186
1789408045.0708013,1789408045.0702505,-24.665232532704916,-18.06517794823944,1.6527443473656647,-1.1107498823236501,-4.882196651700097,0.6093406972404866,2.7403686049925717,186
1789408045.0807788,1789408045.0802476,-24.676445058087733,-18.114304895768978,1.6588977896470898,-1.1509085183794279,-5.027707145419008,0.6319005002436662,2.718939766974102,186
1789408045.090906,1789408045.0902474,-24.688194705244936,-18.16549764603947,1.6653525853632347,-1.189163783696305,-5.168681027345259,0.6536916135303059,2.6972269973122045,186
1789408045.1010032,1789408045.1002433,-24.688194705244936,-18.16549764603947,1.6653525853632347,-1.189163783696305,-5.168681027345259,0.6536916135303059,2.6972269973122045,186
1789408045.1108606,1789408045.110252,-24.712596187905387,-18.271181818470893,1.6787884646142013,-1.2568176977391787,-5.429158818008934,0.6933317618079472,2.65451767663601,186
1789408045.1208012,1789408045.1202443,-24.725552586169883,-18.32711542322368,1.6859444635312155,-1.2865766387676292,-5.552206137556024,0.7114875903496446,2.633136248222035,186
1789408045.1310115,1789408045.13026,-24.73838974499753,-18.382522407839538,1.6930533056770891,-1.3120031475002787,-5.665093492364222,0.7275985113542965,2.6128385865730213,186
1789408045.140802,1789408045.1402495,-24.75159052474392,-18.439576371531242,1.7003859925979754,-1.3340246277467613,-5.7727464514500495,0.74227614908675,2.592894147478041,186
1789408045.1508439,1789408045.1502545,-24.765185230435534,-18.498513288139517,1.7079647919295888,-1.3523960180273595,-5.875548851230685,0.7554374496975994,2.5733524346075334,186
1789408045.160733,1789408045.1602569,-24.77862780307083,-18.55707331644389,1.7154897543140861,-1.3663021064868457,-5.96992410782637,0.7665359146747386,2.5550460171245954,186
1789408045.1707935,1789408045.1702416,-24.792522410664766,-18.61801247074362,1.7233044186297581,-1.3762356219812621,-6.060579879726524,0.7760275467453954,2.5372163552163225,186
1789408045.1809974,1789408045.180209,-24.806295605696068,-18.678953493654532,1.731092297882262,-1.3816107995987583,-6.144156330733309,0.7834575177487272,2.520676943799055,186
1789408045.1910768,1789408045.1902213,-24.819910888056825,-18.739849823476543,1.7388366309750167,-1.3825033031172207,-6.221166220792614,0.7888596123269108,2.5054844496030455,186
1789408045.2012286,1789408045.2002854,-24.83390949602768,-18.80328872112711,1.746852397761863,-1.378758671330303,-6.295030735717387,0.7923780377415954,2.4911240719349266,186
1789408045.211061,1789408045.210216,-24.83390949602768,-18.80328872112711,1.746852397761863,-1.378758671330303,-6.295030735717387,0.7923780377415954,2.4911240719349266,186
1789408045.2208922,1789408045.2203193,-24.86119367198015,-18.930019331305907,1.7626584325274421,-1.3573931871757552,-6.425189103263624,0.7931378718356764,2.4671037493951804,186
1789408045.2310634,1789408045.2302628,-24.87464690240236,-18.99439336619556,1.770556792758675,-1.3396795504695636,-6.483356837564175,0.7904194872920755,2.4573751254442615,186
1789408045.2408776,1789408045.2402427,-24.8881824705384,-19.060726917637457,1.7785860791988477,-1.3167690816966684,-6.538284231523809,0.785502687685169,2.4491522922432343,186
1789408045.2508416,1789408045.2502444,-24.90107820581897,-19.125647109067287,1.786323754205972,-1.2899142707229818,-6.587507494167758,0.7786686742835764,2.442915320210093,186
1789408045.2607343,1789408045.2602656,-24.91391262717418,-19.19222914387538,1.7941224232826565,-1.2579782976050218,-6.6337008303323355,0.7696445256513952,2.4384163317682126,186
1789408045.2706983,1789408045.2702477,-24.926217798831093,-19.25824831436714,1.8017051535881645,-1.2220897965753081,-6.675548236515684,0.758747137363356,2.435885203832683,186
1789408045.2811694,1789408045.2802668,-24.93823071041413,-19.325148947656395,1.8092237460878833,-1.1816175570483878,-6.714246828685616,0.7457939634253742,2.435308954585398,186
1789408045.291155,1789408045.2902875,-24.949757674009486,-19.392060945908394,1.816564325540485,-1.137200874115074,-6.7495019520031665,0.7309886303842702,2.436758304624985,186
1789408045.3011067,1789408045.3002465,-24.949757674009486,-19.392060945908394,1.816564325540485,-1.137200874115074,-6.7495019520031665,0.7309886303842702,2.436758304624985,186
1789408045.3110042,1789408045.3104522,-24.971530735491584,-19.52779480291408,1.830853317425473,-1.035853987599268,-6.811451815401897,0.6955901538126105,2.445989240761371,186
1789408045.3209836,1789408045.320242,-24.981677522414792,-19.596508332829377,1.837754619438722,-0.97925967502306,-6.838391911892783,0.6750991514709395,2.4538949160862273,186
1789408045.3310673,1789408045.330348,-24.99113208554873,-19.664697726969308,1.8443665932274642,-0.9198949016558492,-6.8624593300730705,0.6531719037699493,2.463891281552923,186
1789408045.3408465,1789408045.3402078,-25.000002493306695,-19.733296748961347,1.8507690466164608,-0.8571952393985763,-6.884168712503636,0.629601317622728,2.476104263503107,186
1789408045.3509114,1789408045.3502471,-25.00830016516791,-19.802693420933377,1.8569805658835108,-0.7909739837060931,-6.903739461714447,0.6043055999020435,2.490648334594111,186
1789408045.360957,1789408045.3602343,-25.01583006121469,-19.87144090185142,1.8628604360769871,-0.7228473709327873,-6.920900222162103,0.5778983563201013,2.5072096828406307,186
1789408045.3709838,1789408045.3702452,-25.02268236672149,-19.940479386144066,1.8684814105426064,-0.6521462493017347,-6.936031626321016,0.5501194098989319,2.525974749217917,186
1789408045.3811054,1789408045.3802655,-25.028837653088118,-20.009882433814614,1.8738361399510586,-0.5790037638202179,-6.949234402013406,0.5210112549649693,2.5469652923751087,186
1789408045.39098,1789408045.3902476,-25.034294346285986,-20.079997059817924,1.8789355896235533,-0.5032473715736693,-6.960630655680557,0.49049130443844396,2.5429023143878644,37
1789408045.4011407,1789408045.4002817,-25.034294346285986,-20.079997059817924,1.8789355896235533,-0.5032473715736693,-6.960630655680557,0.49049130443844396,2.5429023143878644,37
1789408045.4108179,1789408045.4102447,-25.042788393342214,-20.218825965286303,1.8880806621140607,-0.348640965600704,-6.977779145258759,0.4271070302809193,2.431262046160549,37
1789408045.4209359,1789408045.4202428,-25.04590982505904,-20.28947117551821,1.8922336147277752,-0.2680676048117315,-6.983886093052901,0.3935174306444726,2.376155255577744,37
1789408045.4308748,1789408045.4302454,-25.048180421328407,-20.359051637567006,1.895984952963776,-0.18773698812103481,-6.988249491531167,0.35966137603729237,2.3230919327803132,37
1789408045.4407446,1789408045.4402204,-25.049649616146187,-20.42885593324182,1.8994042583322142,-0.10637684404975431,-6.991023165925707,0.32500273907715976,2.2711390950269252,37
1789408045.4508553,1789408045.450244,-25.05030421399566,-20.499005130016776,1.9024876859605002,-0.02402456487765722,-6.992225326162729,0.289546782869651,2.220297900422113,37
1789408045.4607968,1789408045.4602458,-25.05013786206993,-20.5682500069497,1.9051795360083796,0.05767316156609857,-6.9918761400940985,0.25400131350381305,2.1715350028233957,37
1789408045.471018,1789408045.4702413,-25.049147702650203,-20.638155547625153,1.9075379015181995,0.1403978646462963,-6.989989150848742,0.21763168291090484,2.123822477018153,37
1789408045.481101,1789408045.4802508,-25.047296486765603,-20.709077278670627,1.9095574355879223,0.22442406366170392,-6.986503386549084,0.1802992570094085,2.077060238526133,37
1789408045.4909904,1789408045.4902165,-25.044672345084766,-20.778141586378094,1.9111588882154138,0.30634995029800766,-6.98169648989849,0.1435192753921468,2.033202331782178,37
1789408045.5010164,1789408045.5002367,-25.041194774509467,-20.847898154089368,1.9124053301051138,0.38958100406266644,-6.975811259407369,0.10577367057732427,1.9906813387444797,37
1789408045.5109296,1789408045.5102239,-25.041194774509467,-20.847898154089368,1.9124053301051138,0.38958100406266644,-6.975811259407369,0.10577367057732427,1.9906813387444797,37
1789408045.5208895,1789408045.5202627,-25.03174669969775,-20.986944961153498,1.9137473281448951,0.5581283283117481,-6.9620849186135585,0.02822499419550219,1.9116563508237856,37
1789408045.5309913,1789408045.53022,-25.025627768253056,-21.057700245380616,1.9138277821553293,0.6455503933123646,-6.954323586828216,-0.01254277037982423,1.8745970351983023,37
1789408045.5409474,1789408045.5402577,-25.01878265346506,-21.126780826302056,1.9135017184593743,0.7320084634854702,-6.9462256147550825,-0.0531986840738689,1.840616996934094,37
1789408045.550817,1789408045.550255,-25.011017732768963,-21.196251016264593,1.9127613423168872,0.8199707378650407,-6.937446257543927,-0.09488714464375848,1.8087541428027503,37
1789408045.5607615,1789408045.560245,-25.00243925133621,-21.265089373835206,1.9116109138446322,0.9080927312997736,-6.927944125252401,-0.13697178621893985,1.7795775575552548,37
1789408045.570805,1789408045.5702686,-24.992775676072004,-21.335235326757093,1.9100007305735136,0.9996630519228674,-6.917177727930653,-0.1810927936266086,1.7524196328345492,37
1789408045.5809338,1789408045.580319,-24.982406269643086,-21.403781158509688,1.907983767162007,1.0918554509060119,-6.905045019770599,-0.22594348921479213,1.7285137736662624,37
1789408045.5908747,1789408045.5902467,-24.9710836682282,-21.47233199438453,1.9055069817323946,1.1874150886709398,-6.8905152718360005,-0.27286452518975535,1.7073376883984015,37
1789408045.6009734,1789408045.6002364,-24.9710836682282,-21.47233199438453,1.9055069817323946,1.1874150886709398,-6.8905152718360005,-0.27286452518975535,1.7073376883984015,37
1789408045.6107728,1789408045.6102145,-24.945184451251663,-21.61048008611743,1.8990159892277876,1.391605997819829,-6.850193581942355,-0.3743593973538272,1.6735018205314522,37
1789408045.6208003,1789408045.6202703,-24.930625939176533,-21.67935454667962,1.8949740789102922,1.499284727149516,-6.822738303904794,-0.4284211777696252,1.6613179503794224,37
1789408045.6308308,1789408045.6302688,-24.91520210108267,-21.746940612142016,1.890449139345533,1.6077928390978942,-6.790350040708981,-0.4832125113048668,1.652559968823083,37
1789408045.6408777,1789408045.6402588,-24.89862292549795,-21.814471395250052,1.8853534445510982,1.7172523917006108,-6.7527927678172,-0.5387958802883754,1.6470754890449697,37
1789408045.651185,1789408045.6502578,-24.880383638839287,-21.883709482855114,1.879517628245857,1.8288732787129127,-6.709202398492006,-0.5958068320589465,1.6449232532029854,37
1789408045.6609402,1789408045.660257,-24.862247073968373,-21.948213863238248,1.8735163252341962,1.930970073710034,-6.664255612887379,-0.6482641003854576,1.6461299962798817,37
1789408045.6709435,1789408045.6702454,-24.842177961057345,-22.01540705274272,1.8666836573744154,2.0341497155529655,-6.613268966870798,-0.7016124713319986,1.6507089427823718,37
1789408045.6810536,1789408045.68028,-24.82166582235423,-22.080292422282177,1.8595255343329167,2.1296438853250828,-6.560203152018554,-0.7513348825761432,1.6583514833841064,37
1789408045.6909351,1789408045.6902473,-24.79977066520587,-22.14601760224716,1.85172110260885,2.220929546716937,-6.502238833703886,-0.7992953956505446,1.6693008709918933,37
1789408045.7010105,1789408045.7002237,-24.77709706501225,-22.21085065100122,1.8434886007055709,2.3042549268914625,-6.440186149278442,-0.843620934940658,1.683224666599796,37
1789408045.7109118,1789408045.7102678,-24.75387281554671,-22.274389300619873,1.8349210771004114,2.378498374771742,-6.3743922372150665,-0.8837408062849172,1.6998224475289236,37
1789408045.7209642,1789408045.720242,-24.72949976645842,-22.33842857731871,1.8258039532816726,2.4452414946863144,-6.3031166313316955,-0.9205207453174843,1.7194344302345594,37
1789408045.7311375,1789408045.7302566,-24.704974908976286,-22.400542759232817,1.8165180545074495,2.5017851774789417,-6.2294059032801155,-0.9524508769785537,1.7411396846932383,37
1789408045.7408743,1789408045.7402692,-24.679410339919883,-22.463172324062047,1.8067351068247401,2.550306547818165,-6.150750719896385,-0.9807257544976269,1.7656064868047896,37
1789408045.7509289,1789408045.75026,-24.6540245863226,-22.52353007531413,1.7969298744778721,2.588743742733931,-6.070994416609819,-1.00409858023454,1.791542490774823,37
1789408045.761103,1789408045.7602513,-24.627687098915096,-22.58449380712793,1.7866739069191786,2.618975338937788,-5.986453544775506,-1.0236813855419005,1.8199842253241185,37
1789408045.771396,1789408045.770268,-24.60097131676587,-22.644854043481732,1.7761952897991924,2.6401302179249604,-5.898671574190093,-1.038941445573643,1.8502607892676417,37
1789408045.78109,1789408045.780257,-24.574753986250673,-22.702847159814414,1.7658479229814479,2.6520240013078284,-5.810352074971333,-1.049624736117259,1.8812303836255195,37
1789408045.7910016,1789408045.7902427,-24.548525301193568,-22.759813185809705,1.7554405972999272,2.655502311354899,-5.719600724727887,-1.0562398955949062,1.9133462772874543,37
1789408045.8010905,1789408045.800238,-24.548525301193568,-22.759813185809705,1.7554405972999272,2.655502311354899,-5.719600724727887,-1.0562398955949062,1.9133462772874543,37
1789408045.811216,1789408045.810248,-24.495362286198535,-22.872670852194567,1.7342046570794358,2.637853090198724,-5.5270119898996874,-1.0577359730119924,1.9815461346886287,37
1789408045.8212404,1789408045.8202388,-24.468883690472815,-22.927849705375134,1.723569873862804,2.616918292782584,-5.425624118024206,-1.0526721223268858,2.0169169373296527,37
1789408045.8312454,1789408045.8302467,-24.44287543709765,-22.981537893975105,1.7130936943888728,2.588125719864095,-5.3210422933026,-1.0438382790944911,2.052492776160213,37
1789408045.841569,1789408045.8403838,-24.417401699970583,-23.033735439018066,1.7028081993309294,2.5518251496760693,-5.212929026901848,-1.0314289305028927,2.08809774264779,37
1789408045.8510368,1789408045.8502471,-24.392088120863352,-23.085319983028366,1.6925672554655578,2.507768304014905,-5.099317930252296,-1.0154182620819021,2.124193645219544,37
1789408045.8610127,1789408045.8602412,-24.367420607799744,-23.13540064962667,1.6825719989670818,2.4572258568346745,-4.982249893041428,-0.9963222394246968,2.160032081773306,37
1789408045.8706794,1789408045.8702383,-24.343170416433022,-23.184532785275163,1.6727340829474953,2.4003100304060174,-4.860697361064812,-0.9742366875835119,2.195888400932018,37
1789408045.880957,1789408045.8803186,-24.319487554912318,-23.232491162087104,1.6631182049475404,2.337912828212397,-4.735465902916356,-0.9495487982764623,2.231494859141693,37
1789408045.8908072,1789408045.8902385,-24.296498837272114,-23.279087410670453,1.653779464041442,2.2709906214280102,-4.607359235669794,-0.9226786950683429,2.266611193208336,37
1789408045.9008946,1789408045.9002361,-24.273904135723708,-23.324989225890914,1.6445991795116348,2.1991594652040853,-4.474677610003769,-0.8935051641086382,2.3016579952840632,37
1789408045.9107459,1789408045.910242,-24.273904135723708,-23.324989225890914,1.6445991795116348,2.1991594652040853,-4.474677610003769,-0.8935051641086382,2.3016579952840632,37
1789408045.920697,1789408045.9202359,-24.231470403606693,-23.411688616345938,1.6273646090450804,2.0478762574508362,-4.204785858530281,-0.8312845474942682,2.368922836566924,37
1789408045.930969,1789408045.930376,-24.211347704170173,-23.453124602885747,1.6191997459078908,1.9683800473478754,-4.065621520319984,-0.7982981561774312,2.401495483727933,37
1789408045.940938,1789408045.9403763,-24.192183206629576,-23.492836703880826,1.6114316903626995,1.8876927719339462,-3.924933733754437,-0.7646844141896735,2.432933045374894,37
1789408045.9508023,1789408045.9502544,-24.17350828505178,-23.53180703064271,1.6038719416977165,1.8040143878566515,-3.7788022568340622,-0.7297312707853095,2.463968553207077,37
1789408045.9609113,1789408045.9603965,-24.156039754112463,-23.568537524771422,1.5968115100967037,1.7207684128046459,-3.6325007758905596,-0.6949077936649215,2.493368170458787,37
1789408045.9707663,1789408045.9702454,-24.13915709588559,-23.60432198520952,1.5899999802121558,1.6351991802052195,-3.480550730215236,-0.6590999247153304,2.522131470358887,37
1789408045.9810057,1789408045.980245,-24.123268472557992,-23.638283362572587,1.5836022425815546,1.5494595423559245,-3.3262041753971396,-0.6232444061201867,2.5495255842657643,37
1789408045.9909217,1789408045.9902503,-24.10842390197034,-23.67028545330784,1.5776377452805406,1.4641221094406967,-3.170100178596734,-0.5876123436416375,2.575413508213803,37
1789408046.000979,1789408046.000243,-24.10842390197034,-23.67028545330784,1.5776377452805406,1.4641221094406967,-3.170100178596734,-0.5876123436416375,2.575413508213803,37
1789408046.0108345,1789408046.0102189,-24.080557318170314,-23.731152359611137,1.566480575178072,1.287285749568688,-2.837504316313003,-0.51406344830338,2.6248135079693906,37
1789408046.020771,1789408046.0202346,-24.068176418987296,-23.758561588961552,1.5615427727749867,1.2001079725049182,-2.6686034667601084,-0.47799273005847015,2.6471138541758727,37
1789408046.0309656,1789408046.0302103,-24.05671540375657,-23.784155626755478,1.556983993068216,1.1134906635424553,-2.497403639265052,-0.4422996373360726,2.6679603411707045,37
1789408046.0409055,1789408046.0402417,-24.04605266633716,-23.80817157035263,1.552754322544306,1.02681054001649,-2.3226527300105673,-0.40673878688997955,2.6875368479966038,37
1789408046.0509758,1789408046.0503817,-24.036173684944874,-23.830610695115798,1.548846534167526,0.9401887856990268,-2.1445857167953815,-0.37136979431243977,2.7058372477053774,37
1789408046.0608535,1789408046.0602329,-24.027202065644925,-23.851157234822526,1.5453077557088952,0.8551280862586974,-1.9664078920592356,-0.3368089020697651,2.7225982426087025,37
1789408046.070756,1789408046.0702305,-24.019029962684805,-23.870022700281737,1.542093562809512,0.7711384474389764,-1.7872855510022847,-0.3028545754873985,2.7379880068973557,37
1789408046.0810788,1789408046.080234,-24.011805919107946,-23.886827933275782,1.539260351236113,0.6904763716901695,-1.6123253310152246,-0.2704096615825185,2.751694262806114,37
1789408046.090915,1789408046.0902364,-24.00530930649089,-23.902052458528573,1.5367196381005417,0.6114679548247556,-1.4382135629559119,-0.23878884340570825,2.7641062863159047,37
1789408046.10099,1789408046.1002429,-24.00530930649089,-23.902052458528573,1.5367196381005417,0.6114679548247556,-1.4382135629559119,-0.23878884340570825,2.7641062863159047,37
1789408046.1109445,1789408046.110236,-23.994588883455762,-23.927434401231174,1.53254433019245,0.4625060524180412,-1.1027335150509914,-0.17960869891191825,2.784779777521956,37
1789408046.1208704,1789408046.1202307,-23.990249888692095,-23.93781234467353,1.5308616122401346,0.39274088218633507,-0.9424286296059877,-0.15209369490204028,2.793221359886627,37
1789408046.130898,1789408046.1302412,-23.986685904269528,-23.946389480628653,1.5294831938525975,0.3293080738631131,-0.7949240163379719,-0.12719141586231514,2.800190746682803,37
1789408046.140839,1789408046.1402338,-23.98367960936327,-23.95366679446046,1.5283235303231077,0.269792148356882,-0.6550047499983345,-0.10393001848210844,2.806096986809421,37
1789408046.1508067,1789408046.150231,-23.981247874264557,-23.959586190854417,1.5273879322889765,0.21584883240098462,-0.5268921892802773,-0.08293679619394836,2.8108949032356922,37
1789408046.160787,1789408046.1602404,-23.979334485080436,-23.964268399273383,1.5266536204017904,0.1679264964041718,-0.4120150735607079,-0.06436292309580569,2.8146847509603368,37
1789408046.1708167,1789408046.1702318,-23.977870145658507,-23.967869586612295,1.526093017276546,0.12612648705352802,-0.3109562909634942,-0.048224996890050636,2.817595340611808,37
1789408046.1810315,1789408046.1802335,-23.976784652366366,-23.970551679669022,1.52567844054445,0.09036078181001739,-0.22380541920258445,-0.03446813743992955,2.819759786888387,37
1789408046.191052,1789408046.190321,-23.976045337299404,-23.972386468653813,1.5253967243392408,0.06184277598258359,-0.15381836821517858,-0.023537467876286078,2.8212381717643638,37
1789408046.2010684,1789408046.2002406,-23.976045337299404,-23.972386468653813,1.5253967243392408,0.06184277598258359,-0.15381836821517858,-0.023537467876286078,2.8212381717643638,37
1789408046.2108862,1789408046.2102492,-23.975246588639465,-23.974379861842035,1.5250932760533846,0.02187770868233585,-0.054846621717953514,-0.008290592455767742,2.8228409263841785,37
1789408046.220916,1789408046.2203367,-23.97508952401294,-23.97477424585382,1.5250338102438592,0.010455354417868712,-0.026305373463599846,-0.003953940558267588,2.8231572327684202,37
1789408046.230853,1789408046.2302327,-23.97502185472907,-23.974944744281565,1.5250082409592856,0.0037098538465618613,-0.00936568255352821,-0.001400166144169157,2.823293776456124,37
1789408046.2408638,1789408046.2402403,-23.97500232407522,-23.974994109432327,1.5250008750405764,0.0007055187358866455,-0.0017867746294255582,-0.00026576581359294416,2.823333255932379,37
1789408046.2508798,1789408046.250245,-23.975000005725043,-23.974999985454687,1.5250000021523444,7.966442481688318e-06,-2.0236573289977855e-05,-2.9953151605699446e-06,2.823337949523814,37
1789408046.2608445,1789408046.2602587,-23.97500000000001,-23.975,1.5250000000000001,4.440892098500626e-16,-8.881784197001252e-16,-2.220446049250313e-16,2.8233379611298886,37
1789408046.2709165,1789408046.2702448,-23.97500000000001,-23.975,1.5250000000000001,4.440892098500626e-16,-8.881784197001252e-16,-2.220446049250313e-16,2.8233379611298886,37
1789408046.2810268,1789408046.2802346,-23.97500000000001,-23.975,1.5250000000000001,4.440892098500626e-16,-8.881784197001252e-16,-2.220446049250313e-16,2.8233379611298886,37
1789408046.2909248,1789408046.290237,-23.97500000000001,-23.975,1.5250000000000001,4.440892098500626e-16,-8.881784197001252e-16,-2.220446049250313e-16,2.8233379611298886,37
1789408046.3009574,1789408046.3002362,-23.97500000000001,-23.975,1.5250000000000001,4.440892098500626e-16,-8.881784197001252e-16,-2.220446049250313e-16,2.8233379611298886,37
1789408046.3113294,1789408046.310279,-23.97500000000001,-23.975,1.5250000000000001,4.440892098500626e-16,-8.881784197001252e-16,-2.220446049250313e-16,2.8233379611298886,37
1789408046.320994,1789408046.3202431,-23.97500000000001,-23.975,1.5250000000000001,4.440892098500626e-16,-8.881784197001252e-16,-2.220446049250313e-16,2.8233379611298886,37
1789408046.3310559,1789408046.3302374,-23.97500000000001,-23.975,1.5250000000000001,4.440892098500626e-16,-8.881784197001252e-16,-2.220446049250313e-16,2.8233379611298886,37
1789408046.3407855,1789408046.3402429,-23.97500000000001,-23.975,1.5250000000000001,4.440892098500626e-16,-8.881784197001252e-16,-2.220446049250313e-16,2.8233379611298886,37
1789408046.3507636,1789408046.3502407,-23.97500000000001,-23.975,1.5250000000000001,4.440892098500626e-16,-8.881784197001252e-16,-2.220446049250313e-16,2.8233379611298886,37
1789408046.3608289,1789408046.3602488,-23.97500000000001,-23.975,1.5250000000000001,4.440892098500626e-16,-8.881784197001252e-16,-2.220446049250313e-16,2.8233379611298886,37
1789408046.3707962,1789408046.3702388,-23.97500000000001,-23.975,1.5250000000000001,4.440892098500626e-16,-8.881784197001252e-16,-2.220446049250313e-16,2.8233379611298886,37
1789408046.3810923,1789408046.3802476,-23.97500000000001,-23.975,1.5250000000000001,4.440892098500626e-16,-8.881784197001252e-16,-2.220446049250313e-16,2.8233379611298886,37
1789408046.3909044,1789408046.3902423,-23.97500000000001,-23.975,1.5250000000000001,4.440892098500626e-16,-8.881784197001252e-16,-2.220446049250313e-16,2.8233379611298886,37
1789408046.400906,1789408046.4002385,-23.97500000000001,-23.975,1.5250000000000001,4.440892098500626e-16,-8.881784197001252e-16,-2.220446049250313e-16,2.8233379611298886,37
1789408046.41084,1789408046.4101994,-23.97500000000001,-23.975,1.5250000000000001,4.440892098500626e-16,-8.881784197001252e-16,-2.220446049250313e-16,2.8233379611298886,37
1789408046.420719,1789408046.4202428,-23.97500000000001,-23.975,1.5250000000000001,4.440892098500626e-16,-8.881784197001252e-16,-2.220446049250313e-16,2.8233379611298886,37
1789408046.430867,1789408046.4303439,-23.92949971222046,-23.96399307790071,1.534263059284843,0.9948821250431179,0.23375409075890027,0.1952288464421002,2.8593013006890557,37
1789408046.4408467,1789408046.4402437,-23.9187353933726,-23.961475753757142,1.5363628174731307,1.1459710553477949,0.2667854702164132,0.22225549245624854,2.8678855965375494,37
1789408046.4509661,1789408046.4502597,-23.906372595659047,-23.95861153607367,1.5387457566060172,1.306118234190462,0.30118846976427516,0.25025067726912836,2.877773782213938,37
1789408046.460897,1789408046.4602473,-23.892467154635867,-23.95542075392332,1.5413931982819973,1.472815855902803,0.33633905128000535,0.2786831009582258,2.8889311115132412,37
1789408046.4709804,1789408046.4702413,-23.8769340054259,-23.951891417305493,1.5443132553204566,1.6455860800794484,0.37206065307037406,0.30738819610471696,2.901436534768363,37
1789408046.4810033,1789408046.4802473,-23.85961037920334,-23.947994977261818,1.5475274547790523,1.8246976456162265,0.40832595920848014,0.336319574871788,2.915433486174788,37
1789408046.4912374,1789408046.490251,-23.840644236354137,-23.943773294458534,1.5509990904419093,2.007292918263766,0.44448169111073266,0.3649330913562601,2.930815552988581,37
1789408046.5010905,1789408046.5003734,-23.819653455539527,-23.93915083133323,1.5547878209270978,2.195696560049618,0.48090800173798703,0.39350416157051415,2.9479075515654865,37
1789408046.5109084,1789408046.5102472,-23.819653455539527,-23.93915083133323,1.5547878209270978,2.195696560049618,0.48090800173798703,0.39350416157051415,2.9479075515654865,37
1789408046.5208616,1789408046.5202487,-23.77165789141136,-23.928760832908562,1.563258007477437,2.583582332648945,0.5529854699905132,0.44915641446593124,2.9872427783935214,37
1789408046.5309882,1789408046.5302486,-23.744764208856402,-23.923039241044442,1.5678960495965373,2.779857308709723,0.5878914716388587,0.4756096609757684,3.009430793972778,37
1789408046.5407562,1789408046.5402381,-23.715883549821793,-23.91696936611188,1.5727963220015828,2.9768161142421667,0.6218022630328726,0.5009333327476257,3.033370084547658,37
1789408046.55112,1789408046.5502741,-23.685442499063967,-23.910650816453405,1.5778755247583045,3.170946429892587,0.6540787075470071,0.5246349845276712,3.0587237388977297,37
1789408046.5607991,1789408046.5602567,-23.65306669540836,-23.90401581712777,1.5831851910737267,3.364126295404544,0.6850067249552196,0.546911690221656,3.0858200605699566,37
1789408046.57075,1789408046.570239,-23.617896186802838,-23.896903223923204,1.5888497787706362,3.560306094150606,0.71512941444109,0.5681170920788302,3.115403028680141,37
1789408046.5809011,1789408046.5803437,-23.581378225833983,-23.889618735008423,1.594621824183059,3.7506533632433148,0.7430405092709451,0.5872375251961548,3.1462760306702235,37
1789408046.590857,1789408046.59024,-23.543803952737417,-23.88222648934597,1.600448481145466,3.9338603682984448,0.7685984016776728,0.6041933705853042,3.178202369493097,37
1789408046.6009438,1789408046.6002371,-23.543803952737417,-23.88222648934597,1.600448481145466,3.9338603682984448,0.7685984016776728,0.6041933705853042,3.178202369493097,37
1789408046.6107213,1789408046.610242,-23.460342027340815,-23.866162621372553,1.6130012199884163,4.301196240277448,0.815603345033262,0.6334770669629715,3.249670564472074,37
1789408046.6208677,1789408046.6202195,-23.4165588136183,-23.85792371051925,1.6193799602584418,4.4748973568851955,0.8356521531396736,0.6448948289481955,3.287450436914114,37
1789408046.6311336,1789408046.630247,-23.371794934889852,-23.849628726706918,1.6257602518478227,4.640659024899093,0.8533327866504027,0.6541666262626606,3.3262708693392358,37
1789408046.6408827,1789408046.6402507,-23.324358373849353,-23.8409762488919,1.6323696348027354,4.804452945055959,0.8692877739173431,0.6616292766841816,3.367614825076605,37
1789408046.650881,1789408046.6502388,-23.275287126311973,-23.832170759877826,1.639046479728004,4.9621840079352495,0.8830959763165382,0.6670681524784449,3.410596969991653,37
1789408046.6606874,1789408046.6602437,-23.22475808754055,-23.8232539221831,1.6457554570518012,5.113242047650134,0.8947487701614667,0.670509896287417,3.455073187930665,37
1789408046.670943,1789408046.670251,-23.172868530409925,-23.81425166229266,1.6524736608904593,5.257390690875144,0.9042889033460133,0.6720158044076923,3.4974856741003078,17
1789408046.680868,1789408046.6802433,-23.12013079298722,-23.805258943235405,1.6591277435573684,5.393441468116022,0.9117278285656771,0.6716739498343978,3.5002756053120065,17
1789408046.690977,1789408046.6902418,-23.065710087277377,-23.796140942873272,1.665814423556425,5.523680084745567,0.9172672017303174,0.6695651629538384,3.5037318588157595,17
1789408046.7009273,1789408046.7002456,-23.065710087277377,-23.796140942873272,1.665814423556425,5.523680084745567,0.9172672017303174,0.6695651629538384,3.5037318588157595,17
1789408046.7107306,1789408046.7102494,-22.952339191990394,-23.77765729724356,1.6791751096455791,5.765334946403511,0.9227922060978365,0.6603073608025687,3.5128197219914585,17
1789408046.720778,1789408046.7202466,-22.893488093009562,-23.768326626327646,1.6858161782433634,5.876603725456272,0.9229010228300797,0.6533156540138461,3.518544209902758,17
1789408046.7309675,1789408046.7302194,-22.834640585492505,-23.759171834767777,1.6922613760182785,5.979162016782532,0.9213885130530947,0.6450739230212962,3.5249564075846007,17
1789408046.7408383,1789408046.740238,-22.774378803923117,-23.749974821387074,1.6986632966880064,6.075849059080699,0.918338886696388,0.635505585632044,3.532235007338731,17
1789408046.7509673,1789408046.7503207,-22.713124199676805,-23.740806837170588,1.704969625895811,6.166131821748506,0.9138483049522804,0.6247655462283466,3.5403708345157976,17
1789408046.7606936,1789408046.7603257,-22.651261783030776,-23.73172890797221,1.7111372636084252,6.249737104860481,0.9080412371742769,0.6130257871895581,3.54933982354227,17
1789408046.7708392,1789408046.770246,-22.587762571445584,-23.72259631561008,1.71726232245176,6.328228175041813,0.9008915509275858,0.6001782851375315,3.5593297753830186,17
1789408046.7808976,1789408046.7802377,-22.52438972869314,-23.713665817607787,1.7231718990904805,6.399712291401907,0.8926799752083809,0.5866746481834214,3.570087890241964,17
1789408046.7910037,1789408046.7902389,-22.46010227144017,-23.704790886131544,1.728963792512038,6.465755192405751,0.8833630078740408,0.5723930191221905,3.581801385002827,17
1789408046.8010306,1789408046.8002377,-22.46010227144017,-23.704790886131544,1.728963792512038,6.465755192405751,0.8833630078740408,0.5723930191221905,3.581801385002827,17
1789408046.810813,1789408046.8102405,-22.32961296644348,-23.687335952261662,1.7401096178143267,6.581720913003629,0.861779901177344,0.5420002733208081,3.6080336630994503,17
1789408046.8209534,1789408046.8203332,-22.263503443016834,-23.678773464140846,1.7454531917947733,6.632140336922145,0.8496397981147467,0.526059507195725,3.6225669103684726,17
1789408046.8310602,1789408046.830242,-22.197330440195827,-23.6703888583921,1.7506034397142598,6.677562274748847,0.8367618756541575,0.5098365886313968,3.6379414131569807,17
1789408046.8408203,1789408046.840238,-22.129720338857187,-23.662012724046875,1.7556647327003059,6.7191626737793415,0.8229046869701576,0.4930489754249228,3.6544957861692615,17
1789408046.8507953,1789408046.850239,-22.06260613911664,-23.653887255541235,1.7604922227738276,6.756032074911402,0.8084885990531225,0.4762252740131639,3.671764692728321,17
1789408046.8606946,1789408046.860256,-21.995463171469687,-23.64594619907662,1.7651295167605536,6.788861095682575,0.793435439008861,0.45927896379932204,3.660981701523108,182
1789408046.8707905,1789408046.8702543,-21.926925264290237,-23.63803376632409,1.769668494510252,6.818533432215091,0.777436603852753,0.4418969443067377,3.625510191252674,182
1789408046.8809857,1789408046.8802478,-21.8592875236366,-23.630417365554635,1.7739584221911053,6.844335848503695,0.7610290575305043,0.424686827360871,3.5915102939436774,182
1789408046.8909168,1789408046.8902807,-21.79047981191136,-23.62286602665562,1.7781326039424556,6.8673478028191015,0.7437061572799845,0.4071404611898173,3.5579729644582794,182
1789408046.9010012,1789408046.9003203,-21.79047981191136,-23.62286602665562,1.7781326039424556,6.8673478028191015,0.7437061572799845,0.4071404611898173,3.5579729644582794,182
1789408046.9108353,1789408046.9102392,-21.65233944771892,-23.60831236896622,1.785945492902413,6.904864267015839,0.7069619192491625,0.37183586398425705,3.49394924574148,182
1789408046.9207525,1789408046.9202404,-21.583595223202106,-23.601377059466067,1.789555884733248,6.919757282116018,0.687659952278262,0.35423129967227146,3.4637888092176863,182
1789408046.9308934,1789408046.9302406,-21.51389065285533,-23.594558163805072,1.7930308237556918,6.932638385112552,0.667363384064829,0.33634937249044045,3.434399420887691,182
1789408046.9408343,1789408046.9402566,-21.44558297395737,-23.588088707286825,1.7962558640856052,6.943324877682245,0.6467348639755982,0.31878414727221643,3.4067926134474846,182
1789408046.9508176,1789408046.9502652,-21.375865758257635,-23.581708193524634,1.7993644145722787,6.952479386576236,0.6248927697260366,0.3007990737803996,3.3798644472005117,182
1789408046.9608293,1789408046.960222,-21.305639814793423,-23.57551437819937,1.8023092763547575,6.960126529125818,0.6020503104171555,0.28260595106887043,3.354045675867414,182
1789408046.970828,1789408046.9702268,-21.236013095656922,-23.56961127704789,1.8050445029240552,6.966350361930066,0.578532704678164,0.2644715506404991,3.3297722330192427,182
1789408046.980918,1789408046.9802492,-21.166366662505272,-23.563950820496196,1.8075964639247888,6.971410837096503,0.5541054552990087,0.24621394717866396,3.3068428802601484,182
1789408046.990945,1789408046.9902606,-21.09617747086043,-23.55850154501423,1.8099814498225613,6.975508507679419,0.5285386839450332,0.22767141630546578,3.2851331785267206,182
1789408047.0010042,1789408047.0002382,-21.02667850324566,-23.553366925503077,1.8121571515697916,6.978736217566578,0.5022515069759198,0.20914682730406442,3.265050858934787,182
1789408047.0107865,1789408047.0102427,-20.957507067869894,-23.548523386549213,1.8141376630200368,6.981275471532533,0.475098299387616,0.19052427598123572,3.2464900969220762,182
1789408047.0208666,1789408047.020241,-20.887189402101313,-23.54388209488459,1.8159601944473303,6.983304870047657,0.44645608011261606,0.1713809982355288,3.22911093788584,182
1789408047.0310166,1789408047.0302327,-20.81791938120684,-23.539598289799127,1.817565527168048,6.9848809923245705,0.41719411984867416,0.15229260789330815,3.2134875535321226,182
1789408047.0406766,1789408047.0402474,-20.74800575463038,-23.535575113572968,1.8189922761050084,6.986154474426732,0.38658964120661476,0.13277526858801258,3.199253534099842,182
1789408047.0508466,1789408047.0502534,-20.67573834519769,-23.531744914689824,1.8202600942632938,6.987236154715028,0.3538115338707903,0.11231626443829837,3.1861893756962854,182
1789408047.0608184,1789408047.0602448,-20.608432244987643,-23.528488230779548,1.8212490653716609,6.988105929943718,0.3222326951390882,0.09298685781783422,3.1755544875862096,182
1789408047.0708168,1789408047.0702407,-20.53757896162457,-23.5253943878651,1.8220874133412073,6.988943518926655,0.2878949032986541,0.07233960531782155,3.1659801525113482,182
1789408047.0809503,1789408047.0803394,-20.467548947184515,-23.522684420705918,1.822708692362247,6.989742512096321,0.252860266431761,0.05162133931300905,3.158173200940759,182
1789408047.090842,1789408047.0902092,-20.39820592398042,-23.5203524714732,1.8231177452793697,6.990539136452932,0.2171103763906563,0.03079581578214779,3.1520852789229625,182
1789408047.1008573,1789408047.1002324,-20.39820592398042,-23.5203524714732,1.8231177452793697,6.990539136452932,0.2171103763906563,0.03079581578214779,3.1520852789229625,182
1789408047.1108322,1789408047.1103306,-20.257760176244332,-23.51674287421799,1.8233053075161008,6.992224509460008,0.14157194998460781,-0.012335503053078439,3.144832674596341,182
1789408047.1208596,1789408047.1202452,-20.188148806523305,-23.515526499939785,1.8230740393774014,6.993081493092211,0.10264492398441508,-0.034178327823136935,3.1437868012280803,182
1789408047.1309824,1789408047.1302862,-20.118712408998842,-23.51470397174338,1.8226253052895178,6.993913328742761,0.06289151571891846,-0.05626149031971766,3.144441324639516,182
1789408047.1408544,1789408047.1402454,-20.048604333114298,-23.514278441381965,1.8219484224731604,6.994679864946133,0.02187047491871618,-0.07884310068457287,3.1468302719122074,182
1789408047.15085,1789408047.1502419,-19.977250036353578,-23.514271909574333,1.8210257707979478,6.995313693514715,-0.02072713264957355,-0.10210047558247373,3.151049769755812,182
1789408047.1606812,1789408047.1602454,-19.90771676337873,-23.51468738476239,1.8198972722397961,6.995702342040084,-0.06299029994325792,-0.12500711379805513,3.156898938349529,182
1789408047.1706994,1789408047.170231,-19.837867605957864,-23.51553108217724,1.8185333640142156,6.995760217270241,-0.10611668113936672,-0.1482313529451525,3.1645002623559964,182
1789408047.180719,1789408047.1802475,-19.76937931731901,-23.516779354298443,1.816969944601323,6.995374515322329,-0.14897523537360033,-0.17118000987350343,3.173628925254804,182
1789408047.1908004,1789408047.1902583,-19.698496158571043,-23.518515913620078,1.8151143092382473,6.994370049648971,-0.19383734446728823,-0.1950787312555327,3.184816762368127,182
1789408047.201017,1789408047.2002308,-19.698496158571043,-23.518515913620078,1.8151143092382473,6.994370049648971,-0.19383734446728823,-0.1950787312555327,3.184816762368127,182
1789408047.2107415,1789408047.2102427,-19.558357201677868,-23.523298704205054,1.810728794475166,6.9898995328794635,-0.28364111199044983,-0.24260045671439492,3.212101369910344,182
1789408047.2207756,1789408047.2202382,-19.48848312807601,-23.526360288057674,1.8081843345647204,6.986053478078491,-0.3287518401342455,-0.2663358575416235,3.228240659695247,182
1789408047.2308009,1789408047.2302372,-19.418942053735,-23.529857821903885,1.8054147417718154,6.980872881989185,-0.37371594871559816,-0.28991623003759726,3.245954801026809,182
1789408047.2407372,1789408047.240238,-19.34897138073032,-23.53383211035643,1.8023889031608544,6.974059561956217,-0.418904720981089,-0.3135433322872875,3.265420967327508,182
1789408047.2507432,1789408047.2502377,-19.27901001907723,-23.538263043385722,1.799123714774845,6.9653833343127864,-0.46390656149595216,-0.3370074321590458,3.2865089484287267,182
1789408047.260888,1789408047.2601883,-19.210525745903528,-23.54304313877311,1.79569563684189,6.954817774950801,-0.507655195957666,-0.3597594426647404,3.308700777773834,182
1789408047.2708137,1789408047.270245,-19.140456826160086,-23.548386358266008,1.7919515405133732,6.941592769852032,-0.5519700069524432,-0.3827491968933389,3.3329655923568926,182
1789408047.2809155,1789408047.2802513,-19.071642715966984,-23.554077909808196,1.788042428217382,6.925921934581274,-0.5949145981981366,-0.40497430403577217,3.343369622243116,133
1789408047.2908716,1789408047.2902403,-19.002578479676778,-23.56023047016837,1.783889091766939,6.907197350748125,-0.6372989935268248,-0.42685661736612923,3.3060566710677324,133
1789408047.3007646,1789408047.3002374,-18.93307167848116,-23.566864696332804,1.7794767548379675,6.883866392223115,-0.6788084643196877,-0.44878081448360685,3.2690105963658667,133
1789408047.310698,1789408047.3102093,-18.86445892294497,-23.57384067296706,1.7748795073617976,6.8510525065890775,-0.7172988193435708,-0.47201802661160713,3.2329629597474416,133
1789408047.3208237,1789408047.320335,-18.795449237250462,-23.58127049287209,1.769978864232411,6.803247867714686,-0.752336663590353,-0.49836360879630337,3.197260665173135,133
1789408047.3309133,1789408047.3303187,-18.7284950226657,-23.588858863037977,1.7649112694964229,6.73930064271175,-0.7820858641958652,-0.527414057706516,3.1631852871829866,133
1789408047.3409226,1789408047.3402421,-18.661725873733804,-23.59678285881805,1.759495371210733,6.65605699879215,-0.8071919473730245,-0.5598934508238049,3.129789352828815,133
1789408047.3508809,1789408047.35024,-18.59526686606107,-23.60501001723299,1.753686100728212,6.552497117306837,-0.8275033487203932,-0.5953437217750437,3.097159857228973,133
1789408047.3607852,1789408047.3602126,-18.530337447087796,-23.613365541634657,1.7475490857850555,6.4306536794337035,-0.8428669295077887,-0.6322764195020362,3.0658976186306997,133
1789408047.3708751,1789408047.3702388,-18.46613070697585,-23.621931490847544,1.740977002489147,6.28986221453385,-0.8538650906535601,-0.6700289454959019,3.035605257677643,133
1789408047.3811498,1789408047.3802497,-18.404111997304454,-23.63049159441145,1.7341062206276394,6.134859725535088,-0.8607759050407354,-0.7064501082893478,3.006949720420306,133
1789408047.3909934,1789408047.3902497,-18.343497671692624,-23.63913400806366,1.7268561641113704,5.965753487480323,-0.8643096597939177,-0.7406284170921319,2.979528823204603,133
1789408047.4014053,1789408047.4002523,-18.343497671692624,-23.63913400806366,1.7268561641113704,5.965753487480323,-0.8643096597939177,-0.7406284170921319,2.979528823204603,133
1789408047.411083,1789408047.4102256,-18.228358867256105,-23.656342554146615,1.7115328154520548,5.599135955951752,-0.8635494058583288,-0.7958363820727938,2.92905441375827,133
1789408047.4209707,1789408047.4202518,-18.17328901371678,-23.66497096557036,1.7034675996867812,5.404306517067733,-0.8603737704926377,-0.8146235484318474,2.9056556502340474,133
1789408047.4308321,1789408047.4302516,-18.12026605670185,-23.6735486955917,1.6952629291481192,5.205906878689196,-0.8559888167893941,-0.8259355146814036,2.883569829929632,133
1789408047.440736,1789408047.4402378,-18.069521662066936,-23.682029694467182,1.6870331430846162,5.006887136010961,-0.8508047245991037,-0.8289940913801099,2.8628269806626836,133
1789408047.4508533,1789408047.4502442,-18.020430709383422,-23.690513487841454,1.6787601870917208,4.806535166664067,-0.8450306752409878,-0.823265490063823,2.843109869573752,133
1789408047.4608579,1789408047.4602122,-17.97343243937645,-23.698920244144254,1.6706066286471315,4.608063049167743,-0.8388729085038533,-0.8084568233030665,2.8245364498408128,133
1789408047.4708397,1789408047.4702475,-17.92803996323711,-23.70733241524494,1.662581644751843,4.4105241051968305,-0.8323023692110865,-0.7843393985387359,2.806858105371114,133
1789408047.4810452,1789408047.4802551,-17.884771829331132,-23.715646590566568,1.6548717639421626,4.216951167551023,-0.8253085289827621,-0.751439173858797,2.790223654079929,133
1789408047.4909434,1789408047.490241,-17.844020286785195,-23.72376728130566,1.6476384730652918,4.029689000820028,-0.8177839027019937,-0.7109397097038976,2.7747291018921745,133
1789408047.500993,1789408047.5002172,-17.803971155365335,-23.732047577770214,1.640646735440212,3.8403735686611085,-0.8090652615362944,-0.6617260275262393,2.759643870677333,133
1789408047.5108042,1789408047.510243,-17.7670103704973,-23.739975017817695,1.6343854340192232,3.660061161044989,-0.7992977464899715,-0.6078880505681186,2.745828781631818,133
1789408047.5208013,1789408047.5202446,-17.731329293872918,-23.7479078222832,1.6286031058072938,3.4795527756828375,-0.7876058695566894,-0.5483648042321965,2.7325729999087365,133
1789408047.5309489,1789408047.5302172,-17.69745996739272,-23.75570903840318,1.623436885953778,3.300631855844074,-0.7736303272980989,-0.4853590735005615,2.720049901194469,133
1789408047.5411432,1789408047.5402377,-17.66554826310874,-23.763315065063907,1.6189346286190165,3.1232244171108,-0.7569702997606815,-0.42075537974465593,2.70829217193081,133
1789408047.5509965,1789408047.5502152,-17.634966847476065,-23.770848552647433,1.6150250764357248,2.9427219372779114,-0.7367783874641635,-0.35480887446116094,2.697052822040522,133
1789408047.560909,1789408047.5602634,-17.60658363689356,-23.778064000772613,1.6118148454871393,2.7633008553147467,-0.713223647523172,-0.29091021812571644,2.686638551526159,133
1789408047.57094,1789408047.570224,-17.579583171717353,-23.78513530061831,1.609191916678489,2.5789634449632612,-0.6853052123364263,-0.22866211584083762,2.6767408410679616,133
1789408047.5812001,1789408047.5802264,-17.55471203843242,-23.791834064766572,1.6071968857762078,2.394138846670567,-0.6535710858679815,-0.17104867971954874,2.6676266773828012,133
1789408047.5910807,1789408047.590322,-17.531995099366974,-23.798112861878135,1.6057692286281027,2.2093466727842914,-0.6182505330425241,-0.11919078611342433,2.659300330283223,133
1789408047.6010218,1789408047.6002395,-17.531995099366974,-23.798112861878135,1.6057692286281027,2.2093466727842914,-0.6182505330425241,-0.11919078611342433,2.659300330283223,133
1789408047.6106713,1789408047.6102476,-17.491306496068393,-23.809758237792842,1.6042897264244016,1.8260133781903627,-0.5345463615502773,-0.032091994614060294,2.6443690940079816,133
1789408047.6208549,1789408047.6202393,-17.473914627588155,-23.81490015693799,1.6041385031077404,1.6337797293595424,-0.48785793689856544,0.0007964708867732768,2.637973144850966,133
1789408047.6308475,1789408047.6302416,-17.458817570249714,-23.81944828531327,1.6042746297827348,1.447510816242392,-0.4399846298280876,0.02583032677082183,2.6324100097716547,133
1789408047.6407826,1789408047.640237,-17.445254988989362,-23.82360499409385,1.6046322460885845,1.2599928583683049,-0.38941889356401627,0.04437894718076998,2.6274000053836026,133
1789408047.6508582,1789408047.6502373,-17.433449023269844,-23.827281658484253,1.6051466510417556,1.0759333012874739,-0.33768147818694627,0.05625450511842218,2.6230258485102103,133
1789408047.6607385,1789408047.6601977,-17.42368145184582,-23.830368022271486,1.6057343076953536,0.903512464037495,-0.2874820314323546,0.06181981611102192,2.619394390286126,133
1789408047.6707273,1789408047.670236,-17.415385969074514,-23.833024199104027,1.6063662675881742,0.7367506644812136,-0.23744993293396174,0.06216701909006374,2.6162980725475684,133
1789408047.6811574,1789408047.680251,-17.408839512046345,-23.83514594688812,1.6069662800799944,0.5857612888534309,-0.19096506321124773,0.058224560418273924,2.6138438058087994,133
1789408047.6908941,1789408047.690251,-16.976318751142966,-23.916740042006772,1.5693210315924238,1.8842309483652553,-0.48000720675311176,-0.2792498947808744,2.540402206017919,133
1789408047.7009704,1789408047.7002606,-16.958173817490625,-23.921379862931218,1.5666222699522812,1.7065603103779845,-0.43805444244092856,-0.25474706791716356,2.53744283636033,133
1789408047.7107182,1789408047.710257,-16.942215088456063,-23.92549065112983,1.5642320779822005,1.5393266120501061,-0.3979307220608157,-0.2313350006182477,2.5349018127933154,133
1789408047.720846,1789408047.7202373,-16.92758279320296,-23.92928620877109,1.5620259004801653,1.3750223539402477,-0.3579257611320469,-0.20801194078477153,2.5326212717377325,133
1789408047.7310643,1789408047.730261,-16.914405492031587,-23.932727732044867,1.5600261223750285,1.2159928407659124,-0.3186646045401249,-0.18513990392149485,2.530606290467128,133
1789408047.740811,1789408047.7402406,-16.90317798403884,-23.935679075979372,1.558311655642545,1.0701623805963534,-0.28220044112611,-0.16391142031051942,2.5289170217636254,133
1789408047.7507997,1789408047.7502387,-16.89310412506327,-23.938343570923248,1.5567642193753584,0.9290507554162908,-0.24649757744221007,-0.1431383394787921,2.5274215166211955,133
1789408047.7607667,1789408047.7602484,-16.884580063621485,-23.940611606434825,1.555447342936504,0.7998868403808723,-0.2134550974168683,-0.12392319632323831,2.526169726892282,133
1789408047.770822,1789408047.770239,-16.87710095407557,-23.942613028559837,1.5542855211698654,0.6768624482712764,-0.18165651024788027,-0.10544000081234961,2.5250804740476314,133
1789408047.7811139,1789408047.7802584,-16.870935650097397,-23.944272012693602,1.5533226766728623,0.566303640007358,-0.15280133452189382,-0.08867463067652676,2.5241878657462737,133
1789408047.7909966,1789408047.7902439,-16.86580380013764,-23.945660191839607,1.5525171486279046,0.4655982631426807,-0.1262799345149127,-0.07327083442632976,2.5234475732669237,133
1789408047.8011928,1789408047.8002374,-16.86580380013764,-23.945660191839607,1.5525171486279046,0.4655982631426807,-0.1262799345149127,-0.07327083442632976,2.5234475732669237,133
1789408047.810885,1789408047.8102412,-16.85826707741109,-23.947713723443492,1.551325810872403,0.29502381673767,-0.08080440563381142,-0.04687050064431908,2.5223620121869885,133
1789408047.8208358,1789408047.8202386,-16.855661727298223,-23.948428902155026,1.5509109990395857,0.22537588780240414,-0.06201592829099489,-0.035967495982750175,2.521986023331121,133
1789408047.830772,1789408047.8302236,-16.853722274437363,-23.948963705236675,1.5506008461184224,0.16691629402960428,-0.046133407358077694,-0.02675289779567913,2.5217052503117197,133
1789408047.8409543,1789408047.840241,-16.852312299930258,-23.949354193284105,1.5503744126790306,0.11845315165031245,-0.03287882401564457,-0.019064471477541756,2.5215002664419357,133
1789408047.8508272,1789408047.8502693,-16.85132896656272,-23.94962766796328,1.550215848401773,0.07929447551392332,-0.022101115533021076,-0.012813863862190522,2.521356578718388,133
1789408047.8608754,1789408047.8602526,-16.850690118991807,-23.949806060505274,1.5501124236299495,0.04918529338462907,-0.01376415078132176,-0.007979523558967694,2.5212626898730415,133
1789408047.8713331,1789408047.8702652,-16.85030886653626,-23.9499129407916,1.5500504639462638,0.02728843905160172,-0.007666342838313689,-0.004444073100163148,2.521206310283958,133
1789408047.881374,1789408047.8802989,-16.850114884072635,-23.94996752615304,1.5500188225461338,0.01317051758535115,-0.0037136468123279975,-0.002152601715075919,2.5211774407745953,133
1789408047.891331,1789408047.8902557,-16.850028845451078,-23.949991823224156,1.5500047392154448,0.004734855917579495,-0.0013399240503213505,-0.0007766334854375501,2.521164554546524,133
1789408047.9010832,1789408047.9002202,-16.850003439294827,-23.94999902241183,1.550000566581486,0.0009733887212206582,-0.0002764138995781096,-0.0001602036164283227,2.5211607255382904,133
1789408047.9110892,1789408047.9103003,-16.8500000279309,-23.949999992040155,1.5500000046131284,2.667007700374313e-05,-7.5984484353419646e-06,-4.403694770171995e-06,2.5211602084767155,133
1789408047.9212415,1789408047.920342,-16.850000000000005,-23.950000000000003,1.55,-5.329070518200751e-15,-8.881784197001252e-16,4.440892098500626e-16,2.5211602042224994,133
1789408047.9313946,1789408047.930348,-16.850000000000005,-23.950000000000003,1.55,-5.329070518200751e-15,-8.881784197001252e-16,4.440892098500626e-16,2.5211602042224994,133
1789408047.9411328,1789408047.9402425,-16.850000000000005,-23.950000000000003,1.55,-5.329070518200751e-15,-8.881784197001252e-16,4.440892098500626e-16,2.5211602042224994,133
1789408047.9509618,1789408047.950216,-16.850000000000005,-23.950000000000003,1.55,-5.329070518200751e-15,-8.881784197001252e-16,4.440892098500626e-16,2.5211602042224994,133
1789408047.960808,1789408047.9602103,-16.850000000000005,-23.950000000000003,1.55,-5.329070518200751e-15,-8.881784197001252e-16,4.440892098500626e-16,2.5211602042224994,133
1789408047.970772,1789408047.9702258,-16.850000000000005,-23.950000000000003,1.55,-5.329070518200751e-15,-8.881784197001252e-16,4.440892098500626e-16,2.5211602042224994,133
1789408047.9808717,1789408047.9802575,-16.850000000000005,-23.950000000000003,1.55,-5.329070518200751e-15,-8.881784197001252e-16,4.440892098500626e-16,2.5211602042224994,133
1789408047.9908817,1789408047.990211,-16.850000000000005,-23.950000000000003,1.55,-5.329070518200751e-15,-8.881784197001252e-16,4.440892098500626e-16,2.5211602042224994,133
1789408048.000968,1789408048.0002077,-16.850000000000005,-23.950000000000003,1.55,-5.329070518200751e-15,-8.881784197001252e-16,4.440892098500626e-16,2.5211602042224994,133
1789408048.010868,1789408048.0102172,-16.850000000000005,-23.950000000000003,1.55,-5.329070518200751e-15,-8.881784197001252e-16,4.440892098500626e-16,2.5211602042224994,133
1789408048.0209262,1789408048.020256,-16.850000000000005,-23.950000000000003,1.55,-5.329070518200751e-15,-8.881784197001252e-16,4.440892098500626e-16,2.5211602042224994,133
1789408048.030925,1789408048.0302272,-16.850000000000005,-23.950000000000003,1.55,-5.329070518200751e-15,-8.881784197001252e-16,4.440892098500626e-16,2.5211602042224994,133
1789408048.0409021,1789408048.0402374,-16.850000000000005,-23.950000000000003,1.55,-5.329070518200751e-15,-8.881784197001252e-16,4.440892098500626e-16,2.5211602042224994,133
1789408048.0509229,1789408048.0502324,-16.850000000000005,-23.950000000000003,1.55,-5.329070518200751e-15,-8.881784197001252e-16,4.440892098500626e-16,2.5211602042224994,133
1789408048.060629,1789408048.0602283,-16.850000000000005,-23.950000000000003,1.55,-5.329070518200751e-15,-8.881784197001252e-16,4.440892098500626e-16,2.5211602042224994,133
1789408048.0708835,1789408048.070244,-16.845045495797763,-23.970984278906073,1.5767925701864662,0.7589534190442813,0.10324691219596674,0.047219261690423966,2.501009543068803,133
1789408048.0808516,1789408048.0802915,-16.836891218691413,-23.96987226381914,1.5773031905445352,0.89304873216926,0.12206873829043442,0.05626432990658647,2.503204330765466,133
1789408048.0908613,1789408048.09024,-16.827176318089684,-23.968541072996675,1.5779192448302355,1.039529055022388,0.14277576043411075,0.0663260170657873,2.505852336553963,133
1789408048.100916,1789408048.1002555,-16.827176318089684,-23.968541072996675,1.5779192448302355,1.039529055022388,0.14277576043411075,0.0663260170657873,2.505852336553963,133
1789408048.111108,1789408048.1102953,-16.803316545140696,-23.96524783734245,1.5794613738060284,1.3567598062747295,0.1881039787585951,0.08871933671739436,2.512502943014611,133
1789408048.1210704,1789408048.1202612,-16.7887714350604,-23.9632264760026,1.580418405243057,1.5288412105712768,0.2129486493729087,0.10119054934483,2.5166565653701527,133
1789408048.131219,1789408048.1302679,-16.772549418179377,-23.96096170314445,1.5814986168791416,1.7066461347973712,0.23879619648728162,0.11430304938996548,2.5213754972108164,133
1789408048.141282,1789408048.1402776,-16.754608208021953,-23.958445668998205,1.582707329254106,1.889234235570547,0.26551621544574405,0.1279988383387391,2.5266987555958385,133
1789408048.1510994,1789408048.1502476,-16.734888067772633,-23.955668074318947,1.584051078279565,2.0759173124583934,0.2930113119506894,0.1422345627017099,2.5326739784134027,133
1789408048.1607866,1789408048.1602354,-16.713308001424917,-23.95261559228596,1.5855379338328186,2.266216223697778,0.3212116627993169,0.15697948119714375,2.539359348738188,133
1789408048.1707,1789408048.1702292,-16.689401771212253,-23.949220025068566,1.5872030466223392,2.462683570635434,0.35049757831914685,0.172440234208987,2.5469413991571246,133
1789408048.1807315,1789408048.18023,-16.663874145074132,-23.94557960858191,1.5889999320162322,2.6583555717314105,0.3798254983328351,0.18806863484160227,2.5552388380620656,133
1789408048.190946,1789408048.1902368,-16.636660501556033,-23.941683988554967,1.5909348681029032,2.8532043370351436,0.40917534406598044,0.2038488284912835,2.5643095552783617,133
1789408048.2009678,1789408048.200243,-16.636660501556033,-23.941683988554967,1.5909348681029032,2.8532043370351436,0.40917534406598044,0.2038488284912835,2.5643095552783617,133
1789408048.2106855,1789408048.21021,-16.575133076234582,-23.93282836583677,1.5953739327244396,3.250735136787523,0.469436189622287,0.23666460968443298,2.5856563079946295,133
1789408048.220694,1789408048.220239,-16.541603286457907,-23.927978637702967,1.5978258196130826,3.4464699862859236,0.4992539812290093,0.25309721263171864,2.5977684064339277,133
1789408048.231,1789408048.2302535,-16.506414438054342,-23.922873783214293,1.6004206615053318,3.638537913306007,0.5285744337784432,0.2693732109780264,2.6108351712476416,133
1789408048.2407336,1789408048.2402494,-16.469477021679094,-23.91750079832939,1.6031658004374953,3.8271230602724433,0.5573928328231493,0.2854772311633741,2.6249358191891363,133
1789408048.250667,1789408048.250235,-16.43003416415976,-23.911749426939174,1.6061186390562143,4.015390380731828,0.5861568464903375,0.301648699361236,2.6404197322962224,133
1789408048.260653,1789408048.2602587,-16.38899085666729,-23.905751952091897,1.6092120946174304,4.1984467317547365,0.614078469972775,0.3174315390091684,2.656990839775903,133
1789408048.2706506,1789408048.2702372,-16.345887764313396,-23.89944223741601,1.6124807041596418,4.378028813732658,0.6413784694463086,0.3329342656430864,2.6748870982116917,133
1789408048.2807112,1789408048.2802286,-16.3016415461846,-23.89295601394395,1.6158542140550796,4.550210092185787,0.6674150256492429,0.3477744863246751,2.6937725950426357,133
1789408048.2907429,1789408048.2902417,-16.255218605826734,-23.886143724133184,1.6194103531916628,4.718873846005236,0.6927272679945727,0.3622410701258252,2.7141350104108435,133
1789408048.3007667,1789408048.3002286,-16.255218605826734,-23.886143724133184,1.6194103531916628,4.718873846005236,0.6927272679945727,0.3622410701258252,2.7141350104108435,133
1789408048.3106768,1789408048.3101962,-16.157351562275252,-23.871772303387917,1.6269493271897535,5.039029913484568,0.739970894968625,0.3892892526531129,2.758841466940831,133
1789408048.320708,1789408048.3202384,-16.106679056825506,-23.8643328789357,1.6308680606314354,5.1880808255266855,0.7614451626810667,0.40157101671780676,2.782905549518987,133
1789408048.3308594,1789408048.3302422,-16.053233642542647,-23.85649268860653,1.6350073987345475,5.334292144929658,0.7820598878305739,0.41332583239930387,2.8089399902368033,133
1789408048.3407776,1789408048.3403232,-15.999617547637168,-23.84863796616912,1.6391623898998957,5.470539751378424,0.8007585093278117,0.42393287145091085,2.835712676100746,133
1789408048.3507342,1789408048.350208,-15.944019917864063,-23.840508289431593,1.643469395514107,5.601654768001179,0.8181632343191882,0.43372839290134724,2.8641473206322816,133
1789408048.3606298,1789408048.3602564,-15.88758923740271,-23.83227716117402,1.6478351077199134,5.7249511691513675,0.8338663032658833,0.4424658355785067,2.893686809405351,133
1789408048.3708057,1789408048.3702354,-15.82929126264776,-23.82379990146529,1.6523346675015946,5.8427466325433945,0.8481133561835819,0.4502655634955148,2.924899046207754,133
1789408048.3808408,1789408048.380243,-15.770840364718321,-23.81533198103349,1.6568307157043243,5.95178379644,0.860475445002384,0.4568798714699343,2.956879230524632,133
1789408048.3907769,1789408048.3902411,-15.710185776433017,-23.80658339447972,1.6614753200994543,6.056017300644721,0.8713597541303286,0.46251327452900226,2.9907666251048886,133
1789408048.4008749,1789408048.4002347,-15.710185776433017,-23.80658339447972,1.6614753200994543,6.056017300644721,0.8713597541303286,0.46251327452900226,2.9907666251048886,133
1789408048.4107385,1789408048.4102077,-15.587869986936223,-23.789082130251703,1.6707573039479235,6.241123225866518,0.8876287796003944,0.47024381720328523,3.06117509515931,133
1789408048.4208975,1789408048.4202507,-15.524287828213442,-23.780070710762608,1.67552755305927,6.325295843205373,0.8932513040497428,0.4724375797486017,3.0988152645274774,133
1789408048.4310055,1789408048.4302142,-15.46103516745069,-23.77117232850306,1.680229137407398,6.4015882373167905,0.8970239261577087,0.4734419044848521,3.096492530310522,169
1789408048.4410155,1789408048.4402716,-15.396783428328998,-23.762207329214466,1.6849549031921174,6.472000712807807,0.8990710116468486,0.4733048820026041,3.075970404600648,169
1789408048.4508975,1789408048.4502373,-15.331304310191316,-23.753154226535337,1.6897136675526616,6.5369116670661915,0.8993793767343993,0.4720124054048844,3.0560615707634806,169
1789408048.460787,1789408048.4602563,-15.265483218635836,-23.744145143758132,1.694433606687794,6.5956748174046185,0.8979521825567355,0.46958825116402014,3.0370817356776363,169
1789408048.4707005,1789408048.4702346,-15.199217246183448,-23.73517451341275,1.6991155331906849,6.648722963024869,0.8948258492258266,0.4660571304730932,3.0190294667937776,169
1789408048.480896,1789408048.48024,-15.13337825300243,-23.726367264325507,1.7036925358614285,6.695783422250062,0.8901076477524928,0.46151346829832746,3.002151515686485,169
1789408048.4908886,1789408048.490244,-15.065382199141787,-23.71738921051971,1.7083358156224793,6.738905328122542,0.883616459181357,0.4557889922363913,2.9858359811838975,169
1789408048.5009227,1789408048.500239,-15.065382199141787,-23.71738921051971,1.7083358156224793,6.738905328122542,0.883616459181357,0.4557889922363913,2.9858359811838975,169
1789408048.5107942,1789408048.510236,-14.930401731853221,-23.699950681172027,1.7172799710800228,6.809623732922271,0.8661238501423664,0.44152667830279185,2.9568348270697458,169
1789408048.520782,1789408048.5202377,-14.861648447402908,-23.69127984570027,1.7216853361492808,6.838821026493917,0.8549914232544236,0.43288851855973215,2.94380697708333,169
1789408048.5309906,1789408048.53024,-14.79350026214849,-23.6828364538256,1.7259449263765694,6.8637115856267785,0.8425626034623843,0.4234841736918399,2.932061832644266,169
1789408048.5407767,1789408048.5402386,-14.725326269765464,-23.674548064612242,1.7300946419827918,6.884930485806645,0.8288027613692714,0.4132920855062441,2.9214791501573165,169
1789408048.5507524,1789408048.5502396,-14.655230337538939,-23.666199011258755,1.7342401488591217,6.903264776232092,0.8133360264617521,0.40205233470555873,2.911817358189574,169
1789408048.560732,1789408048.5602088,-14.58773364871023,-23.658332951272524,1.738111312593127,6.917909216808541,0.7972386895181383,0.39055546100676003,2.9036830933561046,169
1789408048.5708945,1789408048.5702415,-14.517934244829812,-23.650385364699115,1.7419856401454714,6.930274667124322,0.7794098797102632,0.3780272041553822,2.8964776217248387,169
1789408048.580863,1789408048.5802164,-14.44801307739283,-23.64262238043066,1.7457310509245876,6.940149505853225,0.7604038142371692,0.3648817832021678,2.890487787303472,169
1789408048.5910137,1789408048.5902405,-14.37949946115674,-23.635216109144576,1.749265434298264,6.947686538906336,0.7407227746715274,0.35147648750002247,2.885808187080895,169
1789408048.6009076,1789408048.6002414,-14.37949946115674,-23.635216109144576,1.749265434298264,6.947686538906336,0.7407227746715274,0.35147648750002247,2.885808187080895,169
1789408048.6108325,1789408048.610237,-14.239652796952372,-23.620746126532083,1.7560482461025524,6.957663642797612,0.6975131025249395,0.3227121308532599,2.879893516775946,169
1789408048.620912,1789408048.6202447,-14.170114282819258,-23.613890008545056,1.7591987369715618,6.960469096174049,0.6746062238224692,0.30780648878430444,2.878757904083395,169
1789408048.630986,1789408048.6302285,-14.100442175868105,-23.607256887370518,1.7622031979327566,6.962185036985153,0.6507674413348705,0.2925312984919938,2.8788126956963973,169
1789408048.640787,1789408048.640242,-14.03146293721793,-23.60093011283141,1.7650251576864768,6.9630361822445455,0.626328408157134,0.277112121271281,2.8800340388075267,169
1789408048.6508021,1789408048.6502454,-13.961223464088008,-23.594741151886954,1.7677401415881906,6.963257542977508,0.6006217193973282,0.26114616388220774,2.882460697905785,169
1789408048.6607642,1789408048.6602616,-13.892189413444335,-23.58891496428502,1.7702504440690214,6.963040641789197,0.5745787815972997,0.24522626337675477,2.885997695836632,169
1789408048.6707373,1789408048.6702392,-13.82151548788075,-23.583221456589957,1.7726559481711057,6.962560978274148,0.5471453366753625,0.22872353041384785,2.890789080766909,169
1789408048.680803,1789408048.680211,-13.751519268270778,-23.577860383580038,1.7748725278707929,6.961997402412215,0.5192270812496159,0.21219967828949338,2.8966879951967055,169
1789408048.6909513,1789408048.6902442,-13.683251349135796,-23.572905143039907,1.7768737404495725,6.961504466955395,0.49129785142523663,0.19593104309412665,2.903533035043604,169
1789408048.7009192,1789408048.7002385,-13.683251349135796,-23.572905143039907,1.7768737404495725,6.961504466955395,0.49129785142523663,0.19593104309412665,2.903533035043604,169
1789408048.710725,1789408048.7102435,-13.544084968486308,-23.563668706306892,1.7804559719883655,6.9611454770724075,0.43226801578878815,0.16235462623228158,2.8925372168501595,36
1789408048.720802,1789408048.7202458,-13.47355442614842,-23.55944536068979,1.7820138391651323,6.961482227173341,0.4012917036419919,0.14514325428688143,2.8521707635765425,36
1789408048.730877,1789408048.730237,-13.40468984293647,-23.55562829564647,1.7833659399007602,6.962233240377785,0.37036247678670525,0.12821566166850903,2.813988119813595,36
1789408048.7408016,1789408048.7402365,-13.335000445497244,-23.55208091225229,1.7845629789352053,6.96345419169903,0.33837265057364907,0.11095932189982631,2.7766339612558752,36
1789408048.7508276,1789408048.75024,-13.264542517293231,-23.54882416408552,1.785596743656123,6.965173462913447,0.30532008728629995,0.0933773617156519,2.7402328993238823,36
1789408048.7607276,1789408048.7602472,-13.194538186732228,-23.545923951877306,1.7864467331294753,6.967354311115471,0.27176717282294793,0.07576388640277981,2.705476255243573,36
1789408048.7708244,1789408048.7702382,-13.12589893587357,-23.543411979954147,1.7871073220430211,6.9699175687975385,0.23817114858089838,0.05834134770029928,2.672811370513804,36
1789408048.7808895,1789408048.7802458,-13.055706429499393,-23.541189884068167,1.7876043414584222,6.972917702738188,0.20309280105155014,0.04035318482279335,2.6409059787405775,36
1789408048.7908924,1789408048.7902112,-12.985690012297416,-23.539329755402992,1.7879185983092654,6.976212479111184,0.16736732298792134,0.022220422891015643,2.6106414978862813,36
1789408048.8009577,1789408048.8002412,-12.985690012297416,-23.539329755402992,1.7879185983092654,6.976212479111184,0.16736732298792134,0.022220422891015643,2.6106414978862813,36
1789408048.8107045,1789408048.8102062,-12.846613788082502,-23.53671874831211,1.787997739290772,6.9832274608246365,0.094202931983154,-0.014431835338191899,2.5553509558410705,36
1789408048.8209407,1789408048.820241,-12.777302034568466,-23.53596971914729,1.787762374256881,6.986694393971209,0.0566407009314258,-0.0330494030616169,2.530290448437724,36
1789408048.8308313,1789408048.8302445,-12.707350238870978,-23.535595555491955,1.7873364512669065,6.989962528381691,0.01799282411557602,-0.05209829142923675,2.5067458876530218,36
1789408048.8407907,1789408048.8402424,-12.637764439834795,-23.535610810593703,1.7867224942286892,6.992801420213904,-0.02118090758398498,-0.07132039325216664,2.4851129579363054,36
1789408048.850806,1789408048.8502433,-12.567786345556081,-23.53602280287248,1.7859110129359859,6.995039504898845,-0.06129288618619336,-0.09093662409205878,2.465202456454196,36
1789408048.8607795,1789408048.8602407,-12.496717285860603,-23.536855403455206,1.78488475019372,6.996452305998905,-0.10274337489459774,-0.11115951459530896,2.4469194328538064,36
1789408048.8708532,1789408048.8703208,-12.42713565513784,-23.53808175067634,1.783679595141635,6.996756912478736,-0.1439915580679929,-0.1312555181526368,2.4309523894751734,36
1789408048.8811018,1789408048.8803313,-12.35745279435722,-23.539724123716788,1.782270775427944,6.995396968964048,-0.1858653266417259,-0.1517272058141385,2.416917269238885,36
1789408048.8909721,1789408048.8902206,-12.287398819264505,-23.541796734624445,1.7806434753717493,6.987327294678503,-0.22773197146347623,-0.1733847360390465,2.404812029134503,36
1789408048.9011223,1789408048.9002419,-12.287398819264505,-23.541796734624445,1.7806434753717493,6.987327294678503,-0.22773197146347623,-0.1733847360390465,2.404812029134503,36
1789408048.9109094,1789408048.9102218,-12.148305048254779,-23.54714452283668,1.7767029021289678,6.926265858630773,-0.3061740603850916,-0.22263790866397015,2.3868117323879674,36
1789408048.9209182,1789408048.920253,-12.078715538228272,-23.55041566504612,1.7743158711518565,6.864902230677583,-0.34174617912822586,-0.25090203136156713,2.380838479684591,36
1789408048.9310455,1789408048.930244,-12.010217217941493,-23.554009484108605,1.7716486385729993,6.781169889476581,-0.37383503100714993,-0.2808649863481607,2.3769392060507464,36
1789408048.9409585,1789408048.9403772,-11.942955227083667,-23.557890931399506,1.7686872819340886,6.675250757844114,-0.40231292516703593,-0.3118750492706802,2.375022595928752,36
1789408048.9508224,1789408048.9502375,-11.877317767492002,-23.562009548049904,1.7654376058238934,6.548828924919676,-0.42710843497424233,-0.34298516763650005,2.3749782019858645,36
1789408048.960724,1789408048.9602067,-11.811976460447607,-23.566431304078094,1.7618199320825698,6.400512987339672,-0.4488339100942417,-0.3739360037100546,2.376723973925806,36
1789408048.9708126,1789408048.9702427,-11.749147818044507,-23.570985880740192,1.7579578443502584,6.237396515842823,-0.46697994826778416,-0.4026992015862633,2.3800853875703347,36
1789408048.9809713,1789408048.9802403,-11.687521049582836,-23.575744852914333,1.7537881217480922,6.0589154142478385,-0.4822503580300731,-0.4288533976660241,2.3849841606781377,36
1789408048.9908934,1789408048.990247,-11.62876163097436,-23.580556811195727,1.7494536279693211,5.873045501124775,-0.49459418967123714,-0.4507177279555066,2.391131766840771,36
1789408049.0010371,1789408049.0002317,-11.62876163097436,-23.580556811195727,1.7494536279693211,5.873045501124775,-0.49459418967123714,-0.4507177279555066,2.391131766840771,36
1789408049.0108626,1789408049.0102358,-11.5141916834388,-23.590742743276664,1.740021820087639,5.473590945853826,-0.5130336732598542,-0.47959390831396637,2.4072660343372414,36
1789408049.0208402,1789408049.0202308,-11.461148929257075,-23.59583832690489,1.7352604470060964,5.276139302933768,-0.5193805044018435,-0.4841909914330167,2.416595173878344,36
1789408049.0311508,1789408049.0302289,-11.408711684039764,-23.60112736581847,1.730362234357497,5.0763178290244815,-0.524533833574544,-0.48146972672319666,2.4269770440297935,36
1789408049.0407994,1789408049.04023,-11.35998030945601,-23.606278097103008,1.7256966642577145,4.888928335589147,-0.5284955449296624,-0.4712257565281851,2.437660216230031,36
1789408049.0508318,1789408049.0502276,-11.311299683679842,-23.611661036140436,1.7210011142649644,4.702691939044128,-0.5318250973094434,-0.45238511572855683,2.4493290822059484,36
1789408049.0608103,1789408049.0602458,-11.264657731115646,-23.617051134377448,1.7165585048616125,4.527699713118596,-0.5345737251540892,-0.4252306642719146,2.4614440653863885,36
1789408049.0708802,1789408049.0702443,-11.220584994975045,-23.62236117287165,1.712509122402802,4.367751716098027,-0.5368859166152278,-0.3905926139291764,2.473730963627708,36
1789408049.0807557,1789408049.08023,-11.178278710216148,-23.627661746811253,1.7088611234368771,4.221121057751966,-0.5389140227800134,-0.34861299781048993,2.486289274520557,36
1789408049.090979,1789408049.0902488,-11.136394901377976,-23.633108179325472,1.7055915756646411,4.084251455149921,-0.540759225804353,-0.29838202879028597,2.4994536098964093,36
1789408049.101043,1789408049.100228,-11.136394901377976,-23.633108179325472,1.7055915756646411,4.084251455149921,-0.540759225804353,-0.29838202879028597,2.4994536098964093,36
1789408049.110638,1789408049.110195,-11.057442898391539,-23.643908288821738,1.7007834045680315,3.852561308276436,-0.5436097848133934,-0.18080184202062144,2.526213691371618,36
1789408049.1206138,1789408049.1202252,-11.018702545954087,-23.6494531147348,1.699281635899075,3.7519852626885672,-0.5444599017782106,-0.11324971503156211,2.540250190057315,36
1789408049.1307964,1789408049.1302254,-10.982062249107809,-23.654835743159165,1.6984997883770634,3.6641430387234495,-0.5446753898719643,-0.04455378146129174,2.5453664614988862,16
1789408049.1407506,1789408049.1402397,-10.945787680596307,-23.660286986588016,1.6984103736577063,3.5829145581072153,-0.5440655870445331,0.026885039235674313,2.524937195299202,16
1789408049.1507976,1789408049.1502287,-10.910162954212169,-23.66574761473873,1.6990433270760794,3.506924764920056,-0.5423646057977707,0.09901441745541062,2.50524973947058,16
1789408049.1607552,1789408049.1602006,-10.875694901834251,-23.671120106486956,1.7003767643084955,3.434795059525017,-0.5393452984123177,0.16922455665975233,2.4865544889816014,16
1789408049.1708689,1789408049.1702287,-10.841478371133922,-23.676528183080368,1.702428689606095,3.3620010396394746,-0.5346481382442037,0.23782485375561546,2.4683368475877043,16
1789408049.1809502,1789408049.1802263,-10.808549120538922,-23.681792025397108,1.705102022120922,3.288117986031586,-0.5281584987623116,0.30133892364533943,2.451123194672229,16
1789408049.1909866,1789408049.190232,-10.776139663712408,-23.68701921180981,1.7084055217220249,3.2088897138078325,-0.5195065491683354,0.360010656546411,2.4344840741871754,16
1789408049.2010715,1789408049.2002404,-10.776139663712408,-23.68701921180981,1.7084055217220249,3.2088897138078325,-0.5195065491683354,0.360010656546411,2.4344840741871754,16
1789408049.2107363,1789408049.2102191,-10.713559262874886,-23.697207782447304,1.7166501643096732,3.0260621217940296,-0.49492000774222644,0.4571060965958511,2.403197321373994,16
1789408049.2208292,1789408049.220261,-10.684088465356004,-23.702034920945817,1.7213640012012392,2.920550879813249,-0.47897750831056296,0.49290152842504437,2.388844964784883,16
1789408049.2310088,1789408049.2302413,-10.65513583143854,-23.70678736520848,1.7264970072776904,2.8007379582087486,-0.4600465351569477,0.5201978450074375,2.3749813932792327,16
1789408049.2407577,1789408049.2402427,-10.627865575501259,-23.7112682471682,1.731775379495878,2.6701277191527217,-0.4388202287737358,0.5375404690699742,2.3621370713219103,16
1789408049.250808,1789408049.2502353,-10.601568564409375,-23.71558959458237,1.7372631336761282,2.5245548398933213,-0.41476160193456124,0.5452994482210299,2.34994701795703,16
1789408049.2607217,1789408049.260209,-10.577412843940309,-23.71955642113457,1.7426410098544278,2.3705063545859297,-0.38906884746472575,0.5434010613620416,2.3389187286139186,16
1789408049.270764,1789408049.270238,-10.554281950911864,-23.723350102899172,1.7480883679561894,2.201073464891085,-0.3606965161308236,0.5321088364230036,2.328509892375792,16
1789408049.2808566,1789408049.2802463,-10.533098389364202,-23.726818239846455,1.7533303199613515,2.0231568279273735,-0.3308849543167025,0.5121778169035389,2.319107175613923,16
1789408049.2908454,1789408049.2902422,-10.514070013842884,-23.729926908066165,1.7582453232444568,1.8406753486416285,-0.300357895029281,0.48493975629757635,2.3107666065408536,16
1789408049.3010316,1789408049.3002055,-10.514070013842884,-23.729926908066165,1.7582453232444568,1.8406753486416285,-0.300357895029281,0.48493975629757635,2.3107666065408536,16
1789408049.3108056,1789408049.3102448,-10.480895540296906,-23.735326756284834,1.7672895999524465,1.4538887976570285,-0.2359817259153143,0.40997781789300025,2.2964629189581847,16
1789408049.3209963,1789408049.3203156,-10.467097586732237,-23.737563141141905,1.7712365740963325,1.2573323667524976,-0.20348283132113043,0.364879274207222,2.2906017073624723,16
1789408049.3312073,1789408049.330249,-10.45580532375447,-23.739388109670596,1.7745536245212217,1.0738151809073333,-0.17328592410753607,0.31932919822210726,2.285842732602994,16
1789408049.3409505,1789408049.34024,-10.44591593821856,-23.740981667150752,1.7775278396477214,0.8901260616643653,-0.14320918301424357,0.2708060897519425,2.2817024550643383,16
1789408049.3510084,1789408049.3502402,-10.437873515188477,-23.742273698373936,1.7799992069926154,0.7182633321383625,-0.11520965186560317,0.22300888387256962,2.2783538453719334,16
1789408049.360834,1789408049.360214,-10.431538099973263,-23.743288442429325,1.7819837850443339,0.5616982414627063,-0.0898272991650442,0.17759354454319487,2.275727164797361,16
1789408049.3710055,1789408049.3702447,-10.426567975760426,-23.744082116588107,1.7835680678549628,0.41824742034117524,-0.06668300521350046,0.13448181867733433,2.2736730295922167,16
1789408049.3812094,1789408049.3803248,-10.423036839668319,-23.744644321402344,1.784711578077454,0.2977293384567745,-0.04732939873363046,0.0971614486456861,2.2722167615616264,16
1789408049.3911393,1789408049.390355,-10.420585203594039,-23.745033524600224,1.7855168155701775,0.19730470253392784,-0.03127422470577207,0.06526834914638502,2.271206962885971,16
1789408049.4009886,1789408049.4002073,-10.419025398957103,-23.745280441473334,1.7860357820323998,0.11873755369211292,-0.01876724364327942,0.039766998064906245,2.270564855333527,16
1789408049.410825,1789408049.4102166,-10.418141744158747,-23.745419934832814,1.7863332505962148,0.06208920447711641,-0.00978636520631726,0.02103007592622408,2.270201091969254,16
1789408049.4208357,1789408049.420249,-10.417715609762165,-23.74548702181141,1.786478243582142,0.025340101757334033,-0.0039830635811405335,0.008673075051583101,2.2700256020167546,16
1789408049.4310398,1789408049.4302282,-10.41756942751205,-23.745509975431116,1.7865284657162583,0.006729061609149767,-0.001054935081678865,0.002324765822283137,2.2699653637615134,16
1789408049.441076,1789408049.4402225,-10.417541493731461,-23.745514351107172,1.7865381433938547,0.00048517184325369556,-7.586787489155533e-05,0.00016906634290592137,2.26995384483369,16
1789408049.4511604,1789408049.4502394,-10.417540661364496,-23.745514481221985,1.7865384337737558,-1.0658141036401503e-14,1.3322676295501878e-15,-4.440892098500626e-15,2.2699535013704764,16
1789408049.4612317,1789408049.4602027,-10.417540661364496,-23.745514481221985,1.7865384337737558,-1.0658141036401503e-14,1.3322676295501878e-15,-4.440892098500626e-15,2.2699535013704764,16
1789408049.471037,1789408049.4702525,-10.417540661364496,-23.745514481221985,1.7865384337737558,-1.0658141036401503e-14,1.3322676295501878e-15,-4.440892098500626e-15,2.2699535013704764,16
1789408049.4811642,1789408049.4802444,-10.417540661364496,-23.745514481221985,1.7865384337737558,-1.0658141036401503e-14,1.3322676295501878e-15,-4.440892098500626e-15,2.2699535013704764,16
1789408049.4910746,1789408049.4902406,-10.417540661364496,-23.745514481221985,1.7865384337737558,-1.0658141036401503e-14,1.3322676295501878e-15,-4.440892098500626e-15,2.2699535013704764,16
1789408049.5011644,1789408049.5002313,-10.417540661364496,-23.745514481221985,1.7865384337737558,-1.0658141036401503e-14,1.3322676295501878e-15,-4.440892098500626e-15,2.2699535013704764,16
1789408049.5110538,1789408049.5102108,-10.417540661364496,-23.745514481221985,1.7865384337737558,-1.0658141036401503e-14,1.3322676295501878e-15,-4.440892098500626e-15,2.2699535013704764,16
1789408049.520826,1789408049.5202355,-10.417540661364496,-23.745514481221985,1.7865384337737558,-1.0658141036401503e-14,1.3322676295501878e-15,-4.440892098500626e-15,2.2699535013704764,16
1789408049.5313375,1789408049.5302525,-10.417540661364496,-23.745514481221985,1.7865384337737558,-1.0658141036401503e-14,1.3322676295501878e-15,-4.440892098500626e-15,2.2699535013704764,16
1789408049.5410256,1789408049.5402274,-10.417540661364496,-23.745514481221985,1.7865384337737558,-1.0658141036401503e-14,1.3322676295501878e-15,-4.440892098500626e-15,2.2699535013704764,16
1789408049.5510464,1789408049.5502353,-10.417540661364496,-23.745514481221985,1.7865384337737558,-1.0658141036401503e-14,1.3322676295501878e-15,-4.440892098500626e-15,2.2699535013704764,16
1789408049.5609705,1789408049.5602398,-10.417540661364496,-23.745514481221985,1.7865384337737558,-1.0658141036401503e-14,1.3322676295501878e-15,-4.440892098500626e-15,2.2699535013704764,16
1789408049.5709672,1789408049.5701976,-10.417540661364496,-23.745514481221985,1.7865384337737558,-1.0658141036401503e-14,1.3322676295501878e-15,-4.440892098500626e-15,2.2699535013704764,16
1789408049.5807211,1789408049.580238,-10.417540661364496,-23.745514481221985,1.7865384337737558,-1.0658141036401503e-14,1.3322676295501878e-15,-4.440892098500626e-15,2.2699535013704764,16
1789408049.5910835,1789408049.590228,-10.417540661364496,-23.745514481221985,1.7865384337737558,-1.0658141036401503e-14,1.3322676295501878e-15,-4.440892098500626e-15,2.2699535013704764,16
1789408049.6011722,1789408049.6002364,-10.417540661364496,-23.745514481221985,1.7865384337737558,-1.0658141036401503e-14,1.3322676295501878e-15,-4.440892098500626e-15,2.2699535013704764,16
1789408049.6108413,1789408049.6101997,-10.417540661364496,-23.745514481221985,1.7865384337737558,-1.0658141036401503e-14,1.3322676295501878e-15,-4.440892098500626e-15,2.2699535013704764,16
1789408049.6209135,1789408049.620229,-10.417540661364496,-23.745514481221985,1.7865384337737558,-1.0658141036401503e-14,1.3322676295501878e-15,-4.440892098500626e-15,2.2699535013704764,16
1789408049.631078,1789408049.6302335,-10.417540661364496,-23.745514481221985,1.7865384337737558,-1.0658141036401503e-14,1.3322676295501878e-15,-4.440892098500626e-15,2.2699535013704764,16
1789408049.6410189,1789408049.6402266,-10.370016536593386,-23.715548627481038,1.7777699247145584,1.1811235724071132,0.20024650711284786,0.060465845401637325,2.219062049794572,16
1789408049.6508493,1789408049.650265,-10.357143293911756,-23.71337102406922,1.7784307655755744,1.3540428141947536,0.22854751008698906,0.06969458914840475,2.210333175979153,16
1789408049.6607695,1789408049.660211,-10.342676323378413,-23.710934761187357,1.7791775162722012,1.5324166456314645,0.257486516825939,0.0793183050950484,2.200573821372313,16
1789408049.6709564,1789408049.6702476,-10.326548342882342,-23.708231194308322,1.7800147570122342,1.715510011231571,0.2869165781078389,0.08931153242196271,2.189756134784911,16
1789408049.6808279,1789408049.680233,-10.308239077679605,-23.705176554168155,1.7809709359970303,1.9071530172549789,0.3174138291073113,0.0999031469480967,2.177554639517103,16
1789408049.690889,1789408049.6902275,-10.288458776790982,-23.701892652717067,1.7820103938525786,2.0983526611173806,0.34751526184568826,0.11061335321936124,2.1644676700510077,16
1789408049.7011354,1789408049.7002492,-10.288458776790982,-23.701892652717067,1.7820103938525786,2.0983526611173806,0.34751526184568826,0.11061335321936124,2.1644676700510077,16
1789408049.711002,1789408049.7102451,-10.24282274685806,-23.69437479791303,1.7844326530976853,2.4905444625651434,0.4081743213129119,0.133076062654902,2.1346526241191217,16
1789408049.720993,1789408049.7202325,-10.216452526852525,-23.690065222952768,1.7858469188272534,2.692409222264651,0.4387809251127891,0.14492690551231108,2.1176679330563983,16
1789408049.7311432,1789408049.7302525,-10.188858601046883,-23.685581026385343,1.7873378316709654,2.8879157507718918,0.46798743031074824,0.15661594944263046,2.1000890551086924,16
1789408049.740829,1789408049.740263,-10.158790443683396,-23.68072302806708,1.7889749704494595,3.0851769882114057,0.4969862305290819,0.1686431949027331,2.0811631597528866,16
1789408049.7509222,1789408049.7502239,-10.126652668066686,-23.675562022786913,1.7907389993320677,3.2802136090524803,0.5251532974701048,0.1807912505158145,2.061203319919834,16
1789408049.7609434,1789408049.7602363,-10.0935042269152,-23.670271537809867,1.7925736689323315,3.4664132277630273,0.5515314575820365,0.1926553034682544,2.0409121434165467,16
1789408049.770792,1789408049.7702343,-10.05802931283396,-23.664645573999508,1.7945539899317977,3.6508441022954905,0.5771151473744223,0.2046955281741365,2.019537023928029,16
1789408049.7808714,1789408049.7802312,-10.020739741179433,-23.658770707930838,1.7966543045740724,3.8300506111583914,0.6013994769461914,0.21670636541926033,1.9974559309075695,16
1789408049.7908514,1789408049.7902563,-9.981234417373642,-23.652589215808216,1.7989002352278165,4.005321122212434,0.6245389617049535,0.22879186186700462,1.9745061475284011,16
1789408049.8009634,1789408049.8002367,-9.939620539492761,-23.646124054866625,1.8012891601785126,4.1754552400415434,0.6463504295149654,0.24088998992711802,1.9508371005633036,16
1789408049.8106017,1789408049.8101928,-9.939620539492761,-23.646124054866625,1.8012891601785126,4.1754552400415434,0.6463504295149654,0.24088998992711802,1.9508371005633036,16
1789408049.8207018,1789408049.8202233,-9.853122995895609,-23.632833981081905,1.806330684115402,4.487935793599185,0.6844448713531328,0.26424705375453234,1.9033583096346083,16
1789408049.8307962,1789408049.8302298,-9.808248383980079,-23.626016411774298,1.8089867543411078,4.6310036131669055,0.7008767481418618,0.27553721997668873,1.8796744288222695,16
1789408049.840683,1789408049.8402386,-9.761223023227572,-23.618927755350953,1.8117999885156326,4.768738301450407,0.7159790787462893,0.2868377085599798,1.8555761433951894,16
1789408049.8506718,1789408049.8502376,-9.712388230692586,-23.611625945320885,1.8147539521619893,4.899833777083559,0.7296017235478123,0.2980504796279273,1.8313537478648485,16
1789408049.8606908,1789408049.8602467,-9.662685208172913,-23.604256012354266,1.8177945540116747,5.02197012266142,0.7415311680096837,0.308964114378797,1.8075654760676525,16
1789408049.8707721,1789408049.8702285,-9.611752295662368,-23.596767645774392,1.8209462260252018,5.136453937055301,0.7519397017028793,0.31967014093433177,1.7841201199778751,16
1789408049.8808339,1789408049.8802364,-9.559995965721685,-23.58922389920082,1.82418609040744,5.2427947871037315,0.7608302240103322,0.3300935082770676,1.7612897330863706,16
1789408049.890816,1789408049.8902388,-9.507567091467426,-23.581649038662512,1.8275063574344719,5.341255839101107,0.7682872400342473,0.3402189521432017,1.7392135560235584,16
1789408049.900963,1789408049.900226,-9.507567091467426,-23.581649038662512,1.8275063574344719,5.341255839101107,0.7682872400342473,0.3402189521432017,1.7392135560235584,16
1789408049.9108546,1789408049.9102256,-9.398447974363453,-23.566097141344915,1.8345400285684763,5.520235416727723,0.7795205547854264,0.360018650633767,1.6967867330936761,16
1789408049.9208138,1789408049.9202247,-9.343167251266596,-23.558327283624553,1.8381664152632429,5.599359505498512,0.7833265556242885,0.36944314116260807,1.6771735392164862,16
1789408049.9307597,1789408049.9302273,-9.286522669927818,-23.550440888133835,1.841925657390314,5.673531124859636,0.7861120817532975,0.3787039232046536,1.6584338410885826,16
1789408049.9406686,1789408049.940233,-9.22971459134024,-23.542607568751986,1.8457391468495987,5.7416907552030185,0.7879067990886001,0.38760269875391845,1.6410536940537137,16
1789408049.9507294,1789408049.9502256,-9.171480164132106,-23.534655866418735,1.8496925162642346,5.8058522693409085,0.7888331405589769,0.39633050239139866,1.6247406878050825,16
1789408049.9606912,1789408049.9602256,-9.113415832043975,-23.526805844721405,1.8536775690928826,5.8647750611459575,0.7889468173140896,0.40464018001852053,1.6100235115877448,16
1789408049.9707031,1789408049.970225,-9.053757374676154,-23.5188215102011,1.857815376231465,5.920736148227274,0.7883221788986514,0.412769972022188,1.596544586486908,16
1789408049.9807682,1789408049.9802318,-8.995144195082375,-23.511056963283497,1.8619215661402078,5.971799187902881,0.7870613638175127,0.42035042980925086,1.5849519729460313,16
1789408049.9908412,1789408049.9902363,-8.934930210954631,-23.503162703884392,1.8661797694296658,6.020779766362418,0.7851716316622567,0.42770928322108437,1.5747731829447889,16
1789408050.0008647,1789408050.0002227,-8.934930210954631,-23.503162703884392,1.8661797694296658,6.020779766362418,0.7851716316622567,0.42770928322108437,1.5747731829447889,16
1789408050.0107203,1789408050.0102234,-8.81428853807859,-23.48759781348001,1.874821530234376,6.110325445128148,0.7797999246030477,0.4410904175801292,1.5597498493745412,16
1789408050.0208306,1789408050.0202296,-8.751785624725477,-23.479666788470688,1.8793495188923204,6.153132370152676,0.7762693298149229,0.4472688471551702,1.5548234123586189,16
1789408050.0309002,1789408050.030228,-8.69084409198611,-23.47202235661253,1.8837924819200171,6.19302515738637,0.7723682548161414,0.45276590183893284,1.5519162186158935,16
1789408050.0409398,1789408050.040269,-8.628733670444971,-23.464322459694355,1.8883445980441076,6.232134482052735,0.7679350525378612,0.4578050717541063,1.5508880645836902,16
1789408050.0507817,1789408050.0502264,-8.566692177203487,-23.45672465683439,1.8929107583765894,6.26991405375762,0.7630423247036074,0.4622404907080369,1.551814455185195,16
1789408050.0607266,1789408050.060224,-8.50302893220685,-23.449027657558652,1.897610410236409,6.307581279393587,0.7575234479968243,0.46613626750389714,1.5547929726111323,16
1789408050.0708084,1789408050.0702534,-8.439410103206876,-23.441439360090932,1.9023148624480937,6.344299957491928,0.751477124946446,0.46932963174167663,1.5598142786470113,16
1789408050.0808551,1789408050.0802467,-8.375898059643726,-23.433970113380475,1.9070128436583949,6.380181721577235,0.7448739594044066,0.4717823963618188,1.5668537381408212,16
1789408050.0908804,1789408050.0902436,-8.312021088793205,-23.426568945247876,1.9117322095090707,6.415590273677519,0.7376151992491442,0.47346992495760715,1.5759582452176255,16
1789408050.1009188,1789408050.1002371,-8.312021088793205,-23.426568945247876,1.9117322095090707,6.415590273677519,0.7376151992491442,0.47346992495760715,1.5759582452176255,16
1789408050.1108446,1789408050.1102087,-8.183330126346908,-23.412014691222865,1.9211926928606742,6.4850787428727825,0.7208859598812448,0.47434065405609294,1.600369039623905,16
1789408050.120707,1789408050.1202548,-8.118101313578018,-23.404830778397336,1.925947285254835,6.519385296079545,0.7112035065752649,0.4734133829544889,1.6157772601458513,16
1789408050.1311166,1789408050.13024,-8.053027487850462,-23.39780185688194,1.9306519387180652,6.552970357299028,0.7006456780285233,0.47152123653148686,1.633134501879827,16
1789408050.1408846,1789408050.140242,-7.986948177173846,-23.390812630385355,1.935380656217007,6.58637223116128,0.6889336639323576,0.4685759024606069,1.652746474883971,16
1789408050.1508682,1789408050.1502414,-7.920909910076415,-23.3839850634663,1.9400480688567365,6.61898219750455,0.6761582356878254,0.46456862721116143,1.6742993562090474,16
1789408050.16074,1789408050.1602483,-7.854515578411232,-23.37728794905621,1.9446721338616915,6.650914176387997,0.6621629270921271,0.4594376888026943,1.697886318664098,16
1789408050.1707895,1789408050.1702037,-7.787966511817495,-23.37075288545122,1.9492281532588134,6.681976691079904,0.6469075751939956,0.4531594036616652,1.7234047074642846,16
1789408050.180852,1789408050.1802418,-7.720815697475765,-23.36434909966046,1.9537352156480892,6.712271654200036,0.6302024055676194,0.44564920839333616,1.7510016882135002,16
1789408050.1909883,1789408050.190246,-7.653481862858702,-23.35813058949138,1.9581532818025245,6.7414988749412545,0.6120667186204848,0.4369143370617948,1.7804790872466947,16
1789408050.2009552,1789408050.2002356,-7.653481862858702,-23.35813058949138,1.9581532818025245,6.7414988749412545,0.6120667186204848,0.4369143370617948,1.7804790872466947,16
1789408050.210724,1789408050.2102127,-7.518211323965491,-23.346297290063735,1.9666803313844137,6.796366317298517,0.5712220086894256,0.4156676591421061,1.844919066498116,16
1789408050.2208977,1789408050.2202313,-7.45018900518833,-23.3407037132837,1.9707710670606806,6.821840405813729,0.5483640724180279,0.4031016504961302,1.8798344444743302,16
1789408050.230952,1789408050.2302334,-7.382369790304748,-23.33538137585124,1.974704098682035,6.8457223732237145,0.5239803992984957,0.3893169823153175,1.9162362770924848,16
1789408050.2407877,1789408050.240242,-7.313476040222919,-23.330248241778175,1.9785398955425535,6.868361046178835,0.49755327970614655,0.37403394082477825,1.954778475090422,16
1789408050.2508523,1789408050.250229,-7.244177371612622,-23.325376903991774,1.9822250616155608,6.889419857300016,0.469266860903724,0.35736915406659675,1.9950739291745314,16
1789408050.2608368,1789408050.260204,-7.1756173242474075,-23.320859545124883,1.9856893137298914,6.908509966504101,0.43959044937419955,0.33962138703962613,2.0363854816720957,16
1789408050.2708473,1789408050.270204,-7.105901884617318,-23.316588498894017,1.9890158685539103,6.926098155785752,0.40768837880705694,0.3203088033774151,2.079806475574545,16
1789408050.2809987,1789408050.2802422,-7.037018053430958,-23.312702005220203,1.9920980270718753,6.941636573529775,0.3744671880413322,0.29999790520098313,2.12405044005243,16
1789408050.29108,1789408050.2902143,-6.967431713225075,-23.30912704218934,1.9949945375257514,6.955452306270435,0.33921109043160047,0.2782701958410448,2.1608263018390406,175
1789408050.3009012,1789408050.3002045,-6.967431713225075,-23.30912704218934,1.9949945375257514,6.955452306270435,0.33921109043160047,0.2782701958410448,2.1608263018390406,175
1789408050.3107984,1789408050.3102353,-6.8285699176583305,-23.303105546799966,2.0000817680230676,6.977323039193908,0.26388854750989177,0.231425423198053,2.161523377391725,175
1789408050.3208778,1789408050.320247,-6.75828820613735,-23.300651802560974,2.002284603531292,6.985496703557306,0.2233336441757625,0.20603395095169316,2.165180903294897,175
1789408050.3308947,1789408050.3302364,-6.688864083373982,-23.29863857287404,2.0042023825290514,6.991672154174533,0.18174554767640766,0.17990935837597505,2.170981599704122,175
1789408050.3407784,1789408050.3402324,-6.618694022161132,-23.297032161936382,2.00587076332221,6.996014369333365,0.13823870704470165,0.15250824547182856,2.1790526822128986,175
1789408050.3509128,1789408050.3502443,-6.548222904402117,-23.295865898211726,2.0072641293428513,6.998476353771049,0.0931386259047502,0.1240455045556605,2.189385385189327,175
1789408050.3609092,1789408050.3602116,-6.47916654332988,-23.295170251364198,2.008346920594884,6.999068842126251,0.04766683114686114,0.09530311165244638,2.2016632887065035,175
1789408050.3708215,1789408050.3702402,-6.408935206697667,-23.294928990229447,2.009153282856202,6.99785152718971,0.00022649546979660456,0.06528049123495673,2.2163176730543133,175
1789408050.3809814,1789408050.3803306,-6.3385183793590985,-23.295170741082032,2.009655749552494,6.994816301274098,-0.04843581443140536,0.0344563975094939,2.2331819080882434,175
1789408050.3908813,1789408050.3902335,-6.2686677541063816,-23.29589976762109,2.0098445435118792,6.990034970559296,-0.09766984576802779,0.0032489304686423824,2.2520302426526957,175
1789408050.4010644,1789408050.4003134,-6.198828635877512,-23.29712561545224,2.009718758587093,6.983510473758926,-0.14772415730668864,-0.028494457313837974,2.272953476515071,175
1789408050.4106908,1789408050.4102354,-6.129223011650153,-23.298850557861456,2.0092749036063102,6.97528298062648,-0.19829715030913034,-0.060578833634601176,2.295837603158117,175
1789408050.4207048,1789408050.420232,-6.060035115344877,-23.30107063972319,2.0085138124047557,6.965396971511736,-0.24910091399987272,-0.09281886855866957,2.3205537252852104,175
1789408050.4307718,1789408050.4302385,-5.989625800099518,-23.30385405746769,2.0074076516822723,6.953571760864517,-0.3011922151743605,-0.1258837479568699,2.3476773801819593,175
1789408050.4406507,1789408050.4402368,-5.9195337654650535,-23.307155696164113,2.0059707403705653,6.9399969406698805,-0.35327589023251965,-0.15895082224677157,2.3766059865036975,175
1789408050.450911,1789408050.4502435,-5.850365446141959,-23.31093724638458,2.0042217692068967,6.924783162674433,-0.4047278463424225,-0.19162382519431106,2.406988846762212,175
1789408050.4607852,1789408050.4602952,-5.782202930250266,-23.315175398029368,2.002174812792386,6.907949780485011,-0.4553177673685909,-0.22375708650621629,2.438663869691022,175
1789408050.4708776,1789408050.4702494,-5.713113357433921,-23.319991171453587,1.9997713928991898,6.888923650712743,-0.5063065641806288,-0.2561530590771949,2.4724742531926043,175
1789408050.4808984,1789408050.4802415,-5.644684564032853,-23.32527738612864,1.9970646300882686,6.868007064546798,-0.5563438810088226,-0.2879560329552068,2.5075999758590592,175
1789408050.4910307,1789408050.4902456,-5.575180254345226,-23.3311721399059,1.9939834292333238,6.84449527723154,-0.6065091549310803,-0.3198550517137228,2.544891994065978,175
1789408050.5011675,1789408050.5002015,-5.575180254345226,-23.3311721399059,1.9939834292333238,6.84449527723154,-0.6065091549310803,-0.3198550517137228,2.544891994065978,175
1789408050.5109842,1789408050.5103195,-5.438726539297565,-23.34427640127507,1.9869672990177372,6.79094158146766,-0.7023227388529405,-0.38083844236149006,2.622619138694763,175
1789408050.5209103,1789408050.520201,-5.371522728134548,-23.351468950507794,1.9830455565827476,6.760525320373435,-0.7478407101866212,-0.4098466063688395,2.6629917880785214,175
1789408050.5310366,1789408050.5302024,-5.304164565230365,-23.359160720511397,1.9788101749788298,6.727021220659328,-0.7921094439484693,-0.4380901613039462,2.7047725696415332,175
1789408050.5408585,1789408050.5402317,-5.2378830807248935,-23.367194997316727,1.974348960927483,6.690354699280413,-0.8339126370875534,-0.46471131203709887,2.7471204651457453,175
1789408050.5508676,1789408050.5502236,-5.170775463593366,-23.37578407998113,1.9695497712189145,6.645149694794417,-0.8721651547352144,-0.4882851816678905,2.791186653651708,175
1789408050.560979,1789408050.5602324,-5.103876920772632,-23.38476805987358,1.9645176348653575,6.586983619075392,-0.9038911525804538,-0.5061195368715611,2.836237226418974,175
1789408050.570873,1789408050.5702221,-5.038138810118776,-23.39396314442844,1.9593793788379223,6.513488967096354,-0.9275855652545436,-0.5168637662732596,2.8815225856882534,175
1789408050.5809941,1789408050.58023,-4.9726275069856705,-23.403443533715734,1.9541211252690007,6.42163799272807,-0.9434177068166877,-0.520413095856767,2.927581251937323,175
1789408050.591027,1789408050.590223,-4.909969436033051,-23.41276928726485,1.9490123114795554,6.314861194646633,-0.9515358000864386,-0.5172721846493249,2.972440650029611,175
1789408050.6011002,1789408050.6002247,-4.909969436033051,-23.41276928726485,1.9490123114795554,6.314861194646633,-0.9515358000864386,-0.5172721846493249,2.972440650029611,175
1789408050.6109207,1789408050.6102364,-4.786440390449712,-23.431792545118924,1.9388754136808277,6.0470408013659025,-0.9506078853973546,-0.4951209370610599,3.063002519521359,175
1789408050.620998,1789408050.6201975,-4.726567325859864,-23.441298302351164,1.933988815860605,5.889390916645817,-0.9444589313636494,-0.4789375254295226,3.107848528643088,175
1789408050.6309195,1789408050.6302083,-4.668857455077961,-23.45064916193825,1.9293133224476984,5.720426612871775,-0.9369270647419621,-0.4617683341372152,3.1516450093349317,175
1789408050.640917,1789408050.640199,-4.611956481066814,-23.460080390115674,1.924732825485238,5.53790671316112,-0.9295830281544673,-0.44488940509874014,3.1953812050472745,175
1789408050.650865,1789408050.6502326,-4.558231549276717,-23.469223777461313,1.9204164618705417,5.351610368616189,-0.9243250018118805,-0.4305659805743236,3.237199660671961,175
1789408050.660817,1789408050.6602118,-4.505698493918149,-23.478451344197854,1.9161700092807632,5.156971126954874,-0.9223391887794529,-0.41966210517915825,3.278614701716244,175
1789408050.6707294,1789408050.6702359,-4.454910491084376,-23.487722001088976,1.9119908194690867,4.957752643102072,-0.9248842715745813,-0.41358603336361155,3.3191926288936524,175
1789408050.6807127,1789408050.6801925,-4.406260021468686,-23.49701975976768,1.9078550975516613,4.757408730824454,-0.932776346797873,-0.41332452387505986,3.3586165740566525,175
1789408050.6908135,1789408050.6902387,-4.359819932547416,-23.506383162607758,1.9037090579457712,4.558089694735836,-0.9463867846551504,-0.419408897018211,3.3968213902710707,175
1789408050.7009122,1789408050.7002256,-4.359819932547416,-23.506383162607758,1.9037090579457712,4.558089694735836,-0.9463867846551504,-0.419408897018211,3.3968213902710707,175
1789408050.7108243,1789408050.7101948,-4.272864338723651,-23.525659093291893,1.8950723153039088,4.165382134283414,-0.9906090097561889,-0.45114499577382294,3.4701513941277553,175
1789408050.720924,1789408050.7202265,-4.231892794539237,-23.535781923116936,1.8904062536088067,3.971957383376874,-1.0204342434154188,-0.47645560613318905,3.5056746396606964,175
1789408050.730939,1789408050.7302327,-4.193279645269303,-23.546104621400037,1.8855158896010462,3.784628859759121,-1.053483126680549,-0.506592976754944,3.539833197052349,175
1789408050.7409348,1789408050.7402246,-4.156215793773012,-23.556857636811923,1.8802603533249267,3.599760799558905,-1.088906906985557,-0.5409464270595243,3.5733252230686143,175
1789408050.7508826,1789408050.7502306,-4.121172023931716,-23.567909230973314,1.8746769519270672,3.419627859568545,-1.1244771790983923,-0.5776165539595897,3.6057051820556185,175
1789408050.7609782,1789408050.760317,-4.087534754875601,-23.579443806888747,1.868650503882803,3.2406849864873335,-1.1587879361936082,-0.615542547251231,3.637512755120422,175
1789408050.770949,1789408050.770203,-4.056443749437067,-23.59101572907256,1.862404528448815,3.0685649821512255,-1.188575612008627,-0.6515593360940213,3.6676117395723327,175
1789408050.780848,1789408050.7802343,-4.026601200032996,-23.603038679923888,1.855712016965652,2.8954661260413372,-1.2129693081758988,-0.6852521370885573,3.697192831097048,175
1789408050.7911255,1789408050.7902288,-3.998179870417676,-23.615406003550508,1.8486242137702484,2.7212459971836442,-1.2295484067562485,-0.7144793546454525,3.7260467532683683,175
1789408050.8009472,1789408050.8002253,-3.971822373754139,-23.62774559758314,1.8413600257079685,2.5490686354187817,-1.2360676392920762,-0.7368305506410996,3.7534445428397842,175
1789408050.810905,1789408050.8102255,-3.9474226906801864,-23.63997405290484,1.8339847957148154,2.3779513893746276,-1.231329517034183,-0.7510743864491459,3.779392786956992,175
1789408050.820936,1789408050.8202374,-3.924410425186639,-23.652267521923797,1.8264052721901305,2.2033371947874696,-1.2139841524587986,-0.7562913564475819,3.804413736483304,175
1789408050.8309088,1789408050.8302236,-3.9031984077004456,-23.664296704684904,1.818838681907661,2.0278824933353334,-1.183370199421653,-0.7513671886870075,3.827976642488464,175
1789408050.8408537,1789408050.8402314,-3.8839075249487114,-23.675854786159707,1.8114366074498394,1.8529311440404623,-1.1396834677843914,-0.7360321263611533,3.849845684991479,175
1789408050.8508723,1789408050.8502223,-3.8661576394552464,-23.68704347242929,1.8041539095378818,1.6754179139375853,-1.0822694203311622,-0.7098745592280226,3.8703601985889637,175
1789408050.8609295,1789408050.8602226,-3.8504796103097703,-23.697397089566426,1.797315738378137,1.501707004948038,-1.0138687109029785,-0.6741999333143317,3.8888124979897754,175
1789408050.871022,1789408050.870231,-3.8361731697711816,-23.707258185641557,1.7907163298794124,1.3252146031866967,-0.9326606885520872,-0.6281352388308822,3.905941215549948,175
1789408050.8811023,1789408050.8802285,-3.823840399408916,-23.716100613986022,1.7847272934681448,1.1549549946535012,-0.8437863094098254,-0.5747385867239215,3.9209466897932517,175
1789408050.8910966,1789408050.8902404,-3.8131010437640263,-23.72408184067389,1.779262883358044,0.9883478710043339,-0.7473911940747733,-0.5143649578488233,3.934210366121256,175
1789408050.9011776,1789408050.9002273,-3.8039984426227895,-23.731073322236504,1.7744287938393069,0.8287584517622069,-0.6467831800253718,-0.44932086276873934,3.945611008633982,175
1789408050.910976,1789408050.9102302,-3.7965398939237005,-23.736976303773137,1.7703108650427062,0.6802127204843385,-0.5461901478911915,-0.3826532458237343,3.9550742080920838,175
1789408050.9208767,1789408050.920225,-3.7904456116798433,-23.741933306654484,1.7668247649709852,0.541393838288355,-0.4463214185907477,-0.31512880181893543,3.962899765803118,175
1789408050.9309537,1789408050.9302413,-3.7856651985834207,-23.745920821234225,1.7639995384677376,0.41565077025127634,-0.3510375413990032,-0.2496270175258753,3.9691073553520955,175
1789408050.9410145,1789408050.940226,-3.7820100924926465,-23.749041465146618,1.7617732560610857,0.30319159224326475,-0.26189651321009333,-0.18748254599555642,3.9739037005221123,175
1789408050.9509993,1789408050.9502256,-3.7794707266576317,-23.751256142136736,1.760183318241211,0.21045743499970637,-0.18548605562019693,-0.13357672944853105,3.977268413066289,175
1789408050.9610076,1789408050.9601998,-3.7777776162274646,-23.752761308225857,1.7590965883287542,0.13584461802783143,-0.12194012529406661,-0.08829443279227733,3.979531695220383,175
1789408050.970984,1789408050.9702208,-3.7767126318012605,-23.753724944609047,1.7583971698562229,0.07754908612169786,-0.07082535402591494,-0.05154899587559458,3.9809670713307597,175
1789408050.9810598,1789408050.98023,-3.7761537567374046,-23.75423894351194,1.758022276859466,0.03791000594729699,-0.03516641087235106,-0.025715424372144913,3.981726103038656,175
1789408050.9910872,1789408050.990243,-3.775906782030639,-23.754469464633935,1.7578533923880824,0.01373068009347378,-0.012923290895902273,-0.009491817070597985,3.9820638816145815,175
1789408051.0010912,1789408051.0002239,-3.775834258519352,-23.754538069179453,1.757802926418575,0.0027157332737273165,-0.00259001624227162,-0.0019099829554778402,3.982163704852697,175
1789408051.011081,1789408051.0102282,-3.3621416744884676,-23.746777821965114,1.751926404281574,0.3962589557137881,-0.10472936835173974,-0.06258890209068635,4.282634395009484,175
1789408051.0210295,1789408051.0202215,-3.3585729635744497,-23.74772190452485,1.7513621482417074,0.3101685872035773,-0.08213514051645521,-0.04909475197401947,4.285957429688382,175
1789408051.0311387,1789408051.0302331,-3.355835741390763,-23.748447367978972,1.7509284809869834,0.23613128819052598,-0.06264094843427737,-0.037448728638564244,4.288507455238032,175
1789408051.0415778,1789408051.0402386,-3.3538226827375865,-23.748981807830855,1.7506089522073267,0.17456458864523183,-0.046383373544145345,-0.02773375469767314,4.2903836317987745,175
1789408051.051561,1789408051.0502682,-3.3523420911243167,-23.749375499979692,1.7503735371994043,0.12274591724300521,-0.03266432058242896,-0.019533736244987332,4.291764055565947,175
1789408051.0613909,1789408051.0602312,-3.3513146821763575,-23.749649091321174,1.7502099144557635,0.08082729505539987,-0.021539908800356278,-0.012883047893649247,4.292722270952416,175
1789408051.0716429,1789408051.0702639,-3.3506720038691458,-23.749820463488238,1.750107410106806,0.04958904572388345,-0.01323216087212331,-0.007915243091400348,4.293321839425526,175
1789408051.0817165,1789408051.0802667,-3.3502954342675153,-23.74992100058373,1.7500472670817941,0.02716704410568216,-0.007257774789277471,-0.00434203121942911,4.293673237725745,175
1789408051.0912926,1789408051.0902588,-3.3501034607728646,-23.749972311814815,1.7500165680052737,0.012546268443676567,-0.0033554354803833064,-0.0020076659623637916,4.293852418908012,175
1789408051.1010416,1789408051.1002595,-3.35002412281778,-23.749993539300174,1.7500038662925146,0.004269958661080153,-0.0011431247335187411,-0.000684048501975898,4.2939264847435625,175
1789408051.1108463,1789408051.1102421,-3.350002282145328,-23.74999938834757,1.750000366064657,0.0007386664377886376,-0.00019793263458556254,-0.000118456524860866,4.293946877634669,175
1789408051.121034,1789408051.120228,-3.3500000030442196,-23.74999999918356,1.7500000004886664,5.2271506341128315e-06,-1.401833454650614e-06,-8.390420613846317e-07,4.293949005971825,175
1789408051.1312919,1789408051.1302292,-3.350000000000001,-23.750000000000007,1.7499999999999998,0.0,-8.881784197001252e-16,-2.6645352591003757e-15,4.293949008815022,175
1789408051.1413438,1789408051.1402328,-3.350000000000001,-23.750000000000007,1.7499999999999998,0.0,-8.881784197001252e-16,-2.6645352591003757e-15,4.293949008815022,175
1789408051.1509807,1789408051.1502347,-3.350000000000001,-23.750000000000007,1.7499999999999998,0.0,-8.881784197001252e-16,-2.6645352591003757e-15,4.293949008815022,175
1789408051.1610096,1789408051.1601918,-3.350000000000001,-23.750000000000007,1.7499999999999998,0.0,-8.881784197001252e-16,-2.6645352591003757e-15,4.293949008815022,175
1789408051.1708758,1789408051.170222,-3.350000000000001,-23.750000000000007,1.7499999999999998,0.0,-8.881784197001252e-16,-2.6645352591003757e-15,4.293949008815022,175
1789408051.1810243,1789408051.1802244,-3.350000000000001,-23.750000000000007,1.7499999999999998,0.0,-8.881784197001252e-16,-2.6645352591003757e-15,4.293949008815022,175
1789408051.191037,1789408051.1902213,-3.350000000000001,-23.750000000000007,1.7499999999999998,0.0,-8.881784197001252e-16,-2.6645352591003757e-15,4.293949008815022,175
1789408051.2009354,1789408051.200194,-3.350000000000001,-23.750000000000007,1.7499999999999998,0.0,-8.881784197001252e-16,-2.6645352591003757e-15,4.293949008815022,175
1789408051.2120104,1789408051.2102368,-3.350000000000001,-23.750000000000007,1.7499999999999998,0.0,-8.881784197001252e-16,-2.6645352591003757e-15,4.293949008815022,175
1789408051.2207975,1789408051.2202225,-3.350000000000001,-23.750000000000007,1.7499999999999998,0.0,-8.881784197001252e-16,-2.6645352591003757e-15,4.293949008815022,175
1789408051.230745,1789408051.2302222,-3.350000000000001,-23.750000000000007,1.7499999999999998,0.0,-8.881784197001252e-16,-2.6645352591003757e-15,4.293949008815022,175
1789408051.2406955,1789408051.2402194,-3.350000000000001,-23.750000000000007,1.7499999999999998,0.0,-8.881784197001252e-16,-2.6645352591003757e-15,4.293949008815022,175
1789408051.2507043,1789408051.2502224,-3.350000000000001,-23.750000000000007,1.7499999999999998,0.0,-8.881784197001252e-16,-2.6645352591003757e-15,4.293949008815022,175
1789408051.260673,1789408051.2601993,-3.350000000000001,-23.750000000000007,1.7499999999999998,0.0,-8.881784197001252e-16,-2.6645352591003757e-15,4.293949008815022,175
1789408051.2706017,1789408051.270222,-3.350000000000001,-23.750000000000007,1.7499999999999998,0.0,-8.881784197001252e-16,-2.6645352591003757e-15,4.293949008815022,175
1789408051.2808664,1789408051.2802231,-3.350000000000001,-23.750000000000007,1.7499999999999998,0.0,-8.881784197001252e-16,-2.6645352591003757e-15,4.293949008815022,175
1789408051.2908797,1789408051.2902443,-3.350000000000001,-23.750000000000007,1.7499999999999998,0.0,-8.881784197001252e-16,-2.6645352591003757e-15,4.293949008815022,175
1789408051.3008127,1789408051.30025,-3.350000000000001,-23.750000000000007,1.7499999999999998,0.0,-8.881784197001252e-16,-2.6645352591003757e-15,4.293949008815022,175
1789408051.310706,1789408051.3102202,-3.316287843921563,-23.757824604184762,1.7287091691401983,1.182056287803835,0.34526699979754827,0.07455261329073187,4.3246696743364685,175
1789408051.3208625,1789408051.3202305,-3.3035155750531513,-23.75409567213945,1.7295147321229185,1.34370909801526,0.3921174749349453,0.08475312282928127,4.331993742404289,175
1789408051.3309972,1789408051.3302584,-3.2893025328704595,-23.74995034466472,1.7304113006266955,1.5100019884301528,0.4401544154024412,0.09526454439397163,4.340176399701531,175
1789408051.3408878,1789408051.3402267,-3.2734165167749105,-23.745322716078313,1.7314137360382205,1.6823128896257415,0.48973449378723677,0.10618098371715382,4.349362604786822,175
1789408051.3509126,1789408051.3502324,-3.2554785901777485,-23.74010492230594,1.732546258575608,1.86293081397259,0.5414593260609489,0.11765679119132616,4.359786549670108,175
1789408051.360911,1789408051.3602328,-3.236064287093507,-23.734467200162587,1.7337729125642667,2.0447212392364857,0.5932283993455141,0.12924829651958283,4.371129533505179,175
1789408051.3709621,1789408051.3702347,-3.2147484139811247,-23.72828926114096,1.7351210212573094,2.2307018804084118,0.6458430490233078,0.14115777929961731,4.383656498109658,175
1789408051.3813474,1789408051.3802416,-3.191286574383283,-23.721504573611565,1.7366066607490958,2.42158012729688,0.6994231921918826,0.15344366798822132,4.397532632472871,175
1789408051.390986,1789408051.3902001,-3.1668966348411636,-23.714469210601226,1.7381533126160937,2.6069833866373084,0.7509988252092807,0.16544807987909005,4.412055098986249,175
1789408051.400888,1789408051.400222,-3.1668966348411636,-23.714469210601226,1.7381533126160937,2.6069833866373084,0.7509988252092807,0.16544807987909005,4.412055098986249,175
1789408051.410645,1789408051.4102259,-3.110508437898853,-23.698277513361237,1.7417389871899591,2.9943524795783114,0.8569609018010036,0.19080421751724636,4.446008129205206,175
1789408051.4205933,1789408051.420221,-3.0794909606265986,-23.689417603145277,1.7437178800764417,3.1872137964258065,0.9086233737248974,0.20359574266918914,4.464908036437199,175
1789408051.4306455,1789408051.4302304,-3.0465759072881626,-23.68005418812248,1.7458233556981815,3.3788194910294447,0.9590798333104397,0.21643615441890218,4.485136201172593,175
1789408051.4407644,1789408051.440222,-3.0125880665972584,-23.670429229516,1.7480037761801233,3.564280987616425,1.006965068430365,0.22900820814799028,4.506208295818636,175
1789408051.4508665,1789408051.4502292,-2.9753504428011746,-23.65993735232148,1.7504004620335438,3.754719507675415,1.0550061575278675,0.24208515108618614,4.529509051809542,175
1789408051.4608715,1789408051.4602416,-2.936786162236546,-23.64913341738809,1.752891549189909,3.9394651492743296,1.1003438350676156,0.25495591119704547,4.553873818762592,175
1789408051.4719188,1789408051.4702442,-2.896469928453839,-23.637909183656117,1.7555060791263266,4.120504466364883,1.143364614285728,0.2677693373845915,4.579597822319291,175
1789408051.4809875,1789408051.4802594,-2.8551008241716396,-23.626470491633803,1.75820028250791,4.294741240896136,1.1832393406965394,0.2803144341981668,4.6062594880100916,175
1789408051.4910467,1789408051.4902394,-2.811189646352744,-23.614420461821137,1.7610731810847453,4.468172325176629,1.2211937162443935,0.2930369554317689,4.634851467583578,175
1789408051.5010266,1789408051.5002367,-2.811189646352744,-23.614420461821137,1.7610731810847453,4.468172325176629,1.2211937162443935,0.2930369554317689,4.634851467583578,175
1789408051.5111241,1789408051.5101948,-2.7181065890221694,-23.58921015456965,1.767210175683057,4.801471596168202,1.2881370812951782,0.3182671773560304,4.696442486990925,175
1789408051.5210137,1789408051.52024,-2.6689965963731366,-23.576104586424826,1.7704749432552576,4.960742764603491,1.316676387398706,0.3307525283049481,4.709226984181768,155
1789408051.5309541,1789408051.5302079,-2.61833390547325,-23.5627357218192,1.7738632361899047,5.114406777636936,1.3415812239120257,0.3431094267937704,4.658404371935684,155
1789408051.540802,1789408051.540244,-2.566763204614425,-23.549293023574506,1.77733403649575,5.260631996095868,1.3624438922971105,0.35519039009629355,4.606783813820851,155
1789408051.5507636,1789408051.5502307,-2.5134098009461856,-23.535570845774362,1.78094854800047,5.401940299479178,1.3794860867892709,0.3672046237080671,4.553505489011242,155
1789408051.5606804,1789408051.5602047,-2.459277205945429,-23.521850795181738,1.7846411036722658,5.535729907512982,1.3922587145577379,0.3789295677299356,4.499588220788321,155
1789408051.5707746,1789408051.570244,-2.4028172328704738,-23.50776960744957,1.7885201140066442,5.665740540838802,1.4009218104597116,0.3906953439070484,4.4435108627021,155
1789408051.580816,1789408051.5802393,-2.3454102394466276,-23.493704277719868,1.7924937547900217,5.7886594547977355,1.4050275566228012,0.4022048992828638,4.386668145337345,155
1789408051.5909684,1789408051.5902424,-2.288054729276427,-23.479918651742338,1.7964941233352036,5.902768188067263,1.4045479594341628,0.4132738676448052,4.330063453375013,155
1789408051.6009448,1789408051.600227,-2.288054729276427,-23.479918651742338,1.7964941233352036,5.902768188067263,1.4045479594341628,0.4132738676448052,4.330063453375013,155
1789408051.6106617,1789408051.6102324,-2.1664264839112066,-23.451631165103496,1.8050794606589675,6.118471393729191,1.3889624174414579,0.43541663921113993,4.210697696480548,155
1789408051.6209388,1789408051.6202512,-2.1052529176691617,-23.437924095929244,1.8094507737224117,6.214590928726467,1.3738961220092576,0.4459064488493185,4.151035268233304,155
1789408051.630929,1789408051.6302447,-2.0430430958866803,-23.424366778683236,1.813933097232408,6.304537585479039,1.3537660370261282,0.4561479234500078,4.090640046190474,155
1789408051.6408863,1789408051.6402266,-1.9790645208119366,-23.410846479641233,1.8185819151622111,6.3893233831933065,1.3281112664791586,0.46624191107642793,4.028838681307333,155
1789408051.6509535,1789408051.6502113,-1.9150455382018856,-23.397768480881805,1.8232733594821906,6.4667847304729955,1.2975115777234223,0.47590304338287287,3.967334468485223,155
1789408051.66108,1789408051.6602051,-1.8496266197829478,-23.384894231062187,1.8281083185126394,6.538753000136304,1.261243568900776,0.48532432130970266,3.9048556101011727,155
1789408051.6709177,1789408051.6702638,-1.7846833241712925,-23.372627897341967,1.8329487943502851,6.603415568164395,1.2203289440408929,0.49422557066335326,3.8432256947980337,155
1789408051.6809754,1789408051.6802208,-1.718543958522709,-23.360688603397882,1.8379196318853577,6.662708730005782,1.1737190722064783,0.5028247178603836,3.780891866436224,155
1789408051.6909716,1789408051.69024,-1.6515912150237848,-23.34919876785698,1.8429933143843986,6.716358567288812,1.1215442049635374,0.5110437897295929,3.718264309142661,155
1789408051.7010515,1789408051.700228,-1.6515912150237848,-23.34919876785698,1.8429933143843986,6.716358567288812,1.1215442049635374,0.5110437897295929,3.718264309142661,155
1789408051.7108972,1789408051.7102005,-1.5154419420557321,-23.32780618359334,1.8534362740611896,6.807115685054543,1.0003251153327062,0.5262058718881698,3.592513525808244,155
1789408051.7209253,1789408051.7202501,-1.4467249542028942,-23.31807740399312,1.8587682902474847,6.84426771878886,0.9316429945821156,0.5330386626759025,3.529936655094128,155
1789408051.7310567,1789408051.7302353,-1.3787850528609542,-23.309207032034738,1.8640781760873466,6.87571339176757,0.8589308609438623,0.5392291001931002,3.4687098102670944,155
1789408051.7409568,1789408051.7402017,-1.3102650406008023,-23.301048454525382,1.8694697412648507,6.902404506475636,0.7808738280847005,0.5448814398203522,3.40765153306051,155
1789408051.7510579,1789408051.7502282,-1.240548807405558,-23.293594671813274,1.8749903505836467,6.924682985290587,0.696717732226654,0.5499980116033251,3.346288887272505,155
1789408051.760936,1789408051.7602332,-1.171796471134789,-23.287116400144722,1.8804662170260822,6.942119910222499,0.6091924161219454,0.5543893788258524,3.2865786444650698,155
1789408051.7710485,1789408051.770217,-1.1012836952516718,-23.28140936044542,1.8861114041006533,6.955615418398035,0.5149201903473029,0.5581865646514734,3.2262260234172073,155
1789408051.7810035,1789408051.7802455,-1.0324585956496763,-23.2767901731517,1.891646063709173,6.964776107354068,0.4186890852009673,0.5611696127889515,3.1682426817679272,155
1789408051.7910903,1789408051.7902324,-0.9624396416150849,-23.273091720771543,1.8972972281384883,6.970301595031026,0.31672708120150156,0.563434894285939,3.1102547665801192,155
1789408051.8011105,1789408051.800229,-0.9624396416150849,-23.273091720771543,1.8972972281384883,6.970301595031026,0.31672708120150156,0.563434894285939,3.1102547665801192,155
1789408051.8109374,1789408051.810239,-0.8231365692020866,-23.26887808663667,1.9085813495263317,6.97097946444346,0.10266096704698063,0.5654771371865585,2.998162476075637,155
1789408051.8210733,1789408051.8202057,-0.7532133539305206,-23.26840995259971,1.9142542752904328,6.966672484683518,-0.00985576063481375,0.5651813693564574,2.9436868243904653,155
1789408051.8311434,1789408051.8302393,-0.6840144191440755,-23.269073498004794,1.9198654965577855,6.959694516545984,-0.1241238865790316,0.5639607813063343,2.8910543283120824,155
1789408051.8408382,1789408051.8402286,-0.6139575978830724,-23.27091757687135,1.9255357647381912,6.950136690916,-0.24240648109531765,0.5617378329413216,2.8391468161053437,155
1789408051.8508008,1789408051.8502243,-0.544521324912172,-23.273936928049046,1.931137181599309,6.938442806934353,-0.3618321071536154,0.5585064120770231,2.7891504594546577,155
1789408051.8608208,1789408051.8601904,-0.4759333513506254,-23.278108237650166,1.936643259767826,6.924968359095981,-0.48152750139990136,0.5542615655603846,2.741267657328996,155
1789408051.870935,1789408051.8702326,-0.40715752051605586,-23.283498100391856,1.9421281892035471,6.909781313729391,-0.6028326907423784,0.548905863347198,2.6948390043228025,155
1789408051.8809872,1789408051.880253,-0.3381273288444086,-23.29014044876933,1.9475867282102692,6.8930942543425004,-0.7253972779398467,0.5423742332850316,2.649922549519438,155
1789408051.8910842,1789408051.8903084,-0.2694159329988633,-23.297991117420825,1.952962688520818,6.875288153139907,-0.8476902622897556,0.5346733360725991,2.6069769882968834,155
1789408051.9011867,1789408051.900279,-0.2694159329988633,-23.297991117420825,1.952962688520818,6.875288153139907,-0.8476902622897556,0.5346733360725991,2.6069769882968834,155
1789408051.9109569,1789408051.9102397,-0.13174303405809404,-23.31746692222322,1.9635142094263283,6.836968779827084,-1.0913867123081842,0.5154478095641303,2.5265758530313853,155
1789408051.9210382,1789408051.9202344,-0.06330336884907796,-23.32900758322126,1.968624743083668,6.8170679186553516,-1.2106917553120693,0.5039121185308618,2.4895813952232246,155
1789408051.9309614,1789408051.9302087,0.004839949837596545,-23.341714105131498,1.9736060685268828,6.796985704287347,-1.3274419072532448,0.4910621289587875,2.4548179573603224,155
1789408051.9409688,1789408051.9402335,0.07285478321357036,-23.355590295479747,1.9784570976989022,6.776885188384395,-1.4413009895428877,0.4768382516532194,2.4222559000388153,155
1789408051.9510825,1789408051.9502313,0.14107822485600888,-23.370683734454385,1.9831865868664638,6.756868502975822,-1.552163385264501,0.4611300388980562,2.391807458133642,155
1789408051.960935,1789408051.9602542,0.20735720460173795,-23.386444426666518,1.9876355237399048,6.737743745893774,-1.6560094364566378,0.4444559142129863,2.3644095177788365,155
1789408051.9709451,1789408051.970228,0.27505594201228617,-23.403622110496038,1.9920157790419142,6.718709114540887,-1.757487879925799,0.42595865953541784,2.338697883959374,155
1789408051.9810777,1789408051.9802384,0.34163527073371164,-23.421535801443383,1.9961461915121261,6.700637068099456,-1.8521042123388523,0.4063004897183267,2.315694046214706,155
1789408051.991098,1789408051.9902055,0.4087626801727621,-23.440569108778398,2.0001162151789367,6.6832072250389,-1.9416333403876058,0.3849919863353086,2.2948243110955278,155
1789408052.0012221,1789408052.0002296,0.4087626801727621,-23.440569108778398,2.0001162151789367,6.6832072250389,-1.9416333403876058,0.3849919863353086,2.2948243110955278,155
1789408052.010981,1789408052.0102365,0.5421048900058772,-23.481029250525765,2.007357856845586,6.651403309973949,-2.099442279381253,0.3382030170239858,2.260355380546152,155
1789408052.0210009,1789408052.0202265,0.6090940735100966,-23.502546459384295,2.010639219763061,6.637020252747284,-2.1674272017631986,0.31246232737238494,2.24654775947699,155
1789408052.0312064,1789408052.0302417,0.6750392093598703,-23.524402766660884,2.0136148798645186,6.623980728874547,-2.226215761342924,0.28568080800630363,2.2352262910308016,155
1789408052.0409334,1789408052.040237,0.7408950897680856,-23.546812943374366,2.016318776117308,6.612092419549446,-2.276355400424412,0.25753229956700036,2.2261361351978577,155
1789408052.0510263,1789408052.050239,0.8076566900950645,-23.570034679068453,2.018771123426228,6.601194107050677,-2.317968979873256,0.2276002876575098,2.2191344569560116,155
1789408052.0608046,1789408052.0602386,0.873444920139097,-23.593318193723867,2.0208884162720486,6.591558630376555,-2.349485798366425,0.1967739010735988,2.214355734636204,155
1789408052.0710325,1789408052.0702322,0.9393557813796728,-23.6169443125934,2.0226974605179926,6.582941624166542,-2.3712623290505213,0.16461997749932536,2.211607896966946,155
1789408052.0810504,1789408052.0802383,1.005498816346393,-23.640851585715108,2.0241851467682856,6.57524311285173,-2.3829666212295733,0.13113998287270293,2.210819683291992,155
1789408052.0911365,1789408052.0902371,1.0701483572792896,-23.66430885758147,2.0253096766158576,6.56851610718878,-2.3843688926049125,0.09731442925652714,2.211865675078894,155
1789408052.1011128,1789408052.1002285,1.0701483572792896,-23.66430885758147,2.0253096766158576,6.56851610718878,-2.3843688926049125,0.09731442925652714,2.211865675078894,155
1789408052.111029,1789408052.1102383,1.2018874597986735,-23.711960232991363,2.026547180820649,6.556599655497407,-2.3559950086070525,0.025361590751957007,2.2191440640190185,155
1789408052.1210263,1789408052.1202264,1.2682570440850733,-23.735674817534136,2.026614346149301,6.55109808362816,-2.3257473738612133,-0.012225799550913683,2.22520022193063,155
1789408052.1309352,1789408052.1302297,1.333169784489625,-23.758540094851778,2.026307881630676,6.54572803414564,-2.2858903659058076,-0.049711265003173084,2.2325170111257133,155
1789408052.1409485,1789408052.140233,1.3988656044628367,-23.781246904020044,2.0256156553776528,6.540030658083059,-2.2353475298050802,-0.08825825724372333,2.2412044965227342,155
1789408052.1509278,1789408052.1502206,1.4643225258363948,-23.803336168731555,2.024537499968128,6.533791427204179,-2.1749852670393195,-0.12714896194253586,2.2510221034176556,155
1789408052.1609933,1789408052.160317,1.5289192368380444,-23.824516469596592,2.0230884450520685,6.526764835505627,-2.1058939097919027,-0.16587257913211792,2.2617292302920826,155
1789408052.170683,1789408052.1702347,1.59509751368911,-23.84548339825949,2.021203256810536,6.518315593031099,-2.025640670420277,-0.20575855266685972,2.2736272633942836,155
1789408052.180691,1789408052.1802247,1.659261065919262,-23.86501783953559,2.018985528503394,6.508550532856428,-1.9390627505488753,-0.24449722246548758,2.2859476433400365,155
1789408052.1907434,1789408052.1902266,1.7247846317607085,-23.88407514787051,2.0163228084577267,6.496584631436693,-1.8421883036092472,-0.283976850447208,2.2889285917024003,230
1789408052.2007952,1789408052.2002203,1.7247846317607085,-23.88407514787051,2.0163228084577267,6.496584631436693,-1.8421883036092472,-0.283976850447208,2.2889285917024003,230
1789408052.210661,1789408052.2102084,1.8540134235156602,-23.918714819899794,2.0098902726474024,6.465419949957736,-1.6280701890760259,-0.36099964893832087,2.2272855894374444,230
1789408052.2208116,1789408052.220308,1.9190919688716495,-23.934538386353847,2.0060581907936523,6.4443612173395355,-1.5105680168321547,-0.39919989458232963,2.1997821642131825,230
1789408052.2307842,1789408052.230236,1.983413835195085,-23.949065414769102,2.001874344738994,6.4143079299171575,-1.394766844951582,-0.4374811040492857,2.1750439534496286,230
1789408052.240735,1789408052.2402325,2.046659820236828,-23.96232389446865,1.9973547730529548,6.370308361624061,-1.2874986277716693,-0.47654657826271335,2.1530851971857343,230
1789408052.250753,1789408052.250228,2.110806990332237,-23.974843348832096,1.9923245507835872,6.307126268392039,-1.1896164417398474,-0.5181143302176554,2.133143342405734,230
1789408052.2607534,1789408052.2602353,2.1728510980680995,-23.986201846690946,1.9869882882853593,6.225730298110537,-1.1078060194543002,-0.560322798222136,2.1159863586020253,230
1789408052.2707016,1789408052.2702293,2.2347388491336124,-23.996949771316597,1.9811543159746996,6.123141620829979,-1.0398776588194079,-0.6042398785500138,2.1008387214032425,230
1789408052.2806275,1789408052.2802405,2.295360258334117,-24.007067917661633,1.9748917752571449,6.001164112205423,-0.9866071399517665,-0.6486318474251631,2.0877770454184703,230
1789408052.2909214,1789408052.2902346,2.3547146883486656,-24.016727617025325,1.9681805449280614,5.860918462936646,-0.9463932292167708,-0.6928319441198634,2.0765661928242025,230
1789408052.301094,1789408052.3002372,2.3547146883486656,-24.016727617025325,1.9681805449280614,5.860918462936646,-0.9463932292167708,-0.6928319441198634,2.0765661928242025,230
1789408052.3108227,1789408052.3102434,2.4686719178256293,-24.035084675586038,1.953483090533626,5.534975018786058,-0.8963905991907766,-0.7766825436511644,2.058984138438741,230
1789408052.3208556,1789408052.3202343,2.523310206557248,-24.04399928715469,1.945496357518086,5.353433706156735,-0.8810798739846455,-0.8145503382167675,2.052215562725407,230
1789408052.3311152,1789408052.3302057,2.5756913643051784,-24.052710256152142,1.9372140003994822,5.165059458629724,-0.8685341749122328,-0.8480230843414939,2.046654137336445,230
1789408052.3407586,1789408052.3402286,2.6267000745701155,-24.061389650197977,1.9285284115099586,4.969033262120923,-0.8557076101386376,-0.8767760728703953,2.042076642946705,230
1789408052.3509803,1789408052.3502307,2.6750408786709,-24.069808961576033,1.9197101997050037,4.772674647768875,-0.8403837590782052,-0.8993209694593682,2.038493016353246,230
1789408052.3608902,1789408052.3602302,2.721811716741689,-24.078122895902265,1.9106226207545762,4.573707284630156,-0.8200389877108054,-0.9155416891536106,2.035740721874086,230
1789408052.3709157,1789408052.3702378,2.7672115954758407,-24.08631300978452,1.901277201220432,4.372824964757435,-0.7925912240282493,-0.924765266155249,2.0337831296249926,230
1789408052.3811169,1789408052.3802323,2.8093107134984323,-24.093953186406758,1.8921590259467522,4.180210238403325,-0.7581864671431352,-0.9264025025752451,2.0326580584034817,230
1789408052.3911223,1789408052.3903167,2.850162805664845,-24.1013276932343,1.8829145735897255,3.987696075292923,-0.7146933560438959,-0.9205094904740574,2.0322824439343776,230
1789408052.401072,1789408052.400224,2.850162805664845,-24.1013276932343,1.8829145735897255,3.987696075292923,-0.7146933560438959,-0.9205094904740574,2.0322824439343776,230
1789408052.4109943,1789408052.4102552,2.9261074349433818,-24.114542081221447,1.8648111171442925,3.6143991265331747,-0.6021289479095979,-0.8861014955770944,2.0338416687862275,230
1789408052.4208455,1789408052.4202306,2.9615458489315225,-24.12026187300826,1.8560334728926031,3.4320137767647614,-0.53395676645615,-0.8579151152988606,2.035791164811496,230
1789408052.4309902,1789408052.430236,2.994620373378492,-24.12518763550243,1.8477110155341443,3.2555285158354628,-0.46113620680577183,-0.8237336682514561,2.0384597612739044,230
1789408052.4409142,1789408052.4402206,3.026960719232134,-24.129496485896496,1.8395010806908043,3.075310630304088,-0.381792227974306,-0.7823925253655049,2.0419759234031334,230
1789408052.4510746,1789408052.450244,3.056474024692089,-24.132879332136312,1.8319933538569895,2.9021041891767654,-0.30320968339589194,-0.7373957267900857,2.046069644795413,230
1789408052.4609003,1789408052.46023,3.0847481698602413,-24.135524738475603,1.8248321479954304,2.72579750764052,-0.22361305562441292,-0.6874240696205562,2.0508777790050265,230
1789408052.4708982,1789408052.470234,3.1110853630340425,-24.13737252888146,1.8182303290556276,2.549584513440192,-0.1471395303030836,-0.634535480612259,2.056219569012088,230
1789408052.4811969,1789408052.4802368,3.1357182948683042,-24.138480861501293,1.8121530764122522,2.3711553291436656,-0.07524762365339184,-0.5792654864057374,2.062041757715342,230
1789408052.4909456,1789408052.4902298,3.158614342342145,-24.138901944434185,1.8066218569337598,2.1900603585439415,-0.009921315793635413,-0.5225988846359426,2.068232641383078,230
1789408052.5010211,1789408052.5002425,3.1796012276147354,-24.138710128605236,1.801680131247118,2.0074709457822877,0.04678068565942531,-0.4659030339854599,2.074621315313922,230
1789408052.5108569,1789408052.510187,3.198592749317493,-24.138006714840653,1.7973385951432927,1.8246705732237627,0.09351163292156078,-0.41038280284478,2.081037979761543,230
1789408052.5207129,1789408052.5202222,3.216050408263609,-24.136867868200284,1.7934787776637875,1.6376424852814992,0.13054318017259514,-0.3554753097082756,2.0875111631546432,230
1789408052.5310068,1789408052.5302503,3.231342456267902,-24.13544095662754,1.7902195173376094,1.4543962606817082,0.15619365007814945,-0.3039582272386793,2.0936706952772632,230
1789408052.5412126,1789408052.5402436,3.2449604556966665,-24.133794781638592,1.787429186624075,1.271104973227878,0.17146193323102094,-0.25496791471092806,2.099574404505675,230
1789408052.5511403,1789408052.5502377,3.25684476308687,-24.13203436942917,1.785095076864156,1.0903972614199968,0.17657146300957538,-0.20933890409047293,2.105079939115657,230
1789408052.5609384,1789408052.5602372,3.266901523675857,-24.130277519100282,1.7832063700737493,0.9167104521629972,0.172402307176996,-0.16810422965637728,2.1100246871137243,230
1789408052.5708456,1789408052.5702286,3.275246703260648,-24.12860574579266,1.7817106071386073,0.752104402282305,0.1603968199825987,-0.13148825747041074,2.1143524949973567,230
1789408052.5808327,1789408052.580235,3.28197082909466,-24.127093127330596,1.780562315083766,0.5996210669239073,0.1423441337041635,-0.09979023791572439,2.1180104170089367,230
1789408052.5909789,1789408052.590236,3.2872483627536013,-24.125781401369544,1.7797049373263811,0.4608589033189975,0.12007831397572549,-0.07289037816135448,2.1210076957682222,230
1789408052.6009426,1789408052.6002293,3.291236916828167,-24.124699736669164,1.7790894991858854,0.33783953085980867,0.09554352453508885,-0.05069536615603822,2.12336310687708,230
1789408052.6107743,1789408052.6102114,3.2940694800636523,-24.123870356773583,1.7786749259454686,0.23382833407978776,0.07106426303833524,-0.03325570490127934,2.1250961157169863,230
1789408052.6208277,1789408052.6202242,3.2959571651802078,-24.123278984367612,1.7784131083137196,0.1497073560973171,0.04849868343755892,-0.020158941155336688,2.1262886100791576,230
1789408052.6310453,1789408052.6302435,3.29711589388474,-24.122893411809347,1.7782609788383228,0.08522527806247804,0.02924722193964646,-0.010847761771134862,2.1270423107655896,230
1789408052.6409667,1789408052.6403122,3.7109263270394113,-23.77207598302737,1.758614793020153,0.8904244545016575,0.4705909400405266,-0.19186367613419192,2.6085597448963624,230
1789408052.6508822,1789408052.6502287,3.719188381284413,-23.767662836638618,1.756828018028264,0.757734011532287,0.40921448645175595,-0.16449271801063758,2.6160208541477243,230
1789408052.660807,1789408052.6602216,3.726128066055662,-23.76387724444455,1.7553162799984172,0.6361237301420002,0.35064702593490393,-0.13907585350987245,2.6223671013819323,230
1789408052.6708276,1789408052.670218,3.731984875567611,-23.76061739267441,1.7540314881199293,0.5236000187663763,0.2944034251507719,-0.11526763230459325,2.6277874413278104,230
1789408052.6808395,1789408052.6802223,3.7367030509988464,-23.757940252810343,1.7529895039503376,0.4236767153351382,0.24271585878916158,-0.0938815211626044,2.6322038319403207,230
1789408052.6908765,1789408052.6902668,3.740505667175654,-23.75574269698812,1.7521443091081312,0.33436544500339327,0.19503447022647702,-0.07456116313850525,2.635801664500099,230
1789408052.700869,1789408052.7002478,3.743443831478615,-23.75401468255705,1.7514872169134137,0.2572476657069154,0.15263841522393395,-0.057710647467455245,2.638610170390328,230
1789408052.710902,1789408052.710278,3.7456595397513333,-23.75268967159436,1.7509887753464821,0.19170176132556493,0.11561500299030847,-0.0432543350655612,2.640748706164292,230
1789408052.720899,1789408052.720229,3.7472941421553196,-23.751696409196942,1.7506189726183656,0.13654907273340733,0.08366311523449532,-0.030982830179745457,2.642341067207976,230
1789408052.7308779,1789408052.7302313,3.7484292671893655,-23.750995943254345,1.7503607615979728,0.0921766685189116,0.057337348446251823,-0.02102746412544021,2.6434567640806486,230
1789408052.7408087,1789408052.7402356,3.7491729968331273,-23.75053016919176,1.7501906917031322,0.05782066374886252,0.036494300129906065,-0.013258683227029167,2.6441940413008,230
1789408052.7508674,1789408052.7502441,3.7496178742088975,-23.750247585753446,1.750088446605416,0.0328769541634335,0.02104160410492728,-0.007576438255016527,2.6446386886475786,230
1789408052.7607875,1789408052.7602262,3.7498569058346933,-23.75009368237105,1.7500332440897532,0.015966145926379127,0.01035732849124571,-0.0036971552353906034,2.644879483122506,230
1789408052.7707868,1789408052.7702036,3.749962064687381,-23.75002508822231,1.7500088452486808,0.005983135244791882,0.003932031631581623,-0.0013919230222243506,2.6449862223562732,230
1789408052.781087,1789408052.7802112,3.7499950716236454,-23.750003291559754,1.75000115319517,0.001312979201339104,0.0008737398565230592,-0.0003068263677747929,2.6450199669663594,230
1789408052.7910776,1789408052.7902248,3.749999934892228,-23.7500000438934,1.750000015285952,5.185995283873979e-05,3.492103503077715e-05,-1.2170493392194004e-05,2.6450249716489718,230
1789408052.8012037,1789408052.8002245,3.750000000000001,-23.749999999999996,1.7499999999999991,1.7763568394002505e-15,-1.7763568394002505e-15,-1.7763568394002505e-15,2.6450250390255197,230
1789408052.811253,1789408052.8102422,3.750000000000001,-23.749999999999996,1.7499999999999991,1.7763568394002505e-15,-1.7763568394002505e-15,-1.7763568394002505e-15,2.6450250390255197,230
1789408052.8211884,1789408052.8202415,3.750000000000001,-23.749999999999996,1.7499999999999991,1.7763568394002505e-15,-1.7763568394002505e-15,-1.7763568394002505e-15,2.6450250390255197,230
1789408052.8311243,1789408052.8302221,3.750000000000001,-23.749999999999996,1.7499999999999991,1.7763568394002505e-15,-1.7763568394002505e-15,-1.7763568394002505e-15,2.6450250390255197,230
1789408052.840893,1789408052.8401911,3.750000000000001,-23.749999999999996,1.7499999999999991,1.7763568394002505e-15,-1.7763568394002505e-15,-1.7763568394002505e-15,2.6450250390255197,230
1789408052.850962,1789408052.8502178,3.750000000000001,-23.749999999999996,1.7499999999999991,1.7763568394002505e-15,-1.7763568394002505e-15,-1.7763568394002505e-15,2.6450250390255197,230
1789408052.8608897,1789408052.8601863,3.750000000000001,-23.749999999999996,1.7499999999999991,1.7763568394002505e-15,-1.7763568394002505e-15,-1.7763568394002505e-15,2.6450250390255197,230
1789408052.8708196,1789408052.8702276,3.750000000000001,-23.749999999999996,1.7499999999999991,1.7763568394002505e-15,-1.7763568394002505e-15,-1.7763568394002505e-15,2.6450250390255197,230
1789408052.8810346,1789408052.8802216,3.750000000000001,-23.749999999999996,1.7499999999999991,1.7763568394002505e-15,-1.7763568394002505e-15,-1.7763568394002505e-15,2.6450250390255197,230
1789408052.8908997,1789408052.8902206,3.750000000000001,-23.749999999999996,1.7499999999999991,1.7763568394002505e-15,-1.7763568394002505e-15,-1.7763568394002505e-15,2.6450250390255197,230
1789408052.9009597,1789408052.9002206,3.750000000000001,-23.749999999999996,1.7499999999999991,1.7763568394002505e-15,-1.7763568394002505e-15,-1.7763568394002505e-15,2.6450250390255197,230
1789408052.9108179,1789408052.9101884,3.750000000000001,-23.749999999999996,1.7499999999999991,1.7763568394002505e-15,-1.7763568394002505e-15,-1.7763568394002505e-15,2.6450250390255197,230
1789408052.9209225,1789408052.920309,3.750000000000001,-23.749999999999996,1.7499999999999991,1.7763568394002505e-15,-1.7763568394002505e-15,-1.7763568394002505e-15,2.6450250390255197,230
1789408052.9308982,1789408052.9302192,3.750000000000001,-23.749999999999996,1.7499999999999991,1.7763568394002505e-15,-1.7763568394002505e-15,-1.7763568394002505e-15,2.6450250390255197,230
1789408052.9408097,1789408052.940222,3.750000000000001,-23.749999999999996,1.7499999999999991,1.7763568394002505e-15,-1.7763568394002505e-15,-1.7763568394002505e-15,2.6450250390255197,230
1789408052.950852,1789408052.95022,3.8024054449955256,-23.72964518006336,1.7276216718244586,0.7004442482835104,-0.11810701047280224,0.06702479719331134,2.6859298824821733,230
1789408052.9606729,1789408052.960187,3.81017272324113,-23.730953574514793,1.7283648916498813,0.8302731986109532,-0.13972599225976626,0.07944232670643495,2.688141375269674,230
1789408052.9708319,1789408052.9702325,3.8191379228303552,-23.732460795146356,1.7292226455190134,0.9677959076131497,-0.1625466167913418,0.09258800911497658,2.690718525586464,230
1789408052.9809396,1789408052.9803216,3.8294413455675462,-23.734189513546312,1.7302082636663527,1.113504228113309,-0.18663725110210658,0.10650548136596606,2.693712426012471,230
1789408052.9909523,1789408052.990203,3.841309722010204,-23.73617664758006,1.7313433012231934,1.268700517350152,-0.21219666123580608,0.12131476632727506,2.69720301699773,230
1789408053.0009966,1789408053.0002282,3.841309722010204,-23.73617664758006,1.7313433012231934,1.268700517350152,-0.21219666123580608,0.12131476632727506,2.69720301699773,230
1789408053.0106828,1789408053.010188,3.870120106723081,-23.740984088698564,1.7340970595021963,1.6045231759840042,-0.2671452731798025,0.15329650951322352,2.7058603961040566,230
1789408053.0206735,1789408053.0202098,3.887253274205692,-23.743833174698192,1.735733501031134,1.783708750063049,-0.2962577310614388,0.1703178002645587,2.7111307275018253,230
1789408053.0309076,1789408053.0301821,3.9057017716564832,-23.746893498027983,1.7374944789458415,1.9635281548135164,-0.32532238875778247,0.18736290270696734,2.716906046581986,230
1789408053.0408094,1789408053.040345,3.9263431860615126,-23.750308925304243,1.7394633395251582,2.1513348802836543,-0.35550996855132966,0.205120470421825,2.7234900784168636,230
1789408053.0508573,1789408053.0502384,3.9490904729968332,-23.754062749845428,1.7416311961045667,2.3445659730779647,-0.3863812615463263,0.22333637718853389,2.7308939047973158,230
1789408053.0609324,1789408053.0603774,3.9734063505524664,-23.758064311629248,1.743946248628933,2.537639456117168,-0.41702582789667914,0.24147413833377887,2.7389783134281513,230
1789408053.0708528,1789408053.070233,3.999916275698304,-23.762414379344612,1.7464673446553314,2.7345767008938786,-0.4480627274435026,0.25990020290428384,2.747990388475882,230
1789408053.0809684,1789408053.080226,4.028181339726166,-23.76703852387814,1.7491519163041849,2.931128006307752,-0.4788005435712136,0.27820401055011956,2.7578245212293604,230
1789408053.0910954,1789408053.090228,4.058342072560738,-23.771957420590685,1.7520124279110276,3.1275942336764375,-0.5092686657695453,0.2964012358293639,2.768571986152639,230
1789408053.1011138,1789408053.1002374,4.058342072560738,-23.771957420590685,1.7520124279110276,3.1275942336764375,-0.5092686657695453,0.2964012358293639,2.768571986152639,230
1789408053.1109664,1789408053.110199,4.1250576311549105,-23.782783448119574,1.7583238149912868,3.521438612061809,-0.5694836188620427,0.33252172193760166,2.7932617675004763,230
1789408053.1209195,1789408053.1202264,4.161088492652545,-23.788599740502324,1.7617225940581918,3.7143834821519506,-0.5985090038551655,0.35000636434740195,2.8071122385594207,230
1789408053.131325,1789408053.1302598,4.201494623582006,-23.79509733661721,1.7655254023371756,3.916693998950366,-0.6285611405594056,0.3681589280396485,2.823067801628162,230
1789408053.1408923,1789408053.1402338,4.238584249585203,-23.801038574475488,1.7690076131905348,4.09068084960929,-0.6540583233277762,0.38359868255033874,2.838102093796337,230
1789408053.1508703,1789408053.1502137,4.2809410987148295,-23.807796712033497,1.7729739638057371,4.277042819755507,-0.6809701835096654,0.3999322264753229,2.8557193651437576,230
1789408053.161082,1789408053.1602263,4.324336518908003,-23.81469093034534,1.7770255540076305,4.455632597874653,-0.7063250484343295,0.41535406495712757,2.8742563089991795,230
1789408053.170996,1789408053.1702402,4.36998881615233,-23.821911283873746,1.7812741032996462,4.631292917116847,-0.7307936760119961,0.4302653588779838,2.894281252426109,230
1789408053.1810222,1789408053.1802256,4.417291205976567,-23.829357390146534,1.785660626400465,4.8012781323140725,-0.7539653243409892,0.44440944307275293,2.915586824791025,230
1789408053.1907465,1789408053.19019,4.4664722467815166,-23.837060911382657,1.790203726029423,4.966168755124788,-0.7758956308291696,0.45781332049592144,2.938328451093783,230
1789408053.2009354,1789408053.200218,4.4664722467815166,-23.837060911382657,1.790203726029423,4.966168755124788,-0.7758956308291696,0.45781332049592144,2.938328451093783,230
1789408053.2108283,1789408053.2101882,4.568604404548514,-23.85293177000329,1.7995769607367582,5.274223661192799,-0.8151100906863118,0.48180831755771464,2.987426330585383,230
1789408053.2208955,1789408053.2202232,4.621976290693006,-23.86115609234202,1.8044401688992542,5.418677676329606,-0.8325282405438031,0.4924675629152116,3.014061430231524,230
1789408053.2310414,1789408053.230286,4.676641000683084,-23.8695290332415,1.8093946451456413,5.556046611908462,-0.8483762703064409,0.5021581623526686,3.0420176978199605,230
1789408053.240822,1789408053.2401948,4.732719568899127,-23.878064179022065,1.814448003159935,5.686654290631537,-0.8626734444834949,0.5108857947609746,3.071391903133193,230
1789408053.2509792,1789408053.2502196,4.789762358776554,-23.886688250715224,1.819556362929935,5.809553852835504,-0.8753031127484403,0.5185737454977458,3.1019764154462854,230
1789408053.2607503,1789408053.2601895,4.849076124918678,-23.895592178391553,1.8248323180061867,5.927443331962295,-0.886508387908492,0.5253643067953038,3.1345146922465905,230
1789408053.270755,1789408053.270241,4.909795918200458,-23.904638197939963,1.8301936885073333,6.038387849516991,-0.8960576380709576,0.5311112850440163,3.1685823187090505,230
1789408053.2808576,1789408053.2802377,4.969565945163964,-23.913472466207605,1.8354300893547701,6.138620721529015,-0.9036594203979993,0.535637575628035,3.2028469853724575,230
1789408053.2909496,1789408053.2902632,5.031502859567098,-23.922551064961247,1.840811188010285,6.233713105226337,-0.9097495683732182,0.5392009885337001,3.239098011714411,230
1789408053.300897,1789408053.3001862,5.031502859567098,-23.922551064961247,1.840811188010285,6.233713105226337,-0.9097495683732182,0.5392009885337001,3.239098011714411,230
1789408053.3108857,1789408053.3102791,5.157727897007062,-23.940802344587485,1.8516260209210857,6.402232294802328,-0.9168828024154146,0.5431264595047595,3.3152379044001896,230
1789408053.3207724,1789408053.3202212,5.222609289188661,-23.950046416582325,1.8571006105884538,6.476794532834641,-0.9179582391697029,0.5435039955664321,3.355512708125078,230
1789408053.3308692,1789408053.3301985,5.2874040297878055,-23.9591802306554,1.8625069837640622,6.543792851350334,-0.9173755272699731,0.5428322279114107,3.3964763313514528,230
1789408053.3406837,1789408053.3402314,5.352868086372756,-23.968304980359168,1.867904392704762,6.604410116835813,-0.9151734870048441,0.5411331871036859,3.4385954671596677,230
1789408053.3506544,1789408053.3502352,5.419315896863276,-23.977456103896028,1.8733130799972384,6.6591571515622245,-0.9113444367537442,0.5384024089416231,3.4820789349752066,230
1789408053.3607554,1789408053.36019,5.4856997644932495,-23.986482237850712,1.8786429512595368,6.707499285084729,-0.9059755834736725,0.5347025988437086,3.5262352795664627,230
1789408053.3707082,1789408053.3702228,5.553737838947521,-23.995607493334486,1.8840256440780223,6.750927046264989,-0.8989302220788781,0.5299430904414872,3.572211820761454,230
1789408053.3808734,1789408053.3801956,5.621629994458697,-24.004580567588217,1.8893122587885867,6.788543493539073,-0.890398083362656,0.5242564397051179,3.618795087607157,230
1789408053.39084,1789408053.3902333,5.689366057996353,-24.013395019324218,1.8944986274725855,6.820820294810328,-0.8804416091735936,0.5176869998749446,3.6659530133279836,230
1789408053.4008996,1789408053.400217,5.689366057996353,-24.013395019324218,1.8944986274725855,6.820820294810328,-0.8804416091735936,0.5176869998749446,3.6659530133279836,230
1789408053.4107552,1789408053.4101865,5.826488335262215,-24.030790701874576,1.9047116576936125,6.871817705686547,-0.8560639246678293,0.5017938802738111,3.763422491354643,230
1789408053.4207456,1789408053.4202216,5.895744323173318,-24.039334685342595,1.9097155594170243,6.891121875983998,-0.84169465818682,0.49251773468836657,3.813632245690121,230
1789408053.4307435,1789408053.4301946,5.964551331216063,-24.047652521787146,1.9145783650064874,6.906554731463288,-0.8261082218241032,0.48251695270461276,3.8641437835116585,230
1789408053.440813,1789408053.4402177,6.033313946724515,-24.055787166266448,1.9193251822971975,6.918638715219461,-0.8092667227462151,0.47177380534560304,3.915229697323439,230
1789408053.4508088,1789408053.4502194,6.103712964143887,-24.063922823477373,1.9240631563798354,6.9279477165508,-0.7907533896047084,0.46003238535471014,3.9681422464102605,230
1789408053.4607356,1789408053.4601865,6.171198455428427,-24.071530664696482,1.9284846219402976,6.934323914475322,-0.771834062065402,0.44810156041020477,4.01942914531971,230
1789408053.4707196,1789408053.4702196,6.241049645574494,-24.079199407180628,1.9329319683166435,6.9386588813516745,-0.7510775498744082,0.43508626395451017,4.073079542389013,230
1789408053.4807696,1789408053.480206,6.311316655620596,-24.086693358067983,1.9372681345300482,6.941052187185929,-0.7290261612066361,0.42133930874374576,4.119448510961805,223
1789408053.490962,1789408053.4902415,6.3793071256504925,-24.09372500072746,1.941327433758612,6.9418169266556715,-0.7066013891489153,0.4074403492970595,4.076211949449927,223
1789408053.5009573,1789408053.5002184,6.3793071256504925,-24.09372500072746,1.941327433758612,6.9418169266556715,-0.7066013891489153,0.4074403492970595,4.076211949449927,223
1789408053.5107758,1789408053.5101893,6.518741108921524,-24.107431954084902,1.9492121572438992,6.939877384423934,-0.6573834441351366,0.3772041595335921,3.988956799655651,223
1789408053.520875,1789408053.5202322,6.588139520624667,-24.113877246222884,1.952905819131599,6.937742171390102,-0.631323683147512,0.36133672366190756,3.9462479618785986,223
1789408053.5310664,1789408053.5302353,6.658246775026002,-24.120120712080148,1.9564746532359174,6.9351629859163015,-0.6039779649473456,0.3447865098378751,3.903595731578754,223
1789408053.5407755,1789408053.5402327,6.726961655603025,-24.12596935569037,1.9598091192935538,6.932464909860424,-0.5762048313131551,0.32807853125267333,3.8622766556939636,223
1789408053.550845,1789408053.5502188,6.796727102175893,-24.131623227135933,1.9630240471694473,6.929775767086678,-0.5470475265971624,0.310642814191523,3.8208236228017114,223
1789408053.5609586,1789408053.5602038,6.865361659334635,-24.13689640600235,1.966014476589089,6.927373284772952,-0.517441285588983,0.2930439737439062,3.7805373837593863,223
1789408053.5710025,1789408053.5702198,6.935514826404194,-24.141980155359004,1.9688896145839787,6.925341161612443,-0.4862571141365258,0.27461673761480754,3.7398727124804423,223
1789408053.5811799,1789408053.5802498,7.003987880513165,-24.146634331627546,1.9715145009002972,6.923913601912466,-0.4549404552247057,0.25621890835381317,3.700687711388659,223
1789408053.5910597,1789408053.590249,7.072666248042072,-24.150987853033897,1.9739629421297913,6.923148664439148,-0.4226770392890964,0.23737192869298493,3.6618929801990787,223
1789408053.6009364,1789408053.6002328,7.072666248042072,-24.150987853033897,1.9739629421297913,6.923148664439148,-0.4226770392890964,0.23737192869298493,3.6618929801990787,223
1789408053.610929,1789408053.610207,7.211900995941923,-24.15881069363996,1.9783434535013318,6.923977700668188,-0.3547260981892327,0.19800652736087385,3.5848284840571822,223
1789408053.621065,1789408053.6202707,7.280925529874345,-24.16217321710521,1.9802174430657042,6.925662626506058,-0.3198169982945566,0.17794207938338374,3.5474251598055697,223
1789408053.6310184,1789408053.6302292,7.349903420588193,-24.165181020036652,1.9818881160802555,6.928202759567589,-0.2841480060612959,0.15754234555485833,3.5105868167258403,223
1789408053.6407483,1789408053.6402295,7.419652803692045,-24.167856235617485,1.9833685444741151,6.931614612358627,-0.24730438342543173,0.13657037161043623,3.4738927354348488,223
1789408053.6508672,1789408053.6502287,7.489220648383428,-24.17015003125285,1.9846324771686363,6.935805857388388,-0.20980137002129956,0.11531845216974118,3.4378595075232656,223
1789408053.6607625,1789408053.660246,7.55827319356532,-24.172049856429783,1.9856738950900452,6.9406607189045015,-0.17185278917016764,0.09390332037184143,3.4026600580270663,223
1789408053.6708176,1789408053.670202,7.62767185669082,-24.173574017046807,1.9865036102036089,6.946125874623205,-0.13301205061548593,0.07206881459815503,3.3678622268321754,223
1789408053.6810555,1789408053.6802368,7.69746069844338,-24.17471087026315,1.9871158681876442,6.952074997299538,-0.09326966038664944,0.04980633395516573,3.3334628020721446,223
1789408053.6909618,1789408053.6902375,7.766818195673744,-24.17544134506577,1.9875010220968234,6.958274220863644,-0.05312261604614435,0.027389027929895768,3.2998763296704485,223
1789408053.7012653,1789408053.7002811,7.766818195673744,-24.17544134506577,1.9875010220968234,6.958274220863644,-0.05312261604614435,0.027389027929895768,3.2998763296704485,223
1789408053.711536,1789408053.7102334,7.906038179779619,-24.17568369335995,1.9875923940045825,6.970807964058091,0.029291201901307688,-0.01843996619536184,3.234308600386285,223
1789408053.7211146,1789408053.720299,7.975654559676199,-24.175181865027074,1.9872922161429614,6.97668033580202,0.07134335508459135,-0.041744525770601504,3.202470919537366,223
1789408053.7309642,1789408053.7302096,8.045373465002513,-24.17425675490894,1.9867576709372947,6.981970550400643,0.11396348843961875,-0.06532037090110933,3.171236927696068,223
1789408053.7408462,1789408053.7402403,8.11492629932492,-24.172908245175233,1.9859891725078755,6.9863914500534525,0.1569377240956465,-0.08905645989240753,3.1407389537838677,223
1789408053.7508972,1789408053.7502258,8.185254096777404,-24.17111073070142,1.9849712286627539,6.987845794944807,0.19994883364508054,-0.11326009459058142,3.1105888247734623,223
1789408053.7607124,1789408053.760187,8.255940885487544,-24.16888157948872,1.983701060323312,6.979481114932087,0.239786494609536,-0.13778375996261472,3.081015501368133,223
1789408053.7707627,1789408053.7702336,8.32524595112077,-24.166325162579238,1.9822105662639478,6.9561186012433165,0.27327987867739967,-0.16199012779578523,3.052787185687846,223
1789408053.7810729,1789408053.7802322,8.394173973454475,-24.163471861979367,1.9804807388094021,6.914173573209456,0.2997958742407467,-0.18617160963631146,3.025534383844973,223
1789408053.7908552,1789408053.7901998,8.462418886832523,-24.16039993650889,1.9785163103501722,6.8517895094064345,0.3187528227025018,-0.21014396562685042,2.999433674954569,223
1789408053.80084,1789408053.8002167,8.462418886832523,-24.16039993650889,1.9785163103501722,6.8517895094064345,0.3187528227025018,-0.21014396562685042,2.999433674954569,223
1789408053.810724,1789408053.810219,8.597810394823554,-24.15381061104048,1.9738335265004912,6.661406024076052,0.3349326111889568,-0.25737906756263,2.9505510042278456,223
1789408053.8208952,1789408053.8202698,8.664546648819238,-24.150426632225226,1.9711144960532025,6.534048893719103,0.3333968406820104,-0.280232748842929,2.9280169089698855,223
1789408053.8308594,1789408053.8302581,8.728950051833582,-24.14713289524124,1.9682139365267854,6.390352319329448,0.3270416921611589,-0.3018000965897841,2.9073289454395614,223
1789408053.8407805,1789408053.8402255,8.793090037166852,-24.143857173138752,1.9650394483092273,6.227524698258141,0.31703097028429805,-0.3226015491491431,2.8878087072061165,223
1789408053.8508363,1789408053.8502212,8.853404274751771,-24.140800697195406,1.9617790848247132,6.057223460596537,0.30540372955548084,-0.34132891590785563,2.870474662474113,223
1789408053.8607886,1789408053.8603106,8.912644392827643,-24.13782968612704,1.9583026065993303,5.874654000463789,0.29310280414051404,-0.35869643915958754,2.8544367053022084,223
1789408053.8706868,1789408053.870221,8.970864511708887,-24.134936675550005,1.9546074561458122,5.681481988126536,0.28143191357456987,-0.3745043323856845,2.839638690392517,223
1789408053.8808074,1789408053.880246,9.026675431698088,-24.132173337004012,1.9507937886879072,5.4845748871361835,0.27189234632482473,-0.38819337362495143,2.8263468444215083,223
1789408053.8908463,1789408053.8902016,9.080814477399395,-24.129475087180676,1.9468302881731991,5.283646991410784,0.265396213313866,-0.3997891270041992,2.8142724923451934,223
1789408053.9009607,1789408053.9002156,9.080814477399395,-24.129475087180676,1.9468302881731991,5.283646991410784,0.265396213313866,-0.3997891270041992,2.8142724923451934,223
1789408053.9108036,1789408053.9102435,9.1823024839341,-24.124213278102626,1.9386732164357163,4.884250204929917,0.26468147532877745,-0.41578894310326764,2.7936871587892655,223
1789408053.9208596,1789408053.920222,9.230923903980752,-24.121493216564943,1.9344229585182067,4.683829566944598,0.2713821377914917,-0.42012384558715216,2.7846796851907247,223
1789408053.9309509,1789408053.9303117,9.276173981521232,-24.118765362322723,1.9302690872187438,4.492568768420645,0.28251720047263273,-0.4217753547148381,2.776720086388308,223
1789408053.9407442,1789408053.9401975,9.319865385757671,-24.115884788685186,1.926081191744453,4.303604925969315,0.29805780854503006,-0.42085904197236756,2.7693585025033722,223
1789408053.9508257,1789408053.9502175,9.361987947248654,-24.11280810293549,1.9218859416656036,4.117123374278359,0.31753803193472474,-0.41731473293410776,2.7624952579406945,223
1789408053.96073,1789408053.960185,9.402822556527308,-24.10947211504763,1.9176806967521478,3.9315892357021243,0.34039569286769056,-0.41106115731461856,2.755990848325041,223
1789408053.9707592,1789408053.9702215,9.440705183546916,-24.10599825728267,1.9136686009206711,3.7541840735431067,0.364592602202122,-0.4024811783173433,2.7500216579359495,223
1789408053.9808724,1789408053.980224,9.477717243195082,-24.102186179642707,1.9096579080808342,3.5744014539244144,0.390229902138012,-0.3912242235678633,2.744185906998582,223
1789408053.9910202,1789408053.9903154,9.51249453898973,-24.09816818542278,1.9058201840717297,3.3977402415413662,0.41510639477479316,-0.3777830652618858,2.738640902481186,223
1789408054.0009658,1789408054.0002284,9.51249453898973,-24.09816818542278,1.9058201840717297,3.3977402415413662,0.41510639477479316,-0.3777830652618858,2.738640902481186,223
1789408054.0108304,1789408054.0102265,9.577111099162812,-24.089380797595584,1.8985596015278587,3.040440654766757,0.458507122679266,-0.34441690563691035,2.727984122337503,223
1789408054.0208807,1789408054.0202205,9.606450312721588,-24.08473953966044,1.895229368013462,2.8604458997557733,0.47425030851844335,-0.3251620998972045,2.722911498341087,223
1789408054.0309145,1789408054.030315,9.633808546628366,-24.079998988272585,1.8921183182057986,2.678692842793512,0.48471384470127754,-0.30455924653271144,2.7180048533387287,223
1789408054.04069,1789408054.0402195,9.659977204629932,-24.075061825697293,1.889146455664339,2.488894492234264,0.4892489674174842,-0.28218195701005216,2.7131229776132817,223
1789408054.0509212,1789408054.0502186,9.68387507176998,-24.070183264360878,1.8864436715687851,2.298351641290851,0.48699394834736603,-0.2591731604711041,2.7084786643592005,223
1789408054.0609558,1789408054.0601923,9.705908316502413,-24.06534991185866,1.8839680542545378,2.1042774648701106,0.47771112870717575,-0.2354701703521937,2.704017448504991,223
1789408054.0709093,1789408054.0702202,9.725799181933724,-24.060690340017587,1.8817523359484927,1.9098934568358241,0.4615598544984272,-0.21169005242813096,2.6998231374867263,223
1789408054.0810459,1789408054.080258,9.744095656533595,-24.056137657491924,1.8797354171269285,1.7105975448435409,0.4382141139462149,-0.18745266793609117,2.695807302731685,223
1789408054.0911388,1789408054.0903077,9.760033515775064,-24.051947162394054,1.8779993670975028,1.5163814586456292,0.40922286669265856,-0.1641067274397091,2.692169899930384,223
1789408054.1009424,1789408054.10023,9.774286071124072,-24.048006999843473,1.876467169016129,1.321419381999133,0.3742926157260166,-0.14104182208870622,2.688792066794947,223
1789408054.1109147,1789408054.1102731,9.786602060651028,-24.044441077784022,1.8751619389200707,1.1313432219045343,0.33493908844383435,-0.11898423849746094,2.6857638179466448,223
1789408054.12089,1789408054.1202655,9.796951793052653,-24.041315714055113,1.874081460729297,0.9503980635258109,0.29286434466501066,-0.09843211526441231,2.6831275641993644,223
1789408054.1308663,1789408054.1302416,9.805613929503785,-24.038597476920845,1.8731912090785374,0.7779194526663792,0.248740821476252,-0.07928709900011982,2.680844974881593,223
1789408054.1410515,1789408054.1403408,9.81258904668509,-24.03633000573203,1.8724858488720337,0.6185998136862998,0.20458913300007345,-0.06202325090928831,2.6789457977642748,223
1789408054.1508963,1789408054.150224,9.817975289768032,-24.034521952698324,1.8719500186046014,0.4764329825027356,0.162455420121979,-0.04698980375817392,2.677432871399593,223
1789408054.1607838,1789408054.160229,9.822116445675464,-24.033090235792574,1.8715448498075267,0.34868822217652173,0.1223530301611579,-0.03381129823360508,2.676234446983622,223
1789408054.1708083,1789408054.1702247,9.825032023334492,-24.03205440688086,1.8712643558641369,0.2419606529919346,0.08713607063032147,-0.023070740075659724,2.675366216870899,223
1789408054.180942,1789408054.1802394,9.82701509429076,-24.0313320294927,1.8710767634087446,0.15409136380512356,0.05685897957329733,-0.01444279668443589,2.6747594269356205,223
1789408054.1909478,1789408054.1902294,9.82821296594593,-24.030885450901067,1.8709653497809775,0.08792019663586492,0.03317346466302906,-0.008101871263212955,2.6743833001944295,223
1789408054.200948,1789408054.200237,9.82821296594593,-24.030885450901067,1.8709653497809775,0.08792019663586492,0.03317346466302906,-0.008101871263212955,2.6743833001944295,223
1789408054.2109404,1789408054.2102256,9.829121429570721,-24.030537482266208,1.8708826569629227,0.015192613066332239,0.00596286267253987,-0.0013539798187224839,2.6740890868391594,223
1789408054.2209914,1789408054.2202303,9.829201113299714,-24.030505998945692,1.8708755988731642,0.0028178570854331397,0.0011255928574143148,-0.00024702242154930887,2.6740623329153004,223
1789408054.230945,1789408054.2302697,10.73831618402794,-23.784783278182704,1.769567018979691,1.7363037487537587,0.5126243727158271,-0.2879417938287582,2.61918583537482,223
1789408054.2408605,1789408054.2402408,10.754768857549998,-23.779896571673532,1.7668217133549526,1.5663398139045968,0.46808701758757143,-0.2630096298134531,2.6203500857026536,223
1789408054.2509494,1789408054.2502322,10.769672204495102,-23.775416770929212,1.7643042001859697,1.4014700538050648,0.42379262051759764,-0.23819696951028163,2.6214347301865333,223
1789408054.2610807,1789408054.260252,10.782784895823086,-23.771429513938948,1.7620627832044238,1.245887498045016,0.3810112453741792,-0.21421688405070805,2.6224092368567913,223
1789408054.2712379,1789408054.270222,10.794688518059187,-23.76776911064859,1.7600044738363216,1.0940310059183052,0.33833202589865635,-0.19027984502105807,2.6233068885946205,223
1789408054.2812295,1789408054.280253,10.804843718395192,-23.764612275405597,1.7582287955562879,0.9543931563226118,0.29827408305177044,-0.1678003227619285,2.624079415698439,223
1789408054.2909818,1789408054.2902176,10.813838152736134,-23.76178686409636,1.7566390723505356,0.8207424734622378,0.2591903958646937,-0.1458558383419051,2.6247659051360643,223
1789408054.3010168,1789408054.3002267,10.813838152736134,-23.76178686409636,1.7566390723505356,0.8207424734622378,0.2591903958646937,-0.1458558383419051,2.6247659051360643,223
1789408054.311001,1789408054.310246,10.827741576743605,-23.757355223667716,1.754144564881104,0.5878060622975276,0.18926511310817207,-0.10656561868108771,2.6258223260617206,223
1789408054.3209262,1789408054.3202255,10.833105932931563,-23.755620105642002,1.7531674782955873,0.48517418491328534,0.15768442899006063,-0.08880828556771087,2.626224345592785,223
1789408054.331114,1789408054.3302326,10.837507365078931,-23.754183299799543,1.7523581606512162,0.39265184541922493,0.1287774031162815,-0.07254714382511462,2.6265494579870152,223
1789408054.3410683,1789408054.340227,10.84102499699543,-23.75302472308878,1.7517053907024829,0.3108955591077478,0.10286240455707885,-0.05796295982922106,2.6268045997869156,223
1789408054.3510356,1789408054.3502283,10.843752009538427,-23.75211880197297,1.7511948421535135,0.24033740557413563,0.0801901588383922,-0.04519856718640669,2.6269981854232713,223
1789408054.3611567,1789408054.3602288,10.845845111699814,-23.75141766486445,1.7507996044661454,0.1795091398128612,0.060389970641469004,-0.03404683375608941,2.6271431572920214,223
1789408054.3710654,1789408054.3702424,10.84737589211016,-23.750900729685505,1.7505081315611133,0.12895988936740066,0.04373138059178494,-0.024661004519212493,2.6272462988875738,223
1789408054.3808937,1789408054.380239,10.84845253821311,-23.75053429489231,1.7503014684041127,0.08798702062080421,0.030069210734268825,-0.01696067891011277,2.6273166885552897,223
1789408054.3909385,1789408054.3902063,10.849160072698085,-23.750291657233284,1.7501645927599396,0.0563943437769141,0.019416630077907282,-0.01095457442296377,2.6273614752454506,223
1789408054.4008996,1789408054.400228,10.849600830705155,-23.75013939308664,1.750078678560986,0.032717632251186846,0.011347688067450346,-0.006403668017745279,2.62738843436715,223
1789408054.4108715,1789408054.4102316,10.84984150956702,-23.7500556515944,1.750031417275418,0.016583446024273307,0.005792712976148806,-0.003269645375198138,2.627402632676129,223
1789408054.4209077,1789408054.4202256,10.84995413619306,-23.75001619252339,1.750009142837884,0.006630283650860491,0.002332229384639284,-0.0013166983446071256,2.627409032406801,223
1789408054.430902,1789408054.4302278,10.849992371891485,-23.750002707315602,1.75000152889786,0.0017491267156790613,0.0006193736789565918,-0.00034975215811994254,2.627411123576768,223
1789408054.4409564,1789408054.440259,10.84999973539101,-23.75000009439291,1.7500000533151243,0.00014237271378991778,5.073974059710551e-05,-2.8658000908787784e-05,2.6274115116394747,223
1789408054.4511168,1789408054.4502592,10.85,-23.750000000000004,1.75,2.6645352591003757e-15,-3.552713678800501e-15,8.881784197001252e-16,2.6274115251254457,223
1789408054.4609296,1789408054.4602418,10.85,-23.750000000000004,1.75,2.6645352591003757e-15,-3.552713678800501e-15,8.881784197001252e-16,2.6274115251254457,223
1789408054.471022,1789408054.4702308,10.85,-23.750000000000004,1.75,2.6645352591003757e-15,-3.552713678800501e-15,8.881784197001252e-16,2.6274115251254457,223
1789408054.4808538,1789408054.4802327,10.85,-23.750000000000004,1.75,2.6645352591003757e-15,-3.552713678800501e-15,8.881784197001252e-16,2.6274115251254457,223
1789408054.4911213,1789408054.4901981,10.85,-23.750000000000004,1.75,2.6645352591003757e-15,-3.552713678800501e-15,8.881784197001252e-16,2.6274115251254457,223
1789408054.5010402,1789408054.5002236,10.85,-23.750000000000004,1.75,2.6645352591003757e-15,-3.552713678800501e-15,8.881784197001252e-16,2.6274115251254457,223
1789408054.510907,1789408054.5102484,10.85,-23.750000000000004,1.75,2.6645352591003757e-15,-3.552713678800501e-15,8.881784197001252e-16,2.6274115251254457,223
1789408054.5209556,1789408054.520218,10.85,-23.750000000000004,1.75,2.6645352591003757e-15,-3.552713678800501e-15,8.881784197001252e-16,2.6274115251254457,223
1789408054.5311415,1789408054.5302331,10.85,-23.750000000000004,1.75,2.6645352591003757e-15,-3.552713678800501e-15,8.881784197001252e-16,2.6274115251254457,223
1789408054.5410917,1789408054.5402248,10.85,-23.750000000000004,1.75,2.6645352591003757e-15,-3.552713678800501e-15,8.881784197001252e-16,2.6274115251254457,223
1789408054.5510082,1789408054.5502307,10.85,-23.750000000000004,1.75,2.6645352591003757e-15,-3.552713678800501e-15,8.881784197001252e-16,2.6274115251254457,223
1789408054.5609474,1789408054.560225,10.85,-23.750000000000004,1.75,2.6645352591003757e-15,-3.552713678800501e-15,8.881784197001252e-16,2.6274115251254457,223
1789408054.5708344,1789408054.5702233,10.85,-23.750000000000004,1.75,2.6645352591003757e-15,-3.552713678800501e-15,8.881784197001252e-16,2.6274115251254457,223
1789408054.5809264,1789408054.5801976,10.85,-23.750000000000004,1.75,2.6645352591003757e-15,-3.552713678800501e-15,8.881784197001252e-16,2.6274115251254457,223
1789408054.5909696,1789408054.5902321,10.85,-23.750000000000004,1.75,2.6645352591003757e-15,-3.552713678800501e-15,8.881784197001252e-16,2.6274115251254457,223
1789408054.6013284,1789408054.6002266,10.85,-23.750000000000004,1.75,2.6645352591003757e-15,-3.552713678800501e-15,8.881784197001252e-16,2.6274115251254457,223
1789408054.6110568,1789408054.610249,10.85,-23.750000000000004,1.75,2.6645352591003757e-15,-3.552713678800501e-15,8.881784197001252e-16,2.6274115251254457,223
1789408054.621161,1789408054.6202154,10.925190516056013,-23.782046531489353,1.7789187139968627,1.0850280401716614,-0.15627912888873743,0.08451708983719079,2.6861846458093592,223
1789408054.631048,1789408054.6302586,10.936873374568338,-23.783735508251844,1.779828240808847,1.2451041191202479,-0.18064081345590396,0.09688013817461658,2.6923899334702335,223
1789408054.640849,1789408054.6402385,10.949982754030346,-23.78564431907419,1.7808476406146951,1.410678703016976,-0.20611428449575614,0.10962849673731123,2.6994023069203243,223
1789408054.6510544,1789408054.6502502,10.965094757040742,-23.787860396622634,1.7820212092259187,1.586998926243818,-0.2335354572426431,0.12315538469298971,2.707548344280384,223
1789408054.6608584,1789408054.6602407,10.981943195105554,-23.790348605925395,1.783327648694102,1.7688526831373577,-0.26212294394533886,0.13704807568354396,2.7167065918609583,223
1789408054.6712575,1789408054.6702702,11.000754974372478,-23.793146131894463,1.7847838429386442,1.9570016051937245,-0.29201441187944543,0.15135157937817928,2.727024009675357,223
1789408054.681076,1789408054.6802444,11.021162720593649,-23.796201637538246,1.7863605818731334,2.1464814317229224,-0.3224282079456698,0.16567556279030982,2.738323261822595,223
1789408054.691152,1789408054.69024,11.043765329927364,-23.799608237670355,1.7881032091167717,2.341542237634777,-0.3540507012823414,0.180326399702712,2.7509635083262944,223
1789408054.7009304,1789408054.70022,11.043765329927364,-23.799608237670355,1.7881032091167717,2.341542237634777,-0.3540507012823414,0.180326399702712,2.7509635083262944,223
1789408054.7109318,1789408054.7103314,11.094053997668032,-23.807261080948617,1.7919661505035818,2.731054220296403,-0.4180893723020236,0.20924326891996428,2.7795438082686124,223
1789408054.7210183,1789408054.7202258,11.122509027213225,-23.811630372416897,1.7941429971575842,2.9294301261821936,-0.45112681361893336,0.22376571377983234,2.7959849651327815,223
1789408054.7310188,1789408054.7302332,11.152643912224475,-23.816284381311313,1.7964411048416364,3.125245326752594,-0.48399021481472065,0.23794049136147177,2.8136016781094715,223
1789408054.7409394,1789408054.7402246,11.18451027924053,-23.82123268235786,1.7988629408838497,3.318409338977489,-0.5166290251684343,0.25174562151029506,2.832453745323109,223
1789408054.751011,1789408054.750296,11.219190559995027,-23.826645979799434,1.8014886596720359,3.5144098061266016,-0.5499390999698822,0.2655471488839009,2.853223943307035,223
1789408054.7609663,1789408054.760238,11.25479716708663,-23.832230863531276,1.804173390637618,3.7020574376564843,-0.5819739178395475,0.2785373093648869,2.8748159599981244,223
1789408054.7708373,1789408054.7702246,11.293280776703982,-23.83829402727223,1.8070619967413064,3.8911678337749915,-0.6143554842375181,0.29137457778776565,2.8984478923310535,223
1789408054.780981,1789408054.7803001,11.333210013215774,-23.84461070763746,1.810044337601143,4.073999662017465,-0.645700340745426,0.30350598904101134,2.923282000202623,223
1789408054.790921,1789408054.7902324,11.374677218413247,-23.851194349532637,1.8131251107486315,4.250988545268678,-0.6760159741534942,0.31494692728476176,2.949400998215697,223
1789408054.800909,1789408054.8002217,11.374677218413247,-23.851194349532637,1.8131251107486315,4.250988545268678,-0.6760159741534942,0.31494692728476176,2.949400998215697,223
1789408054.8107898,1789408054.8102324,11.462582055873,-23.865212495945467,1.819598066896782,4.588566980673567,-0.7334640738649313,0.3357634417391513,3.0058278776942777,223
1789408054.8207989,1789408054.8202443,11.509795217865031,-23.872766330898894,1.823040729214154,4.751497748014431,-0.7608299423192875,0.34523435176137707,3.036701087226981,223
1789408054.830856,1789408054.830219,11.557640176247945,-23.880432016039656,1.8265041841168028,4.905133331597559,-0.7862741630837479,0.3537446707370457,3.0683724079504895,223
1789408054.840692,1789408054.8402123,11.607826288512811,-23.888478777329794,1.8301088297939219,5.055018280137033,-0.8106289018339453,0.36158832055486523,3.101994245494196,223
1789408054.8509526,1789408054.8502157,11.658887505091938,-23.896666193471056,1.8337455948138932,5.196735946953998,-0.8330855896912593,0.3685175027730232,3.1366071506684237,223
1789408054.8607686,1789408054.8602152,11.711338145820717,-23.905070483346236,1.8374479462417066,5.331979154045861,-0.8538369670402483,0.3746133092849271,3.1725699092535136,223
1789408054.870628,1789408054.870216,11.76619738786384,-23.913847440562424,1.841282911330144,5.4631921178903,-0.8731502624042381,0.37996150825285063,3.210608046138639,223
1789408054.8807657,1789408054.8802173,11.820343256574139,-23.922490088511775,1.8450292757515765,5.58328904760639,-0.8899246960466892,0.3842828779780742,3.248558319575771,223
1789408054.890721,1789408054.8901904,11.877099954157297,-23.931520559680227,1.8489136451689423,5.699965577477688,-0.9051756815598089,0.38786292532878014,3.2887530172125166,223
1789408054.9006953,1789408054.9002123,11.877099954157297,-23.931520559680227,1.8489136451689423,5.699965577477688,-0.9051756815598089,0.38786292532878014,3.2887530172125166,223
1789408054.9109466,1789408054.9102435,11.993158349335687,-23.94986269389666,1.8567149981127606,5.912277469630677,-0.9293453395050314,0.39242981954235606,3.37218516936626,223
1789408054.9208992,1789408054.9202392,12.052526477656611,-23.959164634582656,1.8606292136932774,6.008650724223651,-0.9382642257218369,0.3934642384858209,3.4154670900868647,223
1789408054.930949,1789408054.9302409,12.11370663335699,-23.968681640345235,1.8646066826335765,6.100186796714984,-0.9451465678620983,0.3936911603663181,3.4133888529582523,66
1789408054.9409735,1789408054.9402182,12.175296947831376,-23.97818281510804,1.868551604320362,6.184970407490471,-0.9498033456516825,0.39311828225162715,3.379988771921653,66
1789408054.95101,1789408054.9502225,12.23728674658285,-23.987655780144664,1.8724605556616867,6.263405941156154,-0.9522818867308331,0.3917860556287279,3.3470205329586484,66
1789408054.961019,1789408054.9602237,12.300084165567752,-23.99715096882944,1.8763559060856034,6.336335205098042,-0.952625571293786,0.3897176009022184,3.314295252469988,66
1789408054.9709692,1789408054.9702137,12.364172453336533,-24.006726720639012,1.88026279537245,6.404494158224277,-0.9508206117936221,0.3869139184452535,3.281604717223023,66
1789408054.9811482,1789408054.9802175,12.427601552471534,-24.01608051688074,1.884059828147339,6.4661781927818245,-0.9469806535971452,0.3835002957669308,3.2499637066718865,66
1789408054.9910805,1789408054.9902194,12.492600701765056,-24.025528747380832,1.8878774502771722,6.523871767142562,-0.9410184481214385,0.3793923617643991,3.2182856885114046,66
1789408055.0010583,1789408055.000212,12.492600701765056,-24.025528747380832,1.8878774502771722,6.523871767142562,-0.9410184481214385,0.3793923617643991,3.2182856885114046,66
1789408055.0109231,1789408055.0102253,12.624535095387728,-24.04424031593093,1.8953921203182786,6.625478391160077,-0.9229852560886311,0.36935012044315624,3.1563507944226696,66
1789408055.0209634,1789408055.0201926,12.690667159905063,-24.053364843496208,1.8990379950926837,6.669365618226985,-0.9111447564877682,0.36354965116182386,3.126519517827941,66
1789408055.0309906,1789408055.0302296,12.75778521649471,-24.062438555350784,1.9026539937782843,6.70957919267522,-0.8973424660034054,0.3571983424498104,3.0970867840805276,66
1789408055.0408955,1789408055.040233,12.824885234006555,-24.071312155998296,1.9061830166228173,6.745756633517856,-0.8818413566899806,0.35042300525698616,3.0685223147258602,66
1789408055.0507543,1789408055.0502176,12.893388328143658,-24.080157829705282,1.9096959962324422,6.77886179512745,-0.8643578370379891,0.3431079081828646,3.0402595512836856,66
1789408055.0608006,1789408055.0602238,12.96133588023006,-24.088709441942164,1.9130897939422906,6.8081788743559315,-0.8454571941540353,0.3354932038732349,3.0131348270542078,66
1789408055.0708785,1789408055.0702155,13.029370199575514,-24.09704121272156,1.9163964941423512,6.8343040682370635,-0.8250711913701395,0.327546266529188,2.9868938518030714,66
1789408055.081037,1789408055.0802217,13.09797258732056,-24.10520007822895,1.919637306590244,6.857643752593107,-0.8031274763197819,0.31923930137548595,2.9613758719098295,66
1789408055.091157,1789408055.090245,13.166704947529253,-24.113121848977194,1.922789314629669,6.878257567820458,-0.7798359149106261,0.3106510827837234,2.9367698530199946,66
1789408055.1009526,1789408055.100224,13.166704947529253,-24.113121848977194,1.922789314629669,6.878257567820458,-0.7798359149106261,0.3106510827837234,2.9367698530199946,66
1789408055.1108093,1789408055.110205,13.30331127851688,-24.128084601236264,1.9287689831985866,6.911931689693188,-0.7300045283306591,0.29289572273774134,2.890764069163958,66
1789408055.1210077,1789408055.1202111,13.373434109398964,-24.13534587797738,1.9316898153792865,6.9258981437747735,-0.7027635963993644,0.2834711269754526,2.8686695406224456,66
1789408055.1311083,1789408055.1302307,13.442796899765163,-24.14223886813261,1.93447887989175,6.937778472027456,-0.6748134198158777,0.2739646971513246,2.847844724682807,66
1789408055.1407776,1789408055.1402154,13.51175632691783,-24.14879950826467,1.937152345862946,6.947876116510281,-0.6461069852114522,0.2643445527452765,2.8281674808545403,66
1789408055.1507607,1789408055.1502166,13.581495016981261,-24.155131388572435,1.9397545149926252,6.956534845684053,-0.6162115585336697,0.25445285041243826,2.8093192936071065,66
1789408055.1607661,1789408055.160217,13.651174041924916,-24.16114738201243,1.9422517059145261,6.963800873710117,-0.5855353584807828,0.24441058930791057,2.7915533527445797,66
1789408055.1707757,1789408055.170226,13.72147295558569,-24.166896306568045,1.944666112813831,6.969894830033233,-0.5538268952824237,0.2341184158476592,2.7747191371880953,66
1789408055.1807995,1789408055.180225,13.790834999904126,-24.172247275775042,1.9469439532424604,6.974842685196136,-0.5218441593168032,0.22380184493112001,2.759191212730854,66
1789408055.1908484,1789408055.1902206,13.86060100612821,-24.177301905045606,1.9491292864038403,6.978894206795741,-0.4890219487991523,0.2132559157381892,2.744665471449584,66
1789408055.2009807,1789408055.2002146,13.86060100612821,-24.177301905045606,1.9491292864038403,6.978894206795741,-0.4890219487991523,0.2132559157381892,2.744665471449584,66
1789408055.2107773,1789408055.2102153,13.999695407023669,-24.186378227499876,1.9531640864515953,6.984711107389882,-0.421778920946863,0.19167566764088928,2.7190057597471378,66
1789408055.2208266,1789408055.2202194,14.07051576260675,-24.190476712034688,1.9550501491867527,6.98674800056657,-0.38668168747620496,0.18037066955774866,2.7076437557390833,66
1789408055.2309945,1789408055.230218,14.139678086944675,-24.194132253495553,1.95677985519788,6.988266099000764,-0.3518780928871373,0.16909654084278303,2.697664143668853,66
1789408055.2408607,1789408055.2402291,14.2096250239821,-24.197475691677223,1.9584141055905921,6.989411717524477,-0.3161669993296395,0.15743545826811084,2.6886978571269604,66
1789408055.25084,1789408055.2502184,14.279288445868632,-24.20044742216159,1.9599241198843667,6.99023371876484,-0.2801016047806307,0.14553636552009125,2.6808974640063608,66
1789408055.2608142,1789408055.2602298,14.349368735337798,-24.203071528633334,1.961321818705769,6.990797510470289,-0.24332730117128165,0.13325015844712024,2.674190341913648,66
1789408055.2707658,1789408055.270224,14.419278529556173,-24.20531934594136,1.9625916094275275,6.991141200899813,-0.2061555561038352,0.12064797111763875,2.668640207264024,66
1789408055.2808254,1789408055.2802248,14.48909245477522,-24.20719064974651,1.9637320041598256,6.99129626568863,-0.16855240212056602,0.1076872066231117,2.6642350196345386,66
1789408055.2908874,1789408055.2901917,14.558618693395607,-24.208678661074913,1.964737074816024,6.991278782332769,-0.1306258749942651,0.0943752915793037,2.6609768208905193,66
1789408055.30088,1789408055.300187,14.558618693395607,-24.208678661074913,1.964737074816024,6.991278782332769,-0.1306258749942651,0.0943752915793037,2.6609768208905193,66
1789408055.3108082,1789408055.3101869,14.699433051612875,-24.210524669180373,1.9663559305986782,6.990700698840342,-0.05234641696176817,0.06605070869987452,2.6578205346297703,66
1789408055.3207843,1789408055.320191,14.769178841508749,-24.210850292269818,1.9669417062575958,6.990096345292969,-0.01284628418887162,0.05128551146008634,2.6579571115210214,66
1789408055.3309686,1789408055.3301888,14.838768991560794,-24.210780000319776,1.967376814902155,6.989223148018939,0.02704544741888624,0.03603106243991502,2.6592092842624195,66
1789408055.3408937,1789408055.340226,14.909016930995685,-24.210303735763453,1.9676592912848432,6.988000243625208,0.06779628053066125,0.020079576992522878,2.6615975580417026,66
1789408055.35091,1789408055.350222,14.97870249283593,-24.209424031567718,1.9677782824974963,6.986362763351329,0.10869138110710878,0.003687264179316584,2.6650755411566998,66
1789408055.3609867,1789408055.3602142,15.048290932493577,-24.208135918331717,1.96773107080581,6.984202283925194,0.14998401709148668,-0.01326225253645379,2.6696426522896752,66
1789408055.3709853,1789408055.3702133,15.118568807181505,-24.206414700237207,1.9675089474459846,6.981363333002513,0.1921271747146709,-0.03097780845464862,2.6753554332233795,66
1789408055.3809946,1789408055.380225,15.1884764804422,-24.204278663102176,1.967107908925775,6.977740580744615,0.23446175110379336,-0.049200233103389134,2.682125364750016,66
1789408055.3907683,1789408055.3901973,15.258547709547745,-24.201708671334636,1.9665194232572694,6.973145924870125,0.2772744091417272,-0.06806341544920069,2.689988673574541,66
1789408055.40081,1789408055.4002268,15.258547709547745,-24.201708671334636,1.9665194232572694,6.973145924870125,0.2772744091417272,-0.06806341544920069,2.689988673574541,66
1789408055.4107933,1789408055.410215,15.397057137712604,-24.195347493562554,1.9647822013951814,6.9604888751580605,0.36284037687029935,-0.10706813334736068,2.708661267920912,66
1789408055.420942,1789408055.420215,15.46775752218577,-24.19143605455869,1.9635890103498932,6.951769290124739,0.4068820537727096,-0.12781643068010226,2.719770319146994,66
1789408055.4309602,1789408055.4302175,15.537112345939022,-24.1871574617674,1.9622091435029205,6.941418337266708,0.4502342488933275,-0.14868165434791736,2.731687547482511,66
1789408055.440746,1789408055.4402156,15.60554282449355,-24.182503740318307,1.9606386422655724,6.929208703102048,0.493074433462737,-0.16972801906653306,2.744423190603085,66
1789408055.4507937,1789408055.4502406,15.675393398111149,-24.177307433628073,1.9588156699031845,6.914423326823886,0.5367805585288955,-0.19163559617000114,2.7584112700853405,66
1789408055.4608312,1789408055.4602218,15.74403109746779,-24.171759477058355,1.9568024986585146,6.897318030276268,0.5796060322889663,-0.21352783177092333,2.7731159897819855,66
1789408055.4707658,1789408055.4702258,15.813452490794521,-24.16569993872954,1.9545373087885327,6.877104187435428,0.6226867502208634,-0.23597706393151283,2.7889428622676395,66
1789408055.4809623,1789408055.4802144,15.88109048466177,-24.159360215289606,1.952103871722018,6.8542702593021385,0.6643180561952635,-0.25808072506950186,2.805273425511058,66
1789408055.4909747,1789408055.4902203,15.949605819174453,-24.15249864854316,1.9494078610548031,6.826939605395235,0.7054931374172492,-0.27988893935593984,2.8227198727497114,66
1789408055.501103,1789408055.5002313,16.018526560818554,-24.145165709789307,1.9464842434029859,6.790308440390429,0.7424410644279429,-0.2964910925476661,2.84119055128569,66
1789408055.510777,1789408055.5102262,16.085065259366065,-24.13771966308252,1.9435272539759387,6.741511283263956,0.770669684491415,-0.30318668687236544,2.8599276424161104,66
1789408055.5207803,1789408055.5202217,16.152851091924884,-24.129827872174808,1.9404792714990369,6.674799539602621,0.789884698589066,-0.2980885512601331,2.8799756039381705,66
1789408055.5307508,1789408055.5302293,16.218539790126616,-24.121957087313792,1.9376040095260814,6.591542281703182,0.7983114484548022,-0.28070344415839726,2.9003783828374283,66
1789408055.5406976,1789408055.5402274,16.283665503282567,-24.114010621726266,1.9349456024831269,6.489524851171605,0.7965083680146576,-0.25154863426041785,2.921604424685878,66
1789408055.5508127,1789408055.5502121,16.349082638008063,-24.105958101229106,1.9325825417782208,6.3667623378569065,0.7848601924905655,-0.21142150927774453,2.943973442671578,66
1789408055.5609474,1789408055.5602257,16.41167712178495,-24.0982509236025,1.9307092768174872,6.230001201701984,0.7652704493120951,-0.16462128999705197,2.966398955868152,66
1789408055.5709593,1789408055.5702147,16.473071469014158,-24.090743230808055,1.9293220697660447,6.077634959105558,0.7391517655631878,-0.1130104117166622,2.9893933869093683,66
1789408055.5808988,1789408055.5802193,16.533642927590133,-24.083428852105055,1.928451938106805,5.909993165928148,0.7080715898619623,-0.05925764124553794,3.0130666576714256,66
1789408055.5909324,1789408055.5902221,16.59137876199004,-24.076570828201437,1.928119785713974,5.734729261617147,0.6750615359922826,-0.008303045036904447,3.036550108913396,66
1789408055.6009946,1789408055.600212,16.59137876199004,-24.076570828201437,1.928119785713974,5.734729261617147,0.6750615359922826,-0.008303045036904447,3.036550108913396,66
1789408055.6109023,1789408055.6101904,16.70239663061605,-24.063736020533533,1.9288578671233199,5.357905822635463,0.6087303563740125,0.07688638601085596,3.084190438524235,66
1789408055.6209157,1789408055.6202283,16.754814989722913,-24.05782009719926,1.9297745795872483,5.163155435016101,0.5793504106039455,0.10524889135908261,3.1077760154397516,66
1789408055.63106,1789408055.6302197,16.805343744662927,-24.052169256422456,1.9309166248218934,4.9660707947834055,0.5542898764257873,0.12154685784057989,3.131126848597067,66
1789408055.6411276,1789408055.6402326,16.854782428791836,-24.046643571681656,1.9321779861571038,4.7648907042254915,0.534324971921325,0.12431607388832311,3.1545095786072697,66
1789408055.6507704,1789408055.6502163,16.90090321823673,-24.041434740603687,1.9333616685769999,4.5701208421424555,0.5209656012955463,0.11292054193747192,3.176745493347223,66
1789408055.6606154,1789408055.6601942,16.945558381663293,-24.036274157138337,1.9343726677190034,4.375148314434858,0.5138221081908946,0.08725394135553288,3.1986018109421153,66
1789408055.670681,1789408055.6702173,16.988630539566547,-24.031110097118308,1.9350627103747218,4.180984563610474,0.5129831604679176,0.04759603263199064,3.2199213891676552,66
1789408055.6807163,1789408055.6802275,17.029339755604695,-24.025978939793855,1.9352894221924313,3.9915052907288047,0.5179585332599936,-0.003995291371700738,3.2402178233573484,66
1789408055.6908934,1789408055.6902308,17.068089593689393,-24.02078449074143,1.9349498479431502,3.8049584926024864,0.5278446154552661,-0.06587437972672117,3.2596016656918634,66
1789408055.7007444,1789408055.7002146,17.068089593689393,-24.02078449074143,1.9349498479431502,3.8049584926024864,0.5278446154552661,-0.06587437972672117,3.2596016656918634,66
1789408055.7106621,1789408055.7102644,17.14064750926173,-24.00991776278327,1.9321970765721677,3.434481764302285,0.5578396172963647,-0.2123169834681482,3.2958117492683545,66
1789408055.7207816,1789408055.7203395,17.17436495779008,-24.00420323371799,1.9296587169562631,3.249452318586809,0.5749584605365359,-0.29097183071381727,3.312480602934968,66
1789408055.7306812,1789408055.7302153,17.20587173686428,-23.998385411177196,1.9263705659361707,3.0662558524907886,0.5909844932999535,-0.3677257326411789,3.3278951705452355,66
1789408055.7406597,1789408055.7402174,17.23526157554718,-23.992478847731885,1.9223785471591326,2.883836516957817,0.604317693213373,-0.4395645098581832,3.342088326590915,66
1789408055.7506533,1789408055.7502215,17.263498114050005,-23.986309997482902,1.917586525186316,2.6951576303048754,0.6137676213580157,-0.5058235999363685,3.355515239249626,66
1789408055.7607698,1789408055.760222,17.28929749879051,-23.98020038135158,1.9122889661315503,2.5081369327880982,0.6175181396681227,-0.5608518793208974,3.367569790452596,66
1789408055.7709036,1789408055.7702222,17.31368833749968,-23.973963951055726,1.9063842866488625,2.315014573319226,0.6145852907863237,-0.6046185063511412,3.378748570095765,66
1789408055.7808852,1789408055.7802372,17.335901791626625,-23.96785595394334,1.9001713175989536,2.12164657490847,0.6041455560378418,-0.6339450529206547,3.3887194021221956,66
1789408055.7909203,1789408055.7901819,17.355752118377154,-23.962019211607178,1.8938799344099864,1.9309502139285328,0.5862394329726731,-0.6480968470563317,3.397438197963923,66
1789408055.8011029,1789408055.800234,17.355752118377154,-23.962019211607178,1.8938799344099864,1.9309502139285328,0.5862394329726731,-0.6480968470563317,3.397438197963923,66
1789408055.810979,1789408055.8102276,17.39064757634685,-23.950782854943753,1.8809115953647306,1.5389359749601497,0.525720500904588,-0.6310025469972964,3.4122545915722897,66
1789408055.8209462,1789408055.82023,17.405112617742656,-23.94571112217003,1.8747253659822263,1.34640234909273,0.4846411530845554,-0.6004294918490708,3.4181724178880963,66
1789408055.8310552,1789408055.8302348,17.417638861898496,-23.941093210168912,1.8689255606793949,1.1588943770787732,0.4377303297144965,-0.5571488526053698,3.4231706171794762,66
1789408055.8408644,1789408055.840232,17.42828396682066,-23.936983407870716,1.8636333588600935,0.9788937805917983,0.38647915802858224,-0.5034252654996466,3.427311732832211,66
1789408055.8508725,1789408055.8502414,17.437135765329966,-23.93341796423093,1.8589425288281423,0.8089884431913639,0.33264426827265603,-0.4420209159188522,3.430667904650855,66
1789408055.8607125,1789408055.8602166,17.444448153338936,-23.93035470424364,1.8548362973443064,0.6485345214003195,0.2769976286518532,-0.374610787076645,3.433368886964364,66
1789408055.8708062,1789408055.8702455,17.45014606551869,-23.927879717247187,1.8514639542444085,0.5044302294335845,0.22302700937715647,-0.3062374979005709,3.4354185702906173,66
1789408055.8807595,1789408055.8802173,17.45456660429647,-23.925894269392938,1.8487195170004542,0.3742002924920105,0.1709179109258293,-0.23790660417227794,3.4369668119494,66
1789408055.8908339,1789408055.8902345,17.45773288249557,-23.92442735884764,1.8466658794091169,0.26398022086615713,0.12420601889169969,-0.1749561594610347,3.438046192852611,66
1789408055.9009488,1789408055.900218,17.459900034261494,-23.923394347785397,1.8452034050219568,0.17329377796365197,0.083809523685492,-0.1193109250582125,3.4387653406470275,66
1789408055.9107287,1789408055.9102287,17.88901673097181,-23.769280942985223,1.7606615928404878,1.1853317047204315,0.362972886381393,-0.1990205212521967,3.639239970099322,66
1789408055.9209955,1789408055.9202306,17.900176119921586,-23.76584864012782,1.7587774653164174,1.035809453339598,0.3200340957878745,-0.17588818314509722,3.6453657361974137,66
1789408055.9313793,1789408055.9303045,17.909820673564177,-23.762856198812088,1.75713102976821,0.896049313973769,0.27923320406589575,-0.15380863874764408,3.6506617831759516,66
1789408055.9412265,1789408055.940224,17.918118805131638,-23.760259781426427,1.7556993407047914,0.7656268700283511,0.24056937074136697,-0.1327982785620278,3.655218297421938,66
1789408055.9511337,1789408055.9502285,17.92514270470127,-23.758044191327947,1.7544750538465375,0.64547267159979,0.20443359867130806,-0.11308540824231794,3.659073614140452,66
1789408055.9607506,1789408055.9602253,17.931030151062135,-23.756172522192017,1.7534386976323257,0.5353984928665723,0.1708791514504574,-0.09471427262150955,3.662302835864773,66
1789408055.9708679,1789408055.970222,17.93588958968939,-23.75461594437447,1.7525751061754404,0.43557443888680636,0.1400587148469422,-0.07778245414788693,3.6649655084333346,66
1789408055.9808686,1789408055.9802191,17.939768418718426,-23.753364396712655,1.751879424413559,0.34752541549784155,0.11254574295920416,-0.06261936172186022,3.6670881704821006,66
1789408055.9909382,1789408055.9902115,17.94283973343535,-23.75236643075523,1.751323681650413,0.2699552436235999,0.08803178340735651,-0.04906858790984081,3.6687664180700215,66
1789408056.0010324,1789408056.0002291,17.945211066772522,-23.751590637586087,1.7508908917167232,0.20268143043699105,0.06654176630576791,-0.03715555827913686,3.6700599769655295,66
1789408056.010923,1789408056.010214,17.946961752102073,-23.751014084105655,1.7505686943965741,0.1462388677338402,0.04832610918915248,-0.02703037593983082,3.6710131858803785,66
1789408056.0209835,1789408056.020212,17.948178525996305,-23.7506108078187,1.7503429559335506,0.10108183127982429,0.03361157074238208,-0.018830539429195547,3.6716743757364756,66
1789408056.0310776,1789408056.030214,17.948999422925716,-23.750337073664614,1.7501894862061338,0.06542620087199191,0.021887195991360686,-0.012281416662488942,3.672119526509413,66
1789408056.040999,1789408056.0402212,17.9495118005932,-23.750165204394957,1.7500929785018118,0.03873924089607694,0.013035692504543839,-0.007325823754021243,3.672396782347891,66
1789408056.0510857,1789408056.0502138,17.949799260453702,-23.750068227786578,1.7500384431179232,0.02017135272754178,0.006826241096568708,-0.0038419076602036473,3.672551994346653,66
1789408056.0609767,1789408056.0602145,17.949938130950027,-23.75002111935488,1.750011913188147,0.008460676137747036,0.0028791398573595472,-0.0016227715196264203,3.672626813480323,66
1789408056.0709267,1789408056.0702715,17.949988406198592,-23.750003974138792,1.7500022442056444,0.002442574791285068,0.0008356216461495869,-0.0004716347442264013,3.6726538422450044,66
1789408056.0807927,1789408056.0802262,17.949999449460922,-23.750000189493573,1.7500001071226103,0.00025184895622398784,8.660876920574268e-05,-4.8949475799808795e-05,3.672659767246276,66
1789408056.0907264,1789408056.0902174,17.95,-23.750000000000004,1.7500000000000004,1.7763568394002505e-15,3.552713678800501e-15,0.0,3.6726600620935623,66
1789408056.1009552,1789408056.1002164,17.95,-23.750000000000004,1.7500000000000004,1.7763568394002505e-15,3.552713678800501e-15,0.0,3.6726600620935623,66
1789408056.110703,1789408056.1102223,17.95,-23.750000000000004,1.7500000000000004,1.7763568394002505e-15,3.552713678800501e-15,0.0,3.6726600620935623,66
1789408056.120685,1789408056.1202118,17.95,-23.750000000000004,1.7500000000000004,1.7763568394002505e-15,3.552713678800501e-15,0.0,3.6726600620935623,66
1789408056.130742,1789408056.1302257,17.95,-23.750000000000004,1.7500000000000004,1.7763568394002505e-15,3.552713678800501e-15,0.0,3.6726600620935623,66
1789408056.1407766,1789408056.140212,17.95,-23.750000000000004,1.7500000000000004,1.7763568394002505e-15,3.552713678800501e-15,0.0,3.6726600620935623,66
1789408056.1507897,1789408056.1502151,17.95,-23.750000000000004,1.7500000000000004,1.7763568394002505e-15,3.552713678800501e-15,0.0,3.6726600620935623,66
1789408056.1607382,1789408056.1602166,17.95,-23.750000000000004,1.7500000000000004,1.7763568394002505e-15,3.552713678800501e-15,0.0,3.6726600620935623,66
1789408056.1706443,1789408056.1702118,17.95,-23.750000000000004,1.7500000000000004,1.7763568394002505e-15,3.552713678800501e-15,0.0,3.6726600620935623,66
1789408056.180901,1789408056.1802151,17.95,-23.750000000000004,1.7500000000000004,1.7763568394002505e-15,3.552713678800501e-15,0.0,3.6726600620935623,66
1789408056.191023,1789408056.1902242,17.95,-23.750000000000004,1.7500000000000004,1.7763568394002505e-15,3.552713678800501e-15,0.0,3.6726600620935623,66
1789408056.2009587,1789408056.200213,17.95,-23.750000000000004,1.7500000000000004,1.7763568394002505e-15,3.552713678800501e-15,0.0,3.6726600620935623,66
1789408056.2107275,1789408056.2101789,17.95,-23.750000000000004,1.7500000000000004,1.7763568394002505e-15,3.552713678800501e-15,0.0,3.6726600620935623,66
1789408056.2207263,1789408056.220209,17.95,-23.750000000000004,1.7500000000000004,1.7763568394002505e-15,3.552713678800501e-15,0.0,3.6726600620935623,66
1789408056.2309604,1789408056.2302215,17.9959851348433,-23.777939835025016,1.7764176155482012,0.5826374170615664,-0.08142025208097552,0.039499183570105886,3.72576933142097,66
1789408056.240816,1789408056.2403364,18.002351553264695,-23.77882904511678,1.7768494946905173,0.699192729181897,-0.0976092133394,0.04745950727816754,3.731191357027026,66
1789408056.2507703,1789408056.250218,18.010098138525734,-23.779909889095123,1.7773756491201032,0.8288549264843057,-0.11558438791914163,0.056330110723527324,3.737791830174664,66
1789408056.260987,1789408056.2601924,18.019087444234373,-23.781162731077796,1.777986947652123,0.9669542230891773,-0.13468950317713763,0.06579339956810726,3.7454554010744583,66
1789408056.2713068,1789408056.2702568,18.02928972858589,-23.7825829875225,1.778681531438056,1.1115110140816389,-0.15464356385568867,0.07571420367780626,3.7452895190187303,106
1789408056.281351,1789408056.2802298,18.041280564908984,-23.784250187825656,1.7794987905005257,1.2686264746685063,-0.17627846205857242,0.08651198323711227,3.738429791334504,106
1789408056.2908902,1789408056.290216,18.05488580323856,-23.786139380951525,1.7804270774193025,1.433749721918012,-0.19895486314497923,0.09787441356064,3.730676860620323,106
1789408056.301145,1789408056.3003914,18.070139255368336,-23.788254516259617,1.7814688713512619,1.6056305865316087,-0.22248977383100338,0.10971446316505312,3.7220231053640442,106
1789408056.310777,1789408056.3102329,18.070139255368336,-23.788254516259617,1.7814688713512619,1.6056305865316087,-0.22248977383100338,0.10971446316505312,3.7220231053640442,106
1789408056.3211007,1789408056.3202388,18.10571406341171,-23.793176371359458,1.783901929085908,1.9653649811961127,-0.2714998825149759,0.1345221940188494,3.7019987477642107,106
1789408056.3314006,1789408056.3302808,18.126500511231956,-23.796045398878235,1.785325208341002,2.1549362015079816,-0.297180667047138,0.14760140779680303,3.6904016412390255,106
1789408056.3409085,1789408056.3402982,18.148558823823826,-23.799084706324678,1.7868365331371387,2.342947426253578,-0.3225402669432613,0.1605703134573902,3.6781788041329073,106
1789408056.350971,1789408056.3503077,18.173099522503357,-23.802459834642693,1.7885187940583893,2.5386236302261977,-0.3488075791913402,0.17405855286291785,3.6646826580490903,106
1789408056.3607461,1789408056.360232,18.199462630131634,-23.806078445326616,1.7903266493285268,2.7352858342699267,-0.37506549428228086,0.18759723638356682,3.6503052359079082,106
1789408056.3709216,1789408056.3702118,18.22827538192141,-23.810024926960043,1.792302897587638,2.936406317431362,-0.401756700565485,0.20141490291733932,3.634736528442724,106
1789408056.3809013,1789408056.3802428,18.25797762515707,-23.814084161135963,1.7943401986943428,3.130614893143469,-0.4273583356602041,0.21471980939297328,3.61884699100492,106
1789408056.391039,1789408056.3902256,18.290366999562476,-23.818500145233244,1.7965614030651023,3.329113550090831,-0.45333037101679463,0.22826663600907185,3.601706962641821,106
1789408056.4011455,1789408056.4002147,18.290366999562476,-23.818500145233244,1.7965614030651023,3.329113550090831,-0.45333037101679463,0.22826663600907185,3.601706962641821,106
1789408056.410848,1789408056.4102225,18.36081434839564,-23.828067005347705,1.8013888528389632,3.7204058628348506,-0.5038519110460946,0.254749627689026,3.56511231150617,106
1789408056.420853,1789408056.4202209,18.399336611249897,-23.83327610699674,1.8040251688353928,3.9143777337294647,-0.5285032951643814,0.26772618715617186,3.545505771242452,106
1789408056.430853,1789408056.4302914,18.439211864842672,-23.838651245521152,1.8067505247197806,4.1023322836250316,-0.5520934297257601,0.28016955232971885,3.525517503794094,106
1789408056.4407885,1789408056.4402204,18.481413448972464,-23.844320851999633,1.809630068986359,4.28847154562466,-0.5751244648788375,0.2923333894787997,3.5047085045061013,106
1789408056.4507813,1789408056.4502254,18.524457318900566,-23.850082888910073,1.8125610318567105,4.466089353887532,-0.5967454132182122,0.3037554716399571,3.483856020222133,106
1789408056.460801,1789408056.4602315,18.570088559445004,-23.8561678085517,1.8156603842908294,4.642141287624631,-0.6177763960817625,0.31485434023740183,3.462167091947659,106
1789408056.4709568,1789408056.4702203,18.61791352086322,-23.862518543519762,1.8188988244403415,4.814343956370178,-0.6378964932800559,0.32544294783658484,3.4399041914954225,106
1789408056.481011,1789408056.4802248,18.6663569899877,-23.868922596440992,1.8221673486065721,4.977036694760248,-0.6564216797418633,0.33514304031567466,3.417851335621296,106
1789408056.4908953,1789408056.4902263,18.716802771587176,-23.875559397401545,1.8255566922489461,5.134945499219248,-0.673868154817928,0.3442049583552232,3.395429567608059,106
1789408056.5011263,1789408056.5002224,18.716802771587176,-23.875559397401545,1.8255566922489461,5.134945499219248,-0.673868154817928,0.3442049583552232,3.395429567608059,106
1789408056.5107818,1789408056.5101888,18.822860651562905,-23.889400599197934,1.832626906202766,5.432667526056558,-0.7049401938645791,0.3600092098096045,3.350141811490916,106
1789408056.520931,1789408056.5202172,18.87830031417429,-23.896571811204645,1.836287985845231,5.571689540216,-0.7183995705548084,0.366609740826525,3.3274938227795965,106
1789408056.5310466,1789408056.5302093,18.934304799520266,-23.903768710534823,1.839958551887225,5.701687070962685,-0.7301988326780781,0.3721699300186774,3.3053487432997826,106
1789408056.5409725,1789408056.5402255,18.992054168280323,-23.911137526275645,1.8437110736697424,5.8255393301058085,-0.7405710640808465,0.3767688217351787,3.2833014533299303,106
1789408056.5509915,1789408056.5502129,19.05068321904372,-23.91856149411998,1.8474836116771933,5.941435596465511,-0.7493262624175213,0.380285615847233,3.2617530084288004,106
1789408056.5609512,1789408056.5602,19.110637051468448,-23.92609059189588,1.8512987730741188,6.05040821571762,-0.7565124255280019,0.3827032031700908,3.240604935197463,106
1789408056.570803,1789408056.5702217,19.172573860754003,-23.933798602826407,1.8551903698900536,6.153551158192767,-0.7621386807541195,0.38396718557455195,3.21971862494421,106
1789408056.5809662,1789408056.5801942,19.23328372156143,-23.94128094899338,1.8589510776735991,6.24598006046461,-0.7659496360006818,0.3840027454436091,3.2002130000865305,106
1789408056.591053,1789408056.5902357,19.296170899996994,-23.948951180281224,1.862785207018017,6.333287230331684,-0.7681835029031208,0.3827931598022399,3.1810370721568595,106
1789408056.6011307,1789408056.600191,19.296170899996994,-23.948951180281224,1.862785207018017,6.333287230331684,-0.7681835029031208,0.3827931598022399,3.1810370721568595,106
1789408056.6109962,1789408056.6101942,19.425089985874166,-23.964399317001504,1.870425154877797,6.487833135464152,-0.7675546138976815,0.37637177585824616,3.145085495361697,106
1789408056.6209369,1789408056.620225,19.4904671475626,-23.972080503872107,1.8741727553364356,6.554802896240623,-0.7646721391668647,0.3710951052473838,3.128622893369964,106
1789408056.6310425,1789408056.6302195,19.556603205392896,-23.979737995217906,1.8778669160827737,6.615475375598469,-0.7600699241744583,0.3643729481646657,3.1132098739495317,106
1789408056.640973,1789408056.6402345,19.622536661521725,-23.987252432708296,1.8814445039882475,6.669396267359579,-0.753840962452369,0.3562826843233861,3.0991077138917675,106
1789408056.651086,1789408056.6502266,19.690374968899015,-23.994852039564453,1.8850066725387753,6.71855003911242,-0.745768849114346,0.3465073140592346,3.08593700965521,106
1789408056.6610122,1789408056.6602077,19.75739286831102,-24.00222074971982,1.8883979511696276,6.761303575526289,-0.7361824247834868,0.33540007078554485,3.0742801035901546,106
1789408056.6708732,1789408056.670219,19.8246481690503,-24.009468735888696,1.8916635336312246,6.798881881311102,-0.7249944917370472,0.32279997018732326,3.0639556000052246,106
1789408056.680867,1789408056.6802342,19.89294800613915,-24.01667032875632,1.894827957594423,6.832047127008794,-0.712097047441805,0.3085229388930047,3.0548987554333777,106
1789408056.6907117,1789408056.6901963,19.960755648621426,-24.023656840469148,1.897808905497312,6.860325868340612,-0.6988735112176908,0.29336291692571764,3.0473451199905703,106
1789408056.701043,1789408056.700221,19.960755648621426,-24.023656840469148,1.897808905497312,6.860325868340612,-0.6988735112176908,0.29336291692571764,3.0473451199905703,106
1789408056.7108195,1789408056.7102227,20.09898074956875,-24.03746853930106,1.9033927481219381,6.904537143811469,-0.6792545753468434,0.2633474654092867,3.036343020831551,106
1789408056.7207797,1789408056.7202194,20.168277054572155,-24.04425838588423,1.9059654731791085,6.920469743176856,-0.6763624997422838,0.2502392202388597,3.032976216490441,106
1789408056.7309678,1789408056.7302346,20.237628211073222,-24.051040569856205,1.9084132274392414,6.932665699603923,-0.679531189730142,0.23908070913887156,3.0309722877624665,106
1789408056.7408051,1789408056.7402258,20.305890924291994,-24.057768978315323,1.9107206508079768,6.941329495643246,-0.6891318347361102,0.23028037207017196,3.0302709661350122,106
1789408056.7508962,1789408056.7502272,20.376024340094514,-24.064807511705016,1.9130106038195043,6.947116392516733,-0.7059276299251929,0.22361602324667745,3.0307941034632666,106
1789408056.7606947,1789408056.7602363,20.44555877245513,-24.071983560153164,1.9152250913989926,6.95007167693434,-0.7294466575685871,0.21936983696597692,3.0324861987795515,106
1789408056.7707255,1789408056.7702177,20.514553452790548,-24.07936708114135,1.9173909063135635,6.950565389739553,-0.7592136054434843,0.21734613022408397,3.0352516766137767,106
1789408056.780885,1789408056.780227,20.584128408121046,-24.08714338670337,1.919565180765036,6.948355998361769,-0.7952814666406063,0.21735120603355704,3.0390712731308005,106
1789408056.7908344,1789408056.7902315,20.654004951877997,-24.09534986107571,1.9217596256965461,6.94297187977655,-0.8370808917063555,0.21919614818385016,3.043887144171238,106
1789408056.8009582,1789408056.800219,20.654004951877997,-24.09534986107571,1.9217596256965461,6.94297187977655,-0.8370808917063555,0.21919614818385016,3.043887144171238,106
1789408056.810669,1789408056.8102348,20.792320454545365,-24.112979686084685,1.9262000581744863,6.924079278685574,-0.933106681693264,0.22665709280420354,3.0561013275592197,106
1789408056.8207762,1789408056.8202224,20.862071647226145,-24.12265363468291,1.928508521051234,6.9118638822299445,-0.986204755535747,0.23126979137908926,3.0635276363049915,106
1789408056.8308887,1789408056.8302162,20.930335820263327,-24.13266634579907,1.9308163306443358,6.899359497339812,-1.0397099205087437,0.23555881375274385,3.071581740350269,106
1789408056.8407903,1789408056.8402283,20.998971713862634,-24.143288609042056,1.9331801116932876,6.887125623148289,-1.093838896697701,0.23904751192361456,3.0804519789261033,106
1789408056.850806,1789408056.8502226,21.068571148917936,-24.154626223370634,1.9356099598800183,6.875846841742297,-1.1478094176350848,0.24114504673827775,3.0902386705284117,106
1789408056.8608294,1789408056.8602464,21.136946264751597,-24.16630437570016,1.9380121107632688,6.866287256127607,-1.1988129417237003,0.24127844689430036,3.1006431000931447,106
1789408056.8708313,1789408056.8702219,21.206443957477124,-24.178695879206646,1.9404465051450654,6.858138119453827,-1.2476163434143477,0.2390222931819533,3.112044219135944,106
1789408056.8809707,1789408056.8802242,21.27443406453647,-24.19129157499739,1.9427952680585079,6.851572362616052,-1.291442117449296,0.23410677884903872,3.1240348929936634,106
1789408056.8910336,1789408056.8902557,21.344082187903556,-24.204632518586024,1.945137362801438,6.846051194676386,-1.3313462519398678,0.2259538831230375,3.1372162621769526,106
1789408056.9010675,1789408056.9002457,21.344082187903556,-24.204632518586024,1.945137362801438,6.846051194676386,-1.3313462519398678,0.2259538831230375,3.1372162621769526,106
1789408056.9108636,1789408056.9102,21.4802222482473,-24.231764070651653,1.9493970010422794,6.837439032545424,-1.391206577689333,0.1998307309909134,3.165794155001229,106
1789408056.9209745,1789408056.9201963,21.547960577679746,-24.245652366826338,1.9512890602149555,6.833411289171364,-1.4104396252613747,0.18139895897873087,3.181504683703626,106
1789408056.9310527,1789408056.930202,21.617518058133232,-24.260078702895584,1.953022660604382,6.828777377526003,-1.4215725646762682,0.15839275088150875,3.1987480825892503,106
1789408056.9406443,1789408056.9401789,21.68476693083098,-24.27409758973518,1.9544560738613521,6.823249954832847,-1.4227477616289266,0.1318888250206521,3.2165547004005584,106
1789408056.9508412,1789408056.9502292,21.753187442743904,-24.288333182436304,1.9556251462508794,6.81599316752775,-1.4132354614324572,0.10039653754372455,3.2358892543708944,106
1789408056.9606616,1789408056.9602222,21.821164285028583,-24.302342362278228,1.9564516469373359,6.806586275980045,-1.3923502298685215,0.06447367235478578,3.2563889709257468,106
1789408056.9707923,1789408056.9702597,21.890036830474862,-24.31628513878386,1.956900336762535,6.7942630791226435,-1.3591406976090326,0.023371144103723804,3.278546943935139,106
1789408056.9809482,1789408056.9802108,21.95653809508691,-24.32939880106435,1.9569171304850006,6.779256624600923,-1.3157892500133372,-0.020606315691602158,3.301336267652875,106
1789408056.9909258,1789408056.9902163,22.0253757964772,-24.34250202148291,1.9564584384954278,6.760058135887944,-1.2597003425822553,-0.07026766973840715,3.326432306979359,106
1789408057.0010436,1789408057.0002184,22.0253757964772,-24.34250202148291,1.9564584384954278,6.760058135887944,-1.2597003425822553,-0.07026766973840715,3.326432306979359,106
1789408057.010932,1789408057.0102215,22.160225300840224,-24.366371538841978,1.953989951998858,6.709732961460567,-1.118575709750858,-0.17849087538439473,3.3802427592252258,106
1789408057.0211406,1789408057.0202494,22.22646667633503,-24.377033753721168,1.9519397431098846,6.677854843509184,-1.0349864838680165,-0.2363074442955817,3.409014524094541,106
1789408057.030922,1789408057.03025,22.292934064581907,-24.386907652919014,1.9492803568341066,6.640442592050762,-0.942263493797072,-0.296953218212253,3.4394788210394016,106
1789408057.0409355,1789408057.0403194,22.359831937065852,-24.395922540675382,1.945960370071335,6.5967261194949565,-0.8403541896644557,-0.3603228419195234,3.471781438172312,106
1789408057.0511146,1789408057.0502217,22.4252135594983,-24.403752107019887,1.942059301100248,6.547499530872494,-0.7326353439707483,-0.42422463028946944,3.5049675929871777,106
1789408057.061345,1789408057.0602722,22.490562264851043,-24.410522425708418,1.9374798673717892,6.491267747968996,-0.6172475591433659,-0.4897197281621419,3.5397559835406187,106
1789408057.071194,1789408057.0702214,22.554812902309603,-24.416066167646836,1.932283495230412,6.428552475817819,-0.4966714284997709,-0.5553545576928054,3.5755584767602273,106
1789408057.080934,1789408057.0802062,22.61870607798632,-24.420401600216984,1.9264036500302435,6.358321481963671,-0.370252039953972,-0.6214729592930914,3.6127526184344556,106
1789408057.0909374,1789408057.0902238,22.681623823857354,-24.42344220258832,1.9198902031627811,6.280954163484443,-0.23998337556996352,-0.6870188402716296,3.6509464230479414,106
1789408057.101202,1789408057.1004348,22.681623823857354,-24.42344220258832,1.9198902031627811,6.280954163484443,-0.23998337556996352,-0.6870188402716296,3.6509464230479414,106
1789408057.1112976,1789408057.1102407,22.806634237524737,-24.42554441177653,1.9047038381296644,6.100884141454079,0.03322039593744471,-0.8168557782475644,3.7315127821812895,106
1789408057.121695,1789408057.1202486,22.86763446607808,-24.42451041115942,1.89615296394731,5.999195061902044,0.17200604523180443,-0.8791310588571396,3.7731167792100906,106
1789408057.1313322,1789408057.1302173,22.925987198450013,-24.422159228129672,1.8872380295105473,5.892727855162145,0.30711141374987705,-0.9374469201963042,3.8143404161843284,106
1789408057.1411178,1789408057.140225,22.98424837588457,-24.418410926298726,1.8775937990703404,5.77691325120557,0.44347026453889643,-0.9939774009462118,3.8569047532578384,106
1789408057.1510434,1789408057.1502032,23.041442833769434,-24.41329848965895,1.867377716102675,5.6534052176886025,0.5778924511496965,-1.0473396766313845,3.900071524620235,106
1789408057.160922,1789408057.1602142,23.09727282793574,-24.40686868655916,1.8566643122526811,5.522879889624473,0.7087402621948554,-1.0968867503188098,3.9435457640834652,106
1789408057.1710017,1789408057.1702275,23.152353633823818,-24.399061914483756,1.8453512890892891,5.384037541992054,0.8363564761857457,-1.1427479757012853,3.9877494280855954,106
1789408057.1810758,1789408057.180223,23.20526365019625,-24.39013226502428,1.8337655167550473,5.241464938348915,0.9558761124114906,-1.183306637866161,4.031454251882626,106
1789408057.1910965,1789408057.1902034,23.25693519893232,-24.38000692379155,1.8217516056432896,5.093607977920992,1.06807793539341,-1.2189415773384407,4.07532252250409,106
1789408057.201113,1789408057.2002184,23.25693519893232,-24.38000692379155,1.8217516056432896,5.093607977920992,1.06807793539341,-1.2189415773384407,4.07532252250409,106
1789408057.2110555,1789408057.2102299,23.355685898574066,-24.356630398834145,1.7968060430122976,4.786180866834322,1.2648140422772867,-1.2736568277899945,4.026190864336724,258
1789408057.2210615,1789408057.2202237,23.4027236198154,-24.343565786100097,1.7839796527144705,4.627077468371547,1.3481240915724808,-1.292356567965048,3.994410873568005,258
1789408057.2312584,1789408057.2302454,23.44838607682051,-24.329647077825264,1.7709280720630887,4.463656857933868,1.4212847108624689,-1.305190286730261,3.9645522561768036,258
1789408057.240888,1789408057.2402089,23.49202047646994,-24.315174575190355,1.757890343600281,4.298168964820718,1.4832421854572846,-1.311987016352528,3.9369814082982293,258
1789408057.250804,1789408057.2502165,23.534255167452482,-24.300038538700885,1.7447296848607652,4.128095860620228,1.535006128310216,-1.3129013206059459,3.911238821523999,258
1789408057.2606602,1789408057.260189,23.574699431012693,-24.2844633572396,1.731611777949095,3.9547810240894212,1.5762323296791003,-1.3079684216341134,3.8875075264005146,258
1789408057.270732,1789408057.2702162,23.61280165761474,-24.26877789410014,1.7187745411397282,3.7807603423452267,1.6068439934627547,-1.2975345401628473,3.866023916715042,258
1789408057.2807913,1789408057.280227,23.650035513698082,-24.25244879197839,1.7057599250354227,3.599123914934316,1.628231570977727,-1.2812810159581876,3.8459024950843252,258
1789408057.2910292,1789408057.2901947,23.685260736038867,-24.23603004884433,1.6929957166402947,3.4151532950364416,1.6398270318366832,-1.2597178121802206,3.827717586279433,258
1789408057.3011098,1789408057.3002176,23.685260736038867,-24.23603004884433,1.6929957166402947,3.4151532950364416,1.6398270318366832,-1.2597178121802206,3.827717586279433,258
1789408057.3110251,1789408057.3102274,23.749396924818665,-24.203453961710757,1.668522476763162,3.0436223762961285,1.6356375192243713,-1.2022497215925234,3.7969621899969117,258
1789408057.3210106,1789408057.3203595,23.778868793220212,-24.187174822505483,1.6566819821760055,2.853765767738166,1.6205814106416325,-1.1664223669684275,3.783973742697889,258
1789408057.331073,1789408057.3301964,23.806493564535195,-24.171054026153698,1.6451972335346154,2.662554843928253,1.5972431169056356,-1.1262988890086534,3.772544342233188,258
1789408057.3409793,1789408057.3402297,23.832127840581734,-24.1552540041265,1.634166603910393,2.4718379497530987,1.5660800221064504,-1.082427946268392,3.762656922279129,258
1789408057.3509333,1789408057.3502212,23.855972339880342,-24.13972888190594,1.6235415056808487,2.2811025473408475,1.527153003055149,-1.0348151861842347,3.754157975262497,258
1789408057.3607128,1789408057.3602195,23.878043224202823,-24.124538384005795,1.6133486115142515,2.0911926739544078,1.4806221377341429,-0.9837234681321072,3.7469721470216473,258
1789408057.3709087,1789408057.3702297,23.897887725965,-24.110096118466178,1.6038441118024362,1.9075846288402563,1.4280319850968326,-0.9307806086579739,3.741151853993062,258
1789408057.3809092,1789408057.3802266,23.916088167548725,-24.096082345199157,1.5947964489662714,1.726565247811831,1.368473307115009,-0.8750456603737088,3.7364311047565244,258
1789408057.3910782,1789408057.3902216,23.932515158267513,-24.082684521164406,1.5863096963323025,1.550861135745758,1.3027979673447794,-0.8173921902977108,3.7327631326494513,258
1789408057.4010725,1789408057.400217,23.932515158267513,-24.082684521164406,1.5863096963323025,1.550861135745758,1.3027979673447794,-0.8173921902977108,3.7327631326494513,258
1789408057.4109762,1789408057.4102087,23.960158887457784,-24.05808961085106,1.5711575273738034,1.2215159803466216,1.156052741442697,-0.6988327838495989,3.7281770080039824,258
1789408057.4209597,1789408057.4202394,23.971595723879172,-24.046934811338936,1.5644750953848032,1.0691540640175394,1.0760313866170683,-0.6386830830405793,3.727022968918067,258
1789408057.4309459,1789408057.4302475,23.981486160350247,-24.036672532762307,1.5584374308152427,0.9272314839832497,0.9932593146933522,-0.5791033405842068,3.7264837992383826,258
1789408057.4407153,1789408057.4402223,23.99009113479314,-24.02716056717902,1.5529400369894246,0.7940679718303512,0.9072068311880831,-0.5196112633733148,3.7264440154268246,258
1789408057.4508426,1789408057.4502203,23.997477507497553,-24.01844386070314,1.547990628777806,0.6705161018654978,0.8187977946165096,-0.4607722101959538,3.7268111437034475,258
1789408057.460823,1789408057.460232,24.00358757529565,-24.01073483518438,1.5436886685484346,0.5598473206940888,0.7312194732400227,-0.40452426310555223,3.727473525759661,258
1789408057.4708295,1789408057.4702272,24.008659651113977,-24.00388448935508,1.539929973207615,0.4601820007324771,0.6440922368651231,-0.35039698236836353,3.7283447792937614,258
1789408057.4811592,1789408057.480367,24.01281974815715,-23.997857031412654,1.5366773665258175,0.37120101917611903,0.5581215809244283,-0.29864488655991117,3.729348307546154,258
1789408057.4909673,1789408057.490223,24.01616444163845,-23.99264518862389,1.5339106527069288,0.29299111942118544,0.4745064348362791,-0.24979687008758591,3.7304117392309197,258
1789408057.5009162,1789408057.5002198,24.018749017409558,-23.988304596629487,1.5316430496269453,0.22662880121778006,0.39593629421446236,-0.20517649004838667,3.7314517808991847,258
1789408057.5108378,1789408057.510231,24.020712088767613,-23.984745183411775,1.529812151616121,0.17102354646529633,0.3229917765770634,-0.16483650878589445,3.7324237417012855,258
1789408057.5209072,1789408057.520221,24.022181854805176,-23.981860223207388,1.528350467652681,0.12478375293348597,0.25564779272764276,-0.12852038572984875,3.7333032546124003,258
1789408057.531045,1789408057.5302298,24.02323855104468,-23.979607026363073,1.5272256894808445,0.08752284790687172,0.19521017012436845,-0.09670315630296292,3.7340586564591054,258
1789408057.540789,1789408057.5402243,24.023969590632703,-23.977906989529984,1.526389301757655,0.05829399060676904,0.14220216564673407,-0.06943137726126813,3.7346780487030844,258
1789408057.5508804,1789408057.5502162,24.024437739250487,-23.97671517681402,1.5258111851372225,0.036773124762011944,0.09839746711088476,-0.04738058282812102,3.735145209770342,258
1789408057.5606968,1789408057.5602243,24.02472379550056,-23.975914961620443,1.525428287485555,0.02138491184953606,0.06309709073304515,-0.029973059104532004,3.7354797834010074,258
1789408057.570722,1789408057.5702093,24.02488240349714,-23.975424925224416,1.5251969028651997,0.011138564997661304,0.03644376192934434,-0.017084996844497602,3.735696882854938,258
1789408057.5808294,1789408057.5802107,24.02495948872266,-23.97516046161123,1.5250736231767066,0.004932970545942772,0.018011686140601668,-0.008336659745085129,3.7358203073760126,258
1789408057.5907354,1789408057.5902116,24.024990494398303,-23.975041579179422,1.5250188907101374,0.0016308465188595855,0.00670993760344929,-0.003066783470866724,3.735878466106412,258
1789408057.6008074,1789408057.6002138,24.024990494398303,-23.975041579179422,1.5250188907101374,0.0016308465188595855,0.00670993760344929,-0.003066783470866724,3.735878466106412,258
1789408057.6106834,1789408057.610234,24.02499999318256,-23.975000037165195,1.5250000165683366,6.762163529350218e-06,3.64202524987256e-05,-1.6251630649444238e-05,3.7358997685526574,258
1789408057.6209364,1789408057.6202302,24.025000000000006,-23.975,1.5250000000000004,1.3322676295501878e-15,-4.440892098500626e-16,5.551115123125783e-17,3.7358997888424716,258
1789408057.6308856,1789408057.63022,24.025000000000006,-23.975,1.5250000000000004,1.3322676295501878e-15,-4.440892098500626e-16,5.551115123125783e-17,3.7358997888424716,258
1789408057.6408153,1789408057.6402128,24.025000000000006,-23.975,1.5250000000000004,1.3322676295501878e-15,-4.440892098500626e-16,5.551115123125783e-17,3.7358997888424716,258
1789408057.6507897,1789408057.6502082,24.025000000000006,-23.975,1.5250000000000004,1.3322676295501878e-15,-4.440892098500626e-16,5.551115123125783e-17,3.7358997888424716,258
1789408057.6607,1789408057.6602445,24.025000000000006,-23.975,1.5250000000000004,1.3322676295501878e-15,-4.440892098500626e-16,5.551115123125783e-17,3.7358997888424716,258
1789408057.6711004,1789408057.6702,24.025000000000006,-23.975,1.5250000000000004,1.3322676295501878e-15,-4.440892098500626e-16,5.551115123125783e-17,3.7358997888424716,258
1789408057.6812773,1789408057.680248,24.025000000000006,-23.975,1.5250000000000004,1.3322676295501878e-15,-4.440892098500626e-16,5.551115123125783e-17,3.7358997888424716,258
1789408057.6908898,1789408057.6902256,24.025000000000006,-23.975,1.5250000000000004,1.3322676295501878e-15,-4.440892098500626e-16,5.551115123125783e-17,3.7358997888424716,258
1789408057.7011652,1789408057.7002184,24.025000000000006,-23.975,1.5250000000000004,1.3322676295501878e-15,-4.440892098500626e-16,5.551115123125783e-17,3.7358997888424716,258
1789408057.7110665,1789408057.7102358,24.025000000000006,-23.975,1.5250000000000004,1.3322676295501878e-15,-4.440892098500626e-16,5.551115123125783e-17,3.7358997888424716,258
1789408057.7209702,1789408057.7202158,24.025000000000006,-23.975,1.5250000000000004,1.3322676295501878e-15,-4.440892098500626e-16,5.551115123125783e-17,3.7358997888424716,258
1789408057.7309856,1789408057.730235,24.025000000000006,-23.975,1.5250000000000004,1.3322676295501878e-15,-4.440892098500626e-16,5.551115123125783e-17,3.7358997888424716,258
1789408057.7409263,1789408057.7403297,24.025000000000006,-23.975,1.5250000000000004,1.3322676295501878e-15,-4.440892098500626e-16,5.551115123125783e-17,3.7358997888424716,258
1789408057.7509115,1789408057.7502165,24.025000000000006,-23.975,1.5250000000000004,1.3322676295501878e-15,-4.440892098500626e-16,5.551115123125783e-17,3.7358997888424716,258
1789408057.7606673,1789408057.760176,24.025000000000006,-23.975,1.5250000000000004,1.3322676295501878e-15,-4.440892098500626e-16,5.551115123125783e-17,3.7358997888424716,258
1789408057.7708027,1789408057.7702127,24.025000000000006,-23.975,1.5250000000000004,1.3322676295501878e-15,-4.440892098500626e-16,5.551115123125783e-17,3.7358997888424716,258
1789408057.7808332,1789408057.7802227,24.025000000000006,-23.975,1.5250000000000004,1.3322676295501878e-15,-4.440892098500626e-16,5.551115123125783e-17,3.7358997888424716,258
1789408057.7911766,1789408057.7903914,24.025000000000006,-23.975,1.5250000000000004,1.3322676295501878e-15,-4.440892098500626e-16,5.551115123125783e-17,3.7358997888424716,258
1789408057.8009586,1789408057.8002162,24.025000000000006,-23.975,1.5250000000000004,1.3322676295501878e-15,-4.440892098500626e-16,5.551115123125783e-17,3.7358997888424716,258
1789408057.810968,1789408057.810217,24.025000000000006,-23.975,1.5250000000000004,1.3322676295501878e-15,-4.440892098500626e-16,5.551115123125783e-17,3.7358997888424716,258
1789408057.8211524,1789408057.8201947,24.025000000000006,-23.975,1.5250000000000004,1.3322676295501878e-15,-4.440892098500626e-16,5.551115123125783e-17,3.7358997888424716,258
1789408057.8312824,1789408057.8302,24.025000000000006,-23.975,1.5250000000000004,1.3322676295501878e-15,-4.440892098500626e-16,5.551115123125783e-17,3.7358997888424716,258
1789408057.841062,1789408057.8401933,24.025000000000006,-23.975,1.5250000000000004,1.3322676295501878e-15,-4.440892098500626e-16,5.551115123125783e-17,3.7358997888424716,258
1789408057.8509574,1789408057.8501904,24.025000000000006,-23.975,1.5250000000000004,1.3322676295501878e-15,-4.440892098500626e-16,5.551115123125783e-17,3.7358997888424716,258
1789408057.8608427,1789408057.8602295,24.025000000000006,-23.975,1.5250000000000004,1.3322676295501878e-15,-4.440892098500626e-16,5.551115123125783e-17,3.7358997888424716,258
1789408057.8711166,1789408057.870204,24.025000000000006,-23.975,1.5250000000000004,1.3322676295501878e-15,-4.440892098500626e-16,5.551115123125783e-17,3.7358997888424716,258
1789408057.880985,1789408057.8802266,24.025000000000006,-23.975,1.5250000000000004,1.3322676295501878e-15,-4.440892098500626e-16,5.551115123125783e-17,3.7358997888424716,258
1789408057.891018,1789408057.8902137,24.025000000000006,-23.975,1.5250000000000004,1.3322676295501878e-15,-4.440892098500626e-16,5.551115123125783e-17,3.7358997888424716,258
1789408057.901082,1789408057.9002378,24.025000000000006,-23.975,1.5250000000000004,1.3322676295501878e-15,-4.440892098500626e-16,5.551115123125783e-17,3.7358997888424716,258
1789408057.9109309,1789408057.9102259,24.025000000000006,-23.975,1.5250000000000004,1.3322676295501878e-15,-4.440892098500626e-16,5.551115123125783e-17,3.7358997888424716,258
1789408057.920873,1789408057.920225,24.025000000000006,-23.975,1.5250000000000004,1.3322676295501878e-15,-4.440892098500626e-16,5.551115123125783e-17,3.7358997888424716,258
1789408057.9310904,1789408057.930219,24.025000000000006,-23.975,1.5250000000000004,1.3322676295501878e-15,-4.440892098500626e-16,5.551115123125783e-17,3.7358997888424716,258
1789408057.940823,1789408057.9402356,24.025000000000006,-23.975,1.5250000000000004,1.3322676295501878e-15,-4.440892098500626e-16,5.551115123125783e-17,3.7358997888424716,258
1789408057.9506955,1789408057.9502182,24.025000000000006,-23.975,1.5250000000000004,1.3322676295501878e-15,-4.440892098500626e-16,5.551115123125783e-17,3.7358997888424716,258
1789408057.9607737,1789408057.9602323,24.025000000000006,-23.975,1.5250000000000004,1.3322676295501878e-15,-4.440892098500626e-16,5.551115123125783e-17,3.7358997888424716,258
1789408057.97095,1789408057.9702175,24.025000000000006,-23.975,1.5250000000000004,1.3322676295501878e-15,-4.440892098500626e-16,5.551115123125783e-17,3.7358997888424716,258
1789408057.9809859,1789408057.9802191,24.025000000000006,-23.975,1.5250000000000004,1.3322676295501878e-15,-4.440892098500626e-16,5.551115123125783e-17,3.7358997888424716,258
1789408057.991047,1789408057.9902318,24.025000000000006,-23.975,1.5250000000000004,1.3322676295501878e-15,-4.440892098500626e-16,5.551115123125783e-17,3.7358997888424716,258
1789408058.0009513,1789408058.0002196,24.025000000000006,-23.975,1.5250000000000004,1.3322676295501878e-15,-4.440892098500626e-16,5.551115123125783e-17,3.7358997888424716,258
1789408058.010941,1789408058.0102224,24.025000000000006,-23.975,1.5250000000000004,1.3322676295501878e-15,-4.440892098500626e-16,5.551115123125783e-17,3.7358997888424716,258
1789408058.021157,1789408058.0202503,24.025000000000006,-23.975,1.5250000000000004,1.3322676295501878e-15,-4.440892098500626e-16,5.551115123125783e-17,3.7358997888424716,258
1789408058.031022,1789408058.0302281,24.025000000000006,-23.975,1.5250000000000004,1.3322676295501878e-15,-4.440892098500626e-16,5.551115123125783e-17,3.7358997888424716,258
1789408058.040888,1789408058.0401874,24.025000000000006,-23.975,1.5250000000000004,1.3322676295501878e-15,-4.440892098500626e-16,5.551115123125783e-17,3.7358997888424716,258
1789408058.0510833,1789408058.0502172,24.025000000000006,-23.975,1.5250000000000004,1.3322676295501878e-15,-4.440892098500626e-16,5.551115123125783e-17,3.7358997888424716,258
1789408058.0609195,1789408058.060215,24.025000000000006,-23.975,1.5250000000000004,1.3322676295501878e-15,-4.440892098500626e-16,5.551115123125783e-17,3.7358997888424716,258
1789408058.0709465,1789408058.070216,24.025000000000006,-23.975,1.5250000000000004,1.3322676295501878e-15,-4.440892098500626e-16,5.551115123125783e-17,3.7358997888424716,258
1789408058.080982,1789408058.080228,24.025000000000006,-23.975,1.5250000000000004,1.3322676295501878e-15,-4.440892098500626e-16,5.551115123125783e-17,3.7358997888424716,258
1789408058.090965,1789408058.0901937,24.025000000000006,-23.975,1.5250000000000004,1.3322676295501878e-15,-4.440892098500626e-16,5.551115123125783e-17,3.7358997888424716,258
1789408058.1009798,1789408058.1002114,24.025000000000006,-23.975,1.5250000000000004,1.3322676295501878e-15,-4.440892098500626e-16,5.551115123125783e-17,3.7358997888424716,258
1789408058.1110203,1789408058.1101868,24.025000000000006,-23.975,1.5250000000000004,1.3322676295501878e-15,-4.440892098500626e-16,5.551115123125783e-17,3.7358997888424716,258
1789408058.1209598,1789408058.1202295,24.025000000000006,-23.975,1.5250000000000004,1.3322676295501878e-15,-4.440892098500626e-16,5.551115123125783e-17,3.7358997888424716,258
1789408058.1310303,1789408058.1302204,24.025000000000006,-23.975,1.5250000000000004,1.3322676295501878e-15,-4.440892098500626e-16,5.551115123125783e-17,3.7358997888424716,258
1789408058.1407657,1789408058.140187,24.025000000000006,-23.975,1.5250000000000004,1.3322676295501878e-15,-4.440892098500626e-16,5.551115123125783e-17,3.7358997888424716,258
1789408058.150846,1789408058.150224,24.025000000000006,-23.975,1.5250000000000004,1.3322676295501878e-15,-4.440892098500626e-16,5.551115123125783e-17,3.7358997888424716,258
1789408058.160761,1789408058.1602252,24.025000000000006,-23.975,1.5250000000000004,1.3322676295501878e-15,-4.440892098500626e-16,5.551115123125783e-17,3.7358997888424716,258
1789408058.1708417,1789408058.1702147,24.025000000000006,-23.975,1.5250000000000004,1.3322676295501878e-15,-4.440892098500626e-16,5.551115123125783e-17,3.7358997888424716,258
1789408058.180788,1789408058.1802218,24.025000000000006,-23.975,1.5250000000000004,1.3322676295501878e-15,-4.440892098500626e-16,5.551115123125783e-17,3.7358997888424716,258
1789408058.19097,1789408058.1902356,24.025000000000006,-23.975,1.5250000000000004,1.3322676295501878e-15,-4.440892098500626e-16,5.551115123125783e-17,3.7358997888424716,258
1789408058.2008593,1789408058.2002115,24.025000000000006,-23.975,1.5250000000000004,1.3322676295501878e-15,-4.440892098500626e-16,5.551115123125783e-17,3.7358997888424716,258
1789408058.2108634,1789408058.2102466,24.025000000000006,-23.975,1.5250000000000004,1.3322676295501878e-15,-4.440892098500626e-16,5.551115123125783e-17,3.7358997888424716,258
1789408058.2209752,1789408058.2202098,24.025000000000006,-23.975,1.5250000000000004,1.3322676295501878e-15,-4.440892098500626e-16,5.551115123125783e-17,3.7358997888424716,258
1789408058.230998,1789408058.230208,24.025000000000006,-23.975,1.5250000000000004,1.3322676295501878e-15,-4.440892098500626e-16,5.551115123125783e-17,3.7358997888424716,258
1789408058.2410371,1789408058.2402177,24.025000000000006,-23.975,1.5250000000000004,1.3322676295501878e-15,-4.440892098500626e-16,5.551115123125783e-17,3.7358997888424716,258
1789408058.2508276,1789408058.2502086,24.025000000000006,-23.975,1.5250000000000004,1.3322676295501878e-15,-4.440892098500626e-16,5.551115123125783e-17,3.7358997888424716,258
1789408058.2607083,1789408058.2601764,24.025000000000006,-23.975,1.5250000000000004,1.3322676295501878e-15,-4.440892098500626e-16,5.551115123125783e-17,3.7358997888424716,258
1789408058.2706535,1789408058.270207,24.025000000000006,-23.975,1.5250000000000004,1.3322676295501878e-15,-4.440892098500626e-16,5.551115123125783e-17,3.7358997888424716,258
1789408058.2807596,1789408058.2802064,24.025000000000006,-23.975,1.5250000000000004,1.3322676295501878e-15,-4.440892098500626e-16,5.551115123125783e-17,3.7358997888424716,258
1789408058.290752,1789408058.2901874,24.025000000000006,-23.975,1.5250000000000004,1.3322676295501878e-15,-4.440892098500626e-16,5.551115123125783e-17,3.7358997888424716,258
1789408058.300708,1789408058.300208,24.025000000000006,-23.975,1.5250000000000004,1.3322676295501878e-15,-4.440892098500626e-16,5.551115123125783e-17,3.7358997888424716,258
1789408058.3108478,1789408058.3103049,24.025000000000006,-23.975,1.5250000000000004,1.3322676295501878e-15,-4.440892098500626e-16,5.551115123125783e-17,3.7358997888424716,258
1789408058.3211071,1789408058.320236,24.025000000000006,-23.975,1.5250000000000004,1.3322676295501878e-15,-4.440892098500626e-16,5.551115123125783e-17,3.7358997888424716,258
1789408058.3310592,1789408058.3302097,24.025000000000006,-23.975,1.5250000000000004,1.3322676295501878e-15,-4.440892098500626e-16,5.551115123125783e-17,3.7358997888424716,258
1789408058.340974,1789408058.340245,24.025000000000006,-23.975,1.5250000000000004,1.3322676295501878e-15,-4.440892098500626e-16,5.551115123125783e-17,3.7358997888424716,258
1789408058.3508997,1789408058.3502254,24.025000000000006,-23.975,1.5250000000000004,1.3322676295501878e-15,-4.440892098500626e-16,5.551115123125783e-17,3.7358997888424716,258
1789408058.3608804,1789408058.360234,24.025000000000006,-23.975,1.5250000000000004,1.3322676295501878e-15,-4.440892098500626e-16,5.551115123125783e-17,3.7358997888424716,258
1789408058.3708754,1789408058.3702238,24.025000000000006,-23.975,1.5250000000000004,1.3322676295501878e-15,-4.440892098500626e-16,5.551115123125783e-17,3.7358997888424716,258
1789408058.3811305,1789408058.3802638,24.025000000000006,-23.975,1.5250000000000004,1.3322676295501878e-15,-4.440892098500626e-16,5.551115123125783e-17,3.7358997888424716,258
1789408058.3909862,1789408058.390226,24.025000000000006,-23.975,1.5250000000000004,1.3322676295501878e-15,-4.440892098500626e-16,5.551115123125783e-17,3.7358997888424716,258
1789408058.4009118,1789408058.4002142,24.025000000000006,-23.975,1.5250000000000004,1.3322676295501878e-15,-4.440892098500626e-16,5.551115123125783e-17,3.7358997888424716,258
1789408058.4107382,1789408058.4102252,24.025000000000006,-23.975,1.5250000000000004,1.3322676295501878e-15,-4.440892098500626e-16,5.551115123125783e-17,3.7358997888424716,258
1789408058.420934,1789408058.4202433,23.94997013096372,-23.90605733909242,1.577269879730832,-1.2249591556295403,1.1266661865924426,0.7739372905493385,3.837793387049979,258
1789408058.430909,1789408058.4302528,23.936949893567274,-23.894080469961885,1.585395305822083,-1.356587922315267,1.248020493781914,0.8363838508024141,3.8554842253011268,258
1789408058.4408593,1789408058.4402537,23.92264593609553,-23.88091969579432,1.5941022574219843,-1.4914851474039479,1.3724430460215173,0.8965135914721002,3.874921357675478,258
1789408058.451123,1789408058.4502406,23.907199209112132,-23.866704151097853,1.603266233356358,-1.6276264484335954,1.4980704413092072,0.9531801380499234,3.895913626733896,258
1789408058.4610415,1789408058.4602506,23.890080384587765,-23.850946012080147,1.6131532278440404,-1.7687489576725488,1.628356641797689,1.0075839296325542,3.9191808618705553,258
1789408058.4712923,1789408058.4702442,23.87177761471223,-23.83409391860152,1.6234317683440522,-1.9099662036821428,1.7587956369628384,1.0575044570649663,3.944060070161729,258
1789408058.4812758,1789408058.480225,23.851967635311563,-23.815849560393456,1.6342373445681693,-2.0531457946795673,1.8911162514607487,1.1033734757138574,3.9709911236823663,258
1789408058.491169,1789408058.4902248,23.830442872584687,-23.796020903268307,1.6456236076927981,-2.198861006293947,2.0258544290310176,1.144988059232166,4.000256801484639,258
1789408058.5011506,1789408058.500412,23.830442872584687,-23.796020903268307,1.6456236076927981,-2.198861006293947,2.0258544290310176,1.144988059232166,4.000256801484639,258
1789408058.5107625,1789408058.5101995,23.783958160860948,-23.75318234722669,1.669042439599585,-2.484319389081839,2.290039270504735,1.2109313104779011,4.063470128194487,258
1789408058.5208805,1789408058.520235,23.758454292820346,-23.72966979187875,1.6812553807776005,-2.626606374354856,2.421844517932312,1.2356429720916657,4.098158391373774,258
1789408058.531049,1789408058.5302234,23.731067624097005,-23.70441460485321,1.6938983405471442,-2.7697528383953665,2.5545343011320063,1.2546667382294645,4.135412138498535,258
1789408058.5406494,1789408058.5402884,23.70316404035738,-23.678675721349318,1.7062990828020446,-2.906425783812626,2.681311468287702,1.267071091337027,4.173373810593721,258
1789408058.5508163,1789408058.5502255,23.673067162697322,-23.650906037389145,1.7191526721632873,-3.0445281002751146,2.8095078824715274,1.2735577527294468,4.214324578831153,258
1789408058.5608072,1789408058.560226,23.642129281484568,-23.622352365082175,1.7318227345992012,-3.1774042739972517,2.932948095752922,1.2737068628351913,4.25107905376335,164
1789408058.5709543,1789408058.5702112,23.609920706104386,-23.59261755680532,1.74445040766421,-3.3068802074505292,3.05332622272827,1.2677277645405256,4.237357951354904,164
1789408058.5810146,1789408058.5802302,23.57594343472235,-23.561240912747305,1.757171556087301,-3.434566125563595,3.1721412963274718,1.2555011152636255,4.223268841759219,164
1789408058.5908995,1789408058.5902138,23.541093706557035,-23.529049270599824,1.7696016768656269,-3.556875066887086,3.286055399109165,1.2374645242890097,4.209233144918387,164
1789408058.6011517,1789408058.6002142,23.541093706557035,-23.529049270599824,1.7696016768656269,-3.556875066887086,3.286055399109165,1.2374645242890097,4.209233144918387,164
1789408058.6107926,1789408058.6102405,23.46757340141129,-23.461106677989196,1.793865361643968,-3.789357925939557,3.50289275196607,1.1843335210351236,4.1810204153306945,164
1789408058.620991,1789408058.6202176,23.42889818674484,-23.425349861759795,1.8056088720794259,-3.8992346974882697,3.6055362291876794,1.149669663178833,4.166950306445535,164
1789408058.6310296,1789408058.6302576,23.38983051789232,-23.389219524831432,1.8167880691909366,-4.002430495725887,3.7020463177482603,1.1108686366204723,4.153284184083971,164
1789408058.6408353,1789408058.6402109,23.348851228476626,-23.351310020260605,1.8278001766960645,-4.10289776074668,3.7961163303040064,1.0667422379431348,4.1395456032094335,164
1789408058.650817,1789408058.6502123,23.307504909564525,-23.31304954116706,1.8381941122726277,-4.196792264349666,3.884143624266876,1.0192860292530976,4.12630856448899,164
1789408058.6608148,1789408058.6602244,23.265334500881718,-23.274014899616855,1.8480780583572494,-4.285387901037994,3.9673144829458358,0.9684331623001752,4.113459987593536,164
1789408058.6709392,1789408058.6702082,23.221711853814245,-23.233623970067196,1.8575658489812963,-4.369956577750786,4.046819305013932,0.913790544744827,4.10086839679762,164
1789408058.6810122,1789408058.6802225,23.17822013401909,-23.19334234335005,1.8663049252887813,-4.4476044869407865,4.11993006072367,0.8577685759274484,4.089028926513794,164
1789408058.6908717,1789408058.6903074,23.13310676689005,-23.15154645138664,1.8746365730699324,-4.521597342876785,4.189714496721686,0.7985321994082389,4.077508069242301,164
1789408058.7009299,1789408058.700224,23.08731687015853,-23.109111237187285,1.882357046870521,-4.590341636596906,4.254665785985364,0.7377127605410754,4.066612370769018,164
1789408058.710848,1789408058.7102187,23.040766416864695,-23.06595851951973,1.889473993844589,-4.6541062493367935,4.315030187056849,0.6756187067554769,4.056366145235553,164
1789408058.7208834,1789408058.7202199,22.993645316675355,-23.022264090156334,1.8959558864828683,-4.7127900217054,4.3707035699279295,0.6129163118289076,4.046853356661812,164
1789408058.7310393,1789408058.7302172,22.946236996847695,-22.97829071105827,1.9017734439093537,-4.766279157397329,4.42156760920247,0.5503790238497909,4.038160797495188,164
1789408058.7408488,1789408058.7402158,22.899419279877005,-22.934853011153965,1.9068545022902097,-4.814001406995123,4.467063390679461,0.48950753100095246,4.030446497136198,164
1789408058.7509847,1789408058.7502093,22.85061837183519,-22.88956277146868,1.9114790388280298,-4.858713624454843,4.509810673249807,0.4273300799899096,4.0233309979799765,164
1789408058.7611983,1789408058.7602272,22.801666940821363,-22.84412031122765,1.9154605699091607,-4.8987567800410865,4.54821755017644,0.36657655710166603,4.017147704949579,164
1789408058.770867,1789408058.7702167,22.75201506590861,-22.79801513546617,1.9188594542086859,-4.9348007946910295,4.582914817381089,0.3068959205513236,4.011856793713756,164
1789408058.7808125,1789408058.7802205,22.702799091306048,-22.752302654912707,1.9216254935797106,-4.96631022569687,4.61337267281549,0.2499247653651081,4.0075911889520395,164
1789408058.7907052,1789408058.7901824,22.653181470907246,-22.70620530335314,1.9238394712431388,-4.994139111966363,4.640400488436591,0.1949181756654665,4.0042806951997605,164
1789408058.8008454,1789408058.8002093,22.653181470907246,-22.70620530335314,1.9238394712431388,-4.994139111966363,4.640400488436591,0.1949181756654665,4.0042806951997605,164
1789408058.8108683,1789408058.810215,22.552895637991536,-22.61299977189651,1.926688687648711,-5.039530600969215,4.684865204606537,0.09196726239632032,4.000635006314828,164
1789408058.8208241,1789408058.8202221,22.502539609737173,-22.56618214877666,1.927368033275819,-5.057430489772816,4.702600446379504,0.04474526074129688,4.000344838390137,164
1789408058.8308573,1789408058.8302095,22.451888855400576,-22.51907971055222,1.9275913185210707,-5.072513740046833,4.717689790186877,0.0004317325863986837,4.001093226543738,164
1789408058.8407774,1789408058.8402178,22.40094906062519,-22.47169797064986,1.9273860523387187,-5.085004026361281,4.730337440237695,-0.040820814653728166,4.0028982335427905,164
1789408058.8509095,1789408058.8502069,22.349766244461748,-22.424079998396156,1.9267815394118135,-5.095118823996232,4.74074130010965,-0.07885838982112159,4.005774124336335,164
1789408058.8610067,1789408058.8602164,22.29830788046059,-22.37619582440199,1.9258074775578262,-5.1030933864576,4.749117624447682,-0.11361662510310849,4.009737508398793,164
1789408058.8707478,1789408058.870208,22.24753301767996,-22.32893844954166,1.9245214598996878,-5.1090573394931,4.755567379403166,-0.14448118387789924,4.0146996957721335,164
1789408058.880786,1789408058.880216,22.196920577239897,-22.281823574571153,1.9229524420073647,-5.113359047603707,4.7604230536690535,-0.17187358286358195,4.0206826113809,164
1789408058.8908722,1789408058.8902204,22.14581283434804,-22.234239306315764,1.9211109718742025,-5.116271395889778,4.763947528705493,-0.1961624326442428,4.027770699408846,164
1789408058.9009252,1789408058.9002068,22.14581283434804,-22.234239306315764,1.9211109718742025,-5.116271395889778,4.763947528705493,-0.1961624326442428,4.027770699408846,164
1789408058.910788,1789408058.9102504,22.043480008512308,-22.13893831600389,1.9167795939995127,-5.118673050589481,4.76766677858836,-0.23492633768541724,4.04510639518986,164
1789408058.9207563,1789408058.9202073,21.992152871646045,-22.091127472541213,1.9143476124449283,-5.118578540051509,4.768248007432582,-0.24963091435523288,4.05536948328267,164
1789408058.9310186,1789408058.9302137,21.941223994760144,-22.043681220264524,1.911803385746169,-5.1178867085055515,4.768217704658155,-0.26127415748876504,4.066580056247972,164
1789408058.940804,1789408058.940233,21.89041767732495,-21.996343303362856,1.9091632513546168,-5.11677951723834,4.767749086728473,-0.270123290934217,4.0787761496980774,164
1789408058.950805,1789408058.9502227,21.839248105324103,-21.948661530901813,1.9064279685381607,-5.115406741108362,4.766986604805897,-0.2764203772047594,4.092073982124876,164
1789408058.9609416,1789408058.960328,21.787661315120975,-21.90058600264604,1.9036183825217186,-5.113911263078226,4.7660629235367145,-0.2803071609959362,4.106502503609022,164
1789408058.9711208,1789408058.9703393,21.736244401702372,-21.85266432526458,1.9007897245014371,-5.112442228418566,4.765111711352075,-0.2819293774881391,4.121895869948677,164
1789408058.9811351,1789408058.9802246,21.68521577064069,-21.805100626445967,1.8979757562519337,-5.111117851875055,4.764242824383791,-0.28153067684666955,4.138162838759647,164
1789408058.9910314,1789408058.9902332,21.634170064641765,-21.757517602324548,1.8951732456143897,-5.1100179981347775,4.763535006940368,-0.27934889921854533,4.155411961967563,164
1789408059.0011938,1789408059.0002162,21.634170064641765,-21.757517602324548,1.8951732456143897,-5.1100179981347775,4.763535006940368,-0.27934889921854533,4.155411961967563,164
1789408059.0110083,1789408059.010218,21.532351357840366,-21.662597458188515,1.8896850815429485,-5.108757646414556,4.762853406671411,-0.2705582737517965,4.192694034853068,164
1789408059.0209138,1789408059.0202186,21.48094546322705,-21.614671210586717,1.8869931081354745,-5.108671846653128,4.76295446665576,-0.26432532362238004,4.212950091539596,164
1789408059.0309894,1789408059.0302398,21.430129259278434,-21.56729316197475,1.8843983352140063,-5.108964650140348,4.763363687874562,-0.25727419576843585,4.233903637050161,164
1789408059.040837,1789408059.0402374,21.378819827471435,-21.5194540901171,1.881853358531768,-5.109623751675418,4.7640744715748635,-0.24947430638196105,4.255986442898024,164
1789408059.0508878,1789408059.050214,21.32758617634663,-21.471684908339146,1.8793932337020676,-5.110605778249175,4.765046806932377,-0.24121402885100873,4.278952460229243,164
1789408059.0608308,1789408059.060195,21.27652290644855,-21.424074207864297,1.8770257196692242,-5.111843506725262,4.766220316395829,-0.232712232085053,4.302739966297849,164
1789408059.070845,1789408059.0702183,21.225280526615254,-21.37629648906848,1.8747364368658896,-5.113259655867649,4.767525304917108,-0.22410067749239238,4.327498954942655,164
1789408059.0809608,1789408059.0802312,21.174530809331145,-21.32897843681249,1.8725545174454954,-5.114727950533674,4.7688468463173415,-0.21566793280562813,4.352883631100003,164
1789408059.0909848,1789408059.0902424,21.12305069504943,-21.28098001171977,1.8704261189383375,-5.116154581949659,4.770098506262222,-0.20737620868697038,4.379498294001335,164
1789408059.1010087,1789408059.100217,21.12305069504943,-21.28098001171977,1.8704261189383375,-5.116154581949659,4.770098506262222,-0.20737620868697038,4.379498294001335,164
1789408059.1108835,1789408059.1102018,21.02073659259369,-21.18558862264928,1.866434573872936,-5.118183071569387,4.771752860309597,-0.1922641804661278,4.434923876629344,164
1789408059.1207247,1789408059.1202154,20.969101462524236,-21.13744924232559,1.8645292807157796,-5.118435592279351,4.771832854685306,-0.18558433512098235,4.464145676240164,164
1789408059.1307945,1789408059.13022,20.918435219773418,-21.09021478137635,1.8627215070989673,-5.117914028579708,4.771173920929442,-0.17978673446418897,4.493615703555924,164
1789408059.1407928,1789408059.1402183,20.86697126948222,-21.042238486775194,1.8609394722754224,-5.116379248891686,4.769549661190858,-0.17475101433533383,4.524343239155063,164
1789408059.1508148,1789408059.1503286,20.8160250579629,-20.994746841465567,1.8592200131136585,-5.113623890795494,4.766773952077182,-0.1706810608539381,4.555535245941351,164
1789408059.1608799,1789408059.1601942,20.764978227559535,-20.94716353904906,1.8575318899452509,-5.1093757817392715,4.7625930904363045,-0.16756828589543235,4.587546700834749,164
1789408059.1708589,1789408059.1702168,20.713596631010216,-20.89927047303424,1.855857356972888,-5.103324874698193,4.756719180845316,-0.16544723721592292,4.620519887228889,164
1789408059.1810048,1789408059.1802225,20.662747648615035,-20.85187622529953,1.854213847688971,-5.0953013237660505,4.749000119377472,-0.1643683953700631,4.653879782774873,164
1789408059.1910236,1789408059.1902199,20.611678322433338,-20.804279059790538,1.8525659388390265,-5.084908511425958,4.739064878371204,-0.16431191739255502,4.688099619476887,164
1789408059.2011337,1789408059.2002146,20.611678322433338,-20.804279059790538,1.8525659388390265,-5.084908511425958,4.739064878371204,-0.16431191739255502,4.688099619476887,164
1789408059.2109897,1789408059.2102685,20.51116170228996,-20.710603924203063,1.8492874944367568,-5.056406308476642,4.711997828430443,-0.1671598654664671,4.757492666963683,164
1789408059.2209,1789408059.2202163,20.460412361655514,-20.66331258924869,1.847593021527313,-5.037317566698387,4.693950566842637,-0.17003189522328319,4.793529116748923,164
1789408059.2309506,1789408059.2302165,20.40946464898769,-20.61583903243945,1.8458510285020628,-5.014524921438088,4.672450936642389,-0.17382393900041965,4.830363966262614,164
1789408059.2407234,1789408059.2402232,20.360450165831875,-20.570169381912688,1.8441265142623788,-4.988824782504764,4.648253539803132,-0.17827603067105469,4.866410332524109,164
1789408059.2509122,1789408059.2502165,20.310320637897277,-20.52346332546238,1.8423036299942372,-4.958354315523499,4.6196085231787425,-0.18357847375532077,4.903882145751701,164
1789408059.2607853,1789408059.2602174,20.26108345018728,-20.477591172877542,1.8404456839948107,-4.923940486302804,4.587298018627121,-0.1894497643494633,4.941270809645164,164
1789408059.2708116,1789408059.270214,20.21169785716537,-20.431583240390804,1.8385059387772715,-4.884575454023603,4.550379047067711,-0.19591612782660053,4.948470093228422,66
1789408059.2809267,1789408059.2802238,20.16327875212574,-20.386478093447437,1.8365217085576702,-4.840882355427992,4.50943877806334,-0.2027296820332029,4.9052287772379435,66
1789408059.290948,1789408059.2902198,20.11449660168305,-20.341037131772605,1.8344319908218147,-4.791351896549648,4.4630657420360516,-0.20997370859024822,4.862131796326139,66
1789408059.3010378,1789408059.3002112,20.11449660168305,-20.341037131772605,1.8344319908218147,-4.791351896549648,4.4630657420360516,-0.20997370859024822,4.862131796326139,66
1789408059.3108616,1789408059.3101773,20.019867054957608,-20.252895684202482,1.8300900296952236,-4.677875959869149,4.35692906421121,-0.22472279531319825,4.7799139205314605,66
1789408059.3206933,1789408059.3202069,19.973903434470476,-20.210086629603296,1.8278307372919167,-4.613650183312693,4.29690479593639,-0.2320201432370735,4.740658026532132,66
1789408059.330931,1789408059.330221,19.927906714944186,-20.16724877912942,1.8254633117826722,-4.5428368951900335,4.230753698395846,-0.23927159851914312,4.7018318466854945,66
1789408059.3417242,1789408059.340207,19.882898103660718,-20.125333119515183,1.823038001055015,-4.466757861763506,4.159711764874352,-0.2462112146241604,4.664293017189866,66
1789408059.3508296,1789408059.3502064,19.83852418806411,-20.08401039565116,1.8205363127565422,-4.384708611419947,4.083121727263736,-0.2527929155339488,4.627731998090249,66
1789408059.3606763,1789408059.360194,19.79505474301554,-20.04353171356738,1.8179742104089947,-4.297063526892795,4.001333593778116,-0.25887967690583863,4.592357097586259,66
1789408059.370665,1789408059.3702068,19.752171523041604,-20.003600611829484,1.815333902040482,-4.203038463892514,3.913616134471437,-0.2644208428206609,4.557895700220056,66
1789408059.3807786,1789408059.38021,19.711125672604524,-19.96538194520004,1.8126975024559349,-4.105489866995017,3.8226338522908936,-0.26918164122883453,4.525325006976303,66
1789408059.3908792,1789408059.3902376,19.670960092412145,-19.927984369525642,1.8100101654733216,-4.002348388704255,3.7264561164254153,-0.27321367830670373,4.493852622566493,66
1789408059.4010108,1789408059.4002268,19.670960092412145,-19.927984369525642,1.8100101654733216,-4.002348388704255,3.7264561164254153,-0.27321367830670373,4.493852622566493,66
1789408059.4108212,1789408059.4102046,19.592727204937013,-19.85514695825983,1.8044552382288508,-3.7773612108004584,3.516719845170022,-0.2788237120549216,4.433715538404889,66
1789408059.4208097,1789408059.4202113,19.555079707307403,-19.82009778444396,1.8016235131918057,-3.656511959160216,3.404090519495245,-0.28022210267303055,4.405337401332738,66
1789408059.4307623,1789408059.430216,19.51955249445761,-19.787023677635514,1.7988520731911066,-3.534122870199466,3.2900426442619795,-0.28060225011771445,4.378899689470286,66
1789408059.4407382,1789408059.4402173,19.485209682685905,-19.755053217797016,1.7960780802296408,-3.407439640086675,3.1720086432550203,-0.2799761518510458,4.353664328415102,66
1789408059.450822,1789408059.4502218,19.451097723573444,-19.723298660293334,1.7932268513503344,-3.272717906052694,3.0465000504327384,-0.2782502886136873,4.328915831777023,66
1789408059.4608371,1789408059.4602396,19.419637665272028,-19.694013616291166,1.790509310048217,-3.1398737678309825,2.9227541389832337,-0.27554810806820945,4.306375727327544,66
1789408059.4707985,1789408059.4701922,19.38846585558422,-19.664997726279154,1.787730071099067,-2.9993011325726355,2.7918220186552416,-0.2716741086481229,4.284315163482928,66
1789408059.480861,1789408059.4802232,19.35936218874726,-19.637907693162184,1.7850542036657655,-2.8591869284087865,2.6613287883707057,-0.2668346732014774,4.263966853218162,66
1789408059.4909449,1789408059.4901922,19.331790142830638,-19.612243984876162,1.7824438644065845,-2.7176892236364405,2.5295579129030905,-0.26101039012397864,4.2449136872881,66
1789408059.5010138,1789408059.500219,19.331790142830638,-19.612243984876162,1.7824438644065845,-2.7176892236364405,2.5295579129030905,-0.26101039012397864,4.2449136872881,66
1789408059.5108142,1789408059.510229,19.280125786343923,-19.564157251369664,1.7773433503015839,-2.426036326129904,2.257984045145386,-0.24622916717729018,4.20980869955853,66
1789408059.5208027,1789408059.5202162,19.256246431810432,-19.54193228410908,1.7748875521114083,-2.2775869334391516,2.119768589620636,-0.23735522448344268,4.193849936988764,66
1789408059.5308926,1789408059.5301766,19.234487627029143,-19.521681406364124,1.7725918011863768,-2.1334523806009935,1.9855784912089331,-0.22791367177704777,4.179457250003138,66
1789408059.540841,1789408059.54025,19.213811272560857,-19.502438373445077,1.770356044399359,-1.9875483183531757,1.8497483763961096,-0.217556417393787,4.165913339952971,66
1789408059.5508866,1789408059.5502164,19.194886233704867,-19.484825612123462,1.7682605476227644,-1.8452394488844654,1.7172719079912142,-0.20670236477452997,4.153630992101231,66
1789408059.5607424,1789408059.560231,19.176897108863376,-19.468084197446135,1.7662223219564563,-1.7009785073960497,1.5829845430069707,-0.19496084757774046,4.142058193683938,66
1789408059.5708516,1789408059.5702155,19.160694714694575,-19.453005872716375,1.764345163963421,-1.5622957672143922,1.4538953570917896,-0.1829868609331487,4.131720665188613,66
1789408059.5809677,1789408059.580222,19.14582043100971,-19.43916376689394,1.762584757567358,-1.4263827417470625,1.327389356002553,-0.17060942333042792,4.122302592051576,66
1789408059.5910769,1789408059.590233,19.132100009121515,-19.426395673625162,1.7609268638892912,-1.2923385804453256,1.2026275486115074,-0.15778568855389805,4.113676671041245,66
1789408059.601196,1789408059.6003537,19.132100009121515,-19.426395673625162,1.7609268638892912,-1.2923385804453256,1.2026275486115074,-0.15778568855389805,4.113676671041245,66
1789408059.61089,1789408059.6101959,19.108875460416407,-19.40478365129328,1.7580373159087925,-1.041190266521491,0.9688827331454343,-0.13211844390119118,4.099211119441621,66
1789408059.6209152,1789408059.6202157,19.09892566985093,-19.395517931514952,1.7567143795511375,-0.914080815656058,0.8533258353488508,-0.13567453343753713,4.093068709567763,66
1789408059.6309516,1789408059.6302118,19.09055896519766,-19.38763616725472,1.7551379216140806,-0.7740945242619599,0.7403993092145104,-0.19087633827138786,4.087959601808974,66
1789408059.64083,1789408059.6401944,19.08353376003859,-19.380717340050488,1.7528061744825212,-0.6244717866887347,0.6404078415344476,-0.27347050421430064,4.0837926529795885,66
1789408059.650843,1789408059.6502137,19.077972522597857,-19.3746843610474,1.7497209676791747,-0.4827785033563032,0.5610029482902212,-0.3314426956202007,4.080701738585205,66
1789408059.6607537,1789408059.6601877,19.073854179072015,-19.36953290496981,1.746427717749711,-0.3596958476569878,0.4883243963573862,-0.32943889494540746,4.078662082171467,66
1789408059.6708329,1789408059.670215,19.07079321254672,-19.365045608415052,1.7433692002126209,-0.2452276929126289,0.3899603766801811,-0.2640755480898724,4.077384647884579,66
1789408059.6809046,1789408059.6802227,19.06887189411518,-19.361798028139354,1.7412281033641925,-0.1439496537316729,0.25969154224869945,-0.16468322414996597,4.07673876037268,66
1789408059.6909397,1789408059.6901908,19.067872563134152,-19.359915626211027,1.740080836788008,-0.06088934578382539,0.12059745948836603,-0.06958999344831802,4.076472624661262,66
1789408059.7009451,1789408059.700215,19.067544683752278,-19.359248627391143,1.739710408791274,-0.011502332646011984,0.024330104315519213,-0.012672743095601253,4.0764030625015355,66
1789408059.710913,1789408059.7102356,19.067511931739496,-19.359178554972765,1.7396747310459064,-2.4531689232776266e-06,5.432776412517271e-06,-2.556139014890657e-06,4.076397344682868,66
1789408059.7209423,1789408059.720214,19.06751193138656,-19.359178554190823,1.7396747306784168,4.440892098500626e-16,-3.3306690738754696e-16,-1.8041124150158794e-16,4.076397344630796,66
1789408059.7310476,1789408059.7302213,19.06751193138656,-19.359178554190823,1.7396747306784168,4.440892098500626e-16,-3.3306690738754696e-16,-1.8041124150158794e-16,4.076397344630796,66
1789408059.740771,1789408059.7402205,19.06751193138656,-19.359178554190823,1.7396747306784168,4.440892098500626e-16,-3.3306690738754696e-16,-1.8041124150158794e-16,4.076397344630796,66
1789408059.751864,1789408059.7502198,19.06751193138656,-19.359178554190823,1.7396747306784168,4.440892098500626e-16,-3.3306690738754696e-16,-1.8041124150158794e-16,4.076397344630796,66
1789408059.7606866,1789408059.7602148,19.06751193138656,-19.359178554190823,1.7396747306784168,4.440892098500626e-16,-3.3306690738754696e-16,-1.8041124150158794e-16,4.076397344630796,66
1789408059.7708359,1789408059.7702138,19.06751193138656,-19.359178554190823,1.7396747306784168,4.440892098500626e-16,-3.3306690738754696e-16,-1.8041124150158794e-16,4.076397344630796,66
1789408059.781203,1789408059.7802312,19.06751193138656,-19.359178554190823,1.7396747306784168,4.440892098500626e-16,-3.3306690738754696e-16,-1.8041124150158794e-16,4.076397344630796,66
1789408059.791063,1789408059.7901983,19.06751193138656,-19.359178554190823,1.7396747306784168,4.440892098500626e-16,-3.3306690738754696e-16,-1.8041124150158794e-16,4.076397344630796,66
1789408059.8010612,1789408059.800215,19.06751193138656,-19.359178554190823,1.7396747306784168,4.440892098500626e-16,-3.3306690738754696e-16,-1.8041124150158794e-16,4.076397344630796,66
1789408059.8107653,1789408059.8102248,19.06751193138656,-19.359178554190823,1.7396747306784168,4.440892098500626e-16,-3.3306690738754696e-16,-1.8041124150158794e-16,4.076397344630796,66
1789408059.8207388,1789408059.8202147,19.06751193138656,-19.359178554190823,1.7396747306784168,4.440892098500626e-16,-3.3306690738754696e-16,-1.8041124150158794e-16,4.076397344630796,66
1789408059.8309996,1789408059.8302133,19.06751193138656,-19.359178554190823,1.7396747306784168,4.440892098500626e-16,-3.3306690738754696e-16,-1.8041124150158794e-16,4.076397344630796,66
1789408059.8407032,1789408059.8402126,19.06751193138656,-19.359178554190823,1.7396747306784168,4.440892098500626e-16,-3.3306690738754696e-16,-1.8041124150158794e-16,4.076397344630796,66
1789408059.8507094,1789408059.850216,19.06751193138656,-19.359178554190823,1.7396747306784168,4.440892098500626e-16,-3.3306690738754696e-16,-1.8041124150158794e-16,4.076397344630796,66
1789408059.8605535,1789408059.8601873,19.06751193138656,-19.359178554190823,1.7396747306784168,4.440892098500626e-16,-3.3306690738754696e-16,-1.8041124150158794e-16,4.076397344630796,66
1789408059.870695,1789408059.870215,19.06751193138656,-19.359178554190823,1.7396747306784168,4.440892098500626e-16,-3.3306690738754696e-16,-1.8041124150158794e-16,4.076397344630796,66
1789408059.8810933,1789408059.8802273,19.06751193138656,-19.359178554190823,1.7396747306784168,4.440892098500626e-16,-3.3306690738754696e-16,-1.8041124150158794e-16,4.076397344630796,66
1789408059.8910868,1789408059.8901951,19.06751193138656,-19.359178554190823,1.7396747306784168,4.440892098500626e-16,-3.3306690738754696e-16,-1.8041124150158794e-16,4.076397344630796,66
1789408059.9011998,1789408059.9002416,19.06751193138656,-19.359178554190823,1.7396747306784168,4.440892098500626e-16,-3.3306690738754696e-16,-1.8041124150158794e-16,4.076397344630796,66
1789408059.9108663,1789408059.9101875,19.06751193138656,-19.359178554190823,1.7396747306784168,4.440892098500626e-16,-3.3306690738754696e-16,-1.8041124150158794e-16,4.076397344630796,66
1789408059.920866,1789408059.9202082,19.06751193138656,-19.359178554190823,1.7396747306784168,4.440892098500626e-16,-3.3306690738754696e-16,-1.8041124150158794e-16,4.076397344630796,66
1789408059.930953,1789408059.9302301,19.06751193138656,-19.359178554190823,1.7396747306784168,4.440892098500626e-16,-3.3306690738754696e-16,-1.8041124150158794e-16,4.076397344630796,66
1789408059.9408166,1789408059.940244,19.06751193138656,-19.359178554190823,1.7396747306784168,4.440892098500626e-16,-3.3306690738754696e-16,-1.8041124150158794e-16,4.076397344630796,66
1789408059.9507954,1789408059.9502063,19.06751193138656,-19.359178554190823,1.7396747306784168,4.440892098500626e-16,-3.3306690738754696e-16,-1.8041124150158794e-16,4.076397344630796,66
1789408059.9607346,1789408059.9602113,19.06751193138656,-19.359178554190823,1.7396747306784168,4.440892098500626e-16,-3.3306690738754696e-16,-1.8041124150158794e-16,4.076397344630796,66
1789408059.9707534,1789408059.970205,19.06751193138656,-19.359178554190823,1.7396747306784168,4.440892098500626e-16,-3.3306690738754696e-16,-1.8041124150158794e-16,4.076397344630796,66
1789408059.9808052,1789408059.9802315,19.06751193138656,-19.359178554190823,1.7396747306784168,4.440892098500626e-16,-3.3306690738754696e-16,-1.8041124150158794e-16,4.076397344630796,66
1789408059.9907887,1789408059.9902058,19.06751193138656,-19.359178554190823,1.7396747306784168,4.440892098500626e-16,-3.3306690738754696e-16,-1.8041124150158794e-16,4.076397344630796,66
1789408060.0009387,1789408060.0002139,19.06751193138656,-19.359178554190823,1.7396747306784168,4.440892098500626e-16,-3.3306690738754696e-16,-1.8041124150158794e-16,4.076397344630796,66
1789408060.010753,1789408060.0101838,19.00575693452682,-19.29007322557913,1.7494516184115834,-1.0786858090478708,1.3193989878504104,0.37568580010785213,4.044041229395353,66
1789408060.0208466,1789408060.0202122,18.994280864494005,-19.276041249575268,1.7534411567206898,-1.1909796579913103,1.4557164362664927,0.413279203835855,4.038657267053342,66
1789408060.03089,1789408060.0301971,18.98187555877243,-19.2608840516541,1.7577376436359071,-1.3048410569229074,1.593713042777902,0.4510649566339771,4.032906717383566,66
1789408060.0408418,1789408060.0402348,18.968185461897235,-19.244169765002603,1.7624604148157619,-1.4228603545410226,1.736498061746911,0.48985683815793546,4.026644620567425,66
1789408060.0508103,1789408060.050239,18.953413650808212,-19.2261492650142,1.7675350369309188,-1.5425689230197719,1.8810502109477847,0.5287907612167216,4.01998705089322,66
1789408060.0610485,1789408060.0602453,18.937103410757885,-19.20626892475878,1.7731131372020847,-1.666861384351033,2.0308230821503424,0.5687445838934442,4.0127564012193755,66
1789408060.0712838,1789408060.0704446,18.92000408554253,-19.185445395903866,1.7789335142308431,-1.7894945135020475,2.1782598125226125,0.6076596280619847,4.005312049630633,66
1789408060.0811803,1789408060.0802314,18.901318641750528,-19.16271165479016,1.7852620526871918,-1.9156938330230917,2.329607699529367,0.6471400058640745,3.997337146049886,66
1789408060.091028,1789408060.0902205,18.88166042693864,-19.138818092323657,1.7918847595331302,-2.040747494704226,2.4791738910874437,0.6856469712092199,3.989128144744951,66
1789408060.1010222,1789408060.1002133,18.88166042693864,-19.138818092323657,1.7918847595331302,-2.040747494704226,2.4791738910874437,0.6856469712092199,3.989128144744951,66
1789408060.110867,1789408060.1102147,18.838591812854972,-19.08655410322499,1.8062692086254655,-2.2913054474994285,2.7774746364625895,0.7607261171053739,3.971795790699802,66
1789408060.1207345,1789408060.1201937,18.81464399349937,-19.057542613628847,1.814193651202884,-2.418724271859305,2.928379373967399,0.7977034125217471,3.962547977804289,66
1789408060.130928,1789408060.130214,18.790025390428937,-19.027755132855756,1.8222850419265475,-2.5420543905010784,3.0738615350420546,0.8326114257164398,3.9533328542265425,66
1789408060.140727,1789408060.1402292,18.76401035195809,-18.996318434680983,1.8307745718108623,-2.664782044692793,3.218003686895066,0.8663895799088428,3.943917573247788,66
1789408060.1507614,1789408060.150214,18.736727345001682,-18.963394319859923,1.8396103068282268,-2.785899106157993,3.359567500809635,0.8986756153478339,3.93440067753472,66
1789408060.1607184,1789408060.1601856,18.708200404175336,-18.92901846832626,1.8487742469298196,-2.904984929247036,3.4980110201700834,0.929278420159293,3.924842303254497,66
1789408060.1707368,1789408060.1702108,18.678660734988526,-18.893475972337793,1.858182166361139,-3.020874403394503,3.6319377068961374,0.9578319981312152,3.9153686347506182,66
1789408060.1807666,1789408060.1802227,18.647784653327122,-18.856384611568714,1.8679260201665882,-3.1346151686067314,3.7625104567150194,0.9845187896664134,3.905928726394646,66
1789408060.190794,1789408060.1902068,18.616300791288307,-18.818626228942783,1.8777657697291348,-3.2434456300644916,3.886526476315731,1.0086384291437072,3.8967907294449278,66
1789408060.2008924,1789408060.2002182,18.616300791288307,-18.818626228942783,1.8777657697291348,-3.2434456300644916,3.886526476315731,1.0086384291437072,3.8967907294449278,66
1789408060.2107491,1789408060.210212,18.549140197567702,-18.738298726282892,1.8984239326475751,-3.4539504494097764,4.123336479991138,1.0505616771372284,3.8789473989557157,66
1789408060.2207236,1789408060.2202067,18.513964640547677,-18.69634830055833,1.9090583997515753,-3.5535979441244336,4.233726374384886,1.0677646698714418,3.8704995625831717,66
1789408060.2307508,1789408060.230206,18.47817718370304,-18.65375614860804,1.9197431177627489,-3.6482081318019297,4.337291585504714,1.0821709021167323,3.8625384153521765,66
1789408060.2407353,1789408060.2402437,18.44104935588639,-18.60966479335771,1.930680775571962,-3.739649218414365,4.4360365929360555,1.0939987354619212,3.8549543073595247,66
1789408060.2505991,1789408060.2502072,18.403630211071007,-18.56532887390253,1.941548528661438,-3.8253623179373197,4.527173781273051,1.1028760326915266,3.8480056913577405,66
1789408060.2604887,1789408060.260177,18.364436210435404,-18.519002025467096,1.9527594499317895,-3.908669689368437,4.614185663619917,1.1090655172833062,3.8414742585760777,66
1789408060.2706814,1789408060.270204,18.325014485022646,-18.472524764501014,1.9638525103686855,-3.9862244341387774,4.693528480855082,1.1122399306410062,3.835673572940159,66
1789408060.2810557,1789408060.2802312,18.285362519780797,-18.425899605829702,1.974819665272054,-4.058335890962768,4.7655732279794245,1.1124929363437266,3.83061395961576,66
1789408060.290995,1789408060.2902553,18.244546364061744,-18.378038708290106,1.9859029237510075,-4.126788771754671,4.83209590315209,1.1098155726074106,3.8262139713054815,66
1789408060.3009465,1789408060.3002024,18.244546364061744,-18.378038708290106,1.9859029237510075,-4.126788771754671,4.83209590315209,1.1098155726074106,3.8262139713054815,66
1789408060.3108113,1789408060.3101733,18.160736151728166,-18.280203864211153,2.007978023402664,-4.250553410994521,4.946339854720403,1.0955317387459993,3.8197298772231143,66
1789408060.3206668,1789408060.320214,18.1176336419644,-18.230129084703623,2.018957733414532,-4.306175705107769,4.9943324647270755,1.0838555498543554,3.8177185498123016,66
1789408060.3309436,1789408060.3302217,18.073957572496237,-18.179561551710222,2.0298135183964576,-4.357472909703424,5.036120165369676,1.0692004471951222,3.816587113645051,66
1789408060.3408082,1789408060.3401995,18.030451559647872,-18.129370150039815,2.040347776059789,-4.403854535591431,5.071332560160833,1.0519033478695157,3.8163584680616207,66
1789408060.3507855,1789408060.350205,17.985779630456197,-18.078025752981624,2.050864618229024,-4.446934135610519,5.101265141406406,1.0314673633337006,3.817046379124264,66
1789408060.360869,1789408060.3601856,17.9413516242593,-18.02716084366523,2.061012842466854,-4.485551408333956,5.125202396745173,1.0085794663911711,3.8186464490477317,66
1789408060.3708637,1789408060.370228,17.896339934348845,-17.97583655220198,2.070967487480264,-4.5207131441969,5.143941606526582,0.982909508199409,3.8211864843819665,66
1789408060.3809702,1789408060.380198,17.85071523226846,-17.924034441089756,2.08071103309141,-4.5526182857420885,5.157692800195322,0.9544692729088382,3.824691175137838,66
1789408060.3909853,1789408060.3902094,17.80538586458727,-17.87279480638144,2.09003490771569,-4.580917972836234,5.166536449161532,0.9239273377162776,3.829085719391723,66
1789408060.4010782,1789408060.4002151,17.80538586458727,-17.87279480638144,2.09003490771569,-4.580917972836234,5.166536449161532,0.9239273377162776,3.829085719391723,66
1789408060.410954,1789408060.4102147,17.713233735036866,-17.76935276236033,2.107848856666918,-4.629300869736875,5.1713498243632685,0.8553414214756643,3.8407588066581058,66
1789408060.4209943,1789408060.4202147,17.66689470165636,-17.717717591787245,2.116206071846812,-4.649630988088667,5.1679132515471515,0.8178328928889371,3.8479814378969737,66
1789408060.4309742,1789408060.430223,17.620727707825868,-17.666536505465203,2.1241178587385625,-4.6676327656651075,5.161119964289313,0.7786371952891902,3.8560532691686866,66
1789408060.4408133,1789408060.4402192,17.574058055707795,-17.61507076909867,2.131684590941513,-4.683844810545326,5.151226885526158,0.7373041960443251,3.8650825800185986,66
1789408060.4507635,1789408060.450222,17.526248185277936,-17.562638235970617,2.138975816243417,-4.698686893704741,5.138340556703239,0.6933301527790331,3.8752185853636982,66
1789408060.462909,1789408060.4602149,17.47917320122707,-17.511304929541897,2.145689610068944,-4.711844668375997,5.12332121115483,0.6485726182042271,3.886054356314247,66
1789408060.4708645,1789408060.4702296,17.432861086496487,-17.461092704389458,2.151835002944746,-4.723646443119886,5.106652613016163,0.6032777255489334,3.8975229010480934,66
1789408060.4809759,1789408060.48022,17.384360408917722,-17.40882007035363,2.15777345933685,-4.735061125331203,5.087559195906936,0.5546626069098046,3.9103715289727576,66
1789408060.4910064,1789408060.4901874,17.338218532243882,-17.35939044855232,2.162943610345574,-4.745263023516208,5.06817912725402,0.5074467675934267,3.923371188880134,66
1789408060.5010805,1789408060.5002172,17.338218532243882,-17.35939044855232,2.162943610345574,-4.745263023516208,5.06817912725402,0.5074467675934267,3.923371188880134,66
1789408060.5110164,1789408060.510204,17.242435702675454,-17.25773213357631,2.1721592240780563,-4.76531248427264,5.025507981988775,0.40708968127979395,3.952689221240412,66
1789408060.5209496,1789408060.520212,17.19490317022279,-17.207763967188686,2.175963755761272,-4.775107173938107,5.00372999283507,0.3564424322913341,3.93307271667896,93
1789408060.5309763,1789408060.5302362,17.14666202724673,-17.157377907679923,2.1793001684297977,-4.78518895933079,4.981608778368092,0.3046935231100666,3.877545987412195,93
1789408060.5408642,1789408060.5402129,17.09898191804528,-17.10790134197913,2.1820776780645894,-4.795447706864873,4.959986311728401,0.253369802488513,3.823387546476291,93
1789408060.5508542,1789408060.5502112,17.050889332753105,-17.058321305459344,2.184356528627931,-4.806224025087467,4.938657270498726,0.20159044618157415,3.7695032600840253,93
1789408060.560692,1789408060.560223,17.003316615240962,-17.009595601759386,2.186097051345259,-4.8174138220166824,4.918240600101205,0.15051992719742668,3.7169495007820763,93
1789408060.570809,1789408060.5702114,16.95476086589776,-16.960186128752255,2.1873512877183607,-4.829462581413489,4.898286644799988,0.09870886214837488,3.6640911051930156,93
1789408060.580903,1789408060.5802412,16.906521216384427,-16.91141699390973,2.1880812426269824,-4.842119338393497,4.879503793221454,0.047707193584044724,3.612372021913083,93
1789408060.5928495,1789408060.5902143,16.857884151385406,-16.862561988311825,2.188304569520274,-4.855606036713539,4.861745196258825,-0.0030842594029676183,3.5610425552894074,93
1789408060.6009953,1789408060.6002114,16.857884151385406,-16.862561988311825,2.188304569520274,-4.855606036713539,4.861745196258825,-0.0030842594029676183,3.5610425552894074,93
1789408060.6109376,1789408060.6102135,16.76060632640262,-16.76577206094974,2.1872480122078186,-4.884767164832407,4.83013864588667,-0.10218716068734383,3.4608879737245863,93
1789408060.6208987,1789408060.6202323,16.711595474835523,-16.717457138944322,2.185981129291542,-4.900498720686185,4.816294446503903,-0.15058608354385322,3.4117195270511527,93
1789408060.6309793,1789408060.6302166,16.662415433419994,-16.669266008152277,2.184234209600354,-4.916898267699964,4.80382117265956,-0.19794831528972617,3.363267649890258,93
1789408060.6418164,1789408060.6401947,16.613148097546432,-16.621270709043824,2.182022481004174,-4.933847284842845,4.792725800433652,-0.24406688810309973,3.3156320282439067,93
1789408060.650752,1789408060.650184,16.563935453200976,-16.573598718057205,2.1793689840970596,-4.951178537125747,4.782987390068753,-0.28869877292199136,3.2689628361408944,93
1789408060.6609852,1789408060.660255,16.51405212632785,-16.525540526967973,2.17624470101961,-4.969011339365363,4.774403443443648,-0.33237365344721354,3.2226017469072277,93
1789408060.670952,1789408060.6702185,16.464380835413966,-16.47793780157982,2.172718185453912,-4.9868694465850805,4.767032028570364,-0.3742061282737035,3.177394704932279,93
1789408060.6810832,1789408060.6802466,16.415108787709578,-16.430952808491032,2.1688299215120392,-5.0045034825665375,4.760744485418624,-0.41398953169600433,3.1335070985462585,93
1789408060.690997,1789408060.6902163,16.364054419909944,-16.38250178730021,2.1644122469658087,-5.022482526037765,4.755138986381199,-0.4533388972615793,3.0890501984209475,93
1789408060.700942,1789408060.7002063,16.313993079269153,-16.335210549327982,2.1597174110929864,-5.039600698900831,4.750353895343629,-0.4900090766742778,3.0464784204361806,93
1789408060.710795,1789408060.7101703,16.26368746884063,-16.287891922162828,2.154658753774112,-5.056056165373278,4.746046868511544,-0.5248960499292578,3.004731483891138,93
1789408060.7208369,1789408060.7202141,16.212967240311592,-16.24037615419836,2.149233818280352,-5.071638376473512,4.741984290064429,-0.5580347179546082,2.9637040093464098,93
1789408060.7310798,1789408060.7302191,16.16235517852054,-16.193141362487886,2.1435168086854093,-5.085914248494011,4.737964490453818,-0.5890289767413776,2.9238449665936668,93
1789408060.7408154,1789408060.740185,16.111874367913696,-16.146194758212722,2.1375332500013653,-5.098614789482233,4.733729725903682,-0.617851384215531,2.885182049724303,93
1789408060.7509031,1789408060.7502875,16.060210340288144,-16.098305887252362,2.1311395660950927,-5.109731450930874,4.728879754363533,-0.6451649559399151,2.8467616571928627,93
1789408060.760705,1789408060.7602303,16.00920123935883,-16.051168250758895,2.1245794733338115,-5.118543303579049,4.72328639648699,-0.6699495414736331,2.8099878590240785,93
1789408060.7709084,1789408060.7702205,15.958188267468483,-16.004158040291056,2.1177926052753655,-5.12490344654291,4.716590847850918,-0.6925579138774763,2.774383868240354,93
1789408060.7810092,1789408060.7802508,15.906737806822186,-15.956865468034893,2.1107374277692617,-5.128522737574163,4.708407544592478,-0.7131498139654642,2.739683696413292,93
1789408060.7909281,1789408060.7901971,15.854733276987867,-15.90917520170773,2.1034106445993324,-5.129002972460828,4.6983454212510125,-0.7317078063961266,2.7058666355567196,93
1789408060.8010857,1789408060.8002207,15.854733276987867,-15.90917520170773,2.1034106445993324,-5.129002972460828,4.6983454212510125,-0.7317078063961266,2.7058666355567196,93
1789408060.8107789,1789408060.8102248,15.752594032371501,-15.815793147020909,2.08851706231765,-5.119354459807505,4.672018703635866,-0.7615722379051546,2.6432185274821807,93
1789408060.8211002,1789408060.8202357,15.701784557834362,-15.769460322597565,2.0808915840381186,-5.108678891433159,4.655015156176859,-0.7731920714267876,2.6139618415493726,93
1789408060.8310525,1789408060.8301945,15.650983235669644,-15.723202739222314,2.0731431229540576,-5.093665743091646,4.634968672547155,-0.7826715091126543,2.586008789451979,93
1789408060.8407757,1789408060.8402035,15.59976857644495,-15.676628849950593,2.065219827334196,-5.0737998257242625,4.611326880972947,-0.7900725315127721,2.559167465373962,93
1789408060.8508863,1789408060.850212,15.549141221216335,-15.630640361255645,2.0572900261453664,-5.049152487864987,4.584217783652688,-0.7952699314078343,2.5339796916170063,93
1789408060.8607256,1789408060.8602219,15.499226347702185,-15.585341769787927,2.0493888709664603,-5.01963803037911,4.553503598461818,-0.798339045178487,2.510479636586896,93
1789408060.8709388,1789408060.8702247,15.4484916092461,-15.539335666822984,2.041284831054833,-4.983979735130956,4.517866067025828,-0.7993729857255091,2.487973685824993,93
1789408060.880997,1789408060.8801997,15.39926112877799,-15.494722610049745,2.033360782707351,-4.943574442485862,4.47866917084817,-0.7983693827552157,2.4674871835125494,93
1789408060.890838,1789408060.8902056,15.350302742940903,-15.450378761778746,2.0254309473598506,-4.8973679735786835,4.434819893286514,-0.7954112979753042,2.448455633181388,93
1789408060.901108,1789408060.900208,15.350302742940903,-15.450378761778746,2.0254309473598506,-4.8973679735786835,4.434819893286514,-0.7954112979753042,2.448455633181388,93
1789408060.9107277,1789408060.9102142,15.253415858098709,-15.362670056033803,2.009625723251144,-4.786760944359645,4.332263575177282,-0.7837806352579252,2.414814115416728,93
1789408060.9209142,1789408060.920205,15.205218796272778,-15.319052245802544,2.0017230416425575,-4.721480606914762,4.272664155496903,-0.7751187518779054,2.4001048354043646,93
1789408060.9307606,1789408060.930207,15.158795253238333,-15.27704250418919,1.9940947779973588,-4.651635460308975,4.209348233662785,-0.7649506327355404,2.3872302355432407,93
1789408060.94095,1789408060.940295,15.112984116125181,-15.23558627615031,1.9865573063631758,-4.575603137986296,4.140782773444583,-0.7531420498845562,2.3757830467142367,93
1789408060.9507787,1789408060.950227,15.067097541597981,-15.194057735863055,1.9790031758272069,-4.491931733350745,4.065619784306898,-0.7395223234540128,2.36558134767077,93
1789408060.9606035,1789408060.9601698,15.022905683534686,-15.154056097396783,1.9717289933652633,-4.403796730259159,3.9866652310887454,-0.7246815182036154,2.3569626724577155,93
1789408060.9707386,1789408060.9702177,14.979325683888085,-15.11459893155573,1.964560988090658,-4.309157371588255,3.9020425226603406,-0.708355251191404,2.349630867639435,93
1789408060.98098,1789408060.9801924,14.936570847954666,-15.075877269400785,1.9575381481003595,-4.208365346853047,3.8120258813378665,-0.6906665862934024,2.3435714501333265,93
1789408060.9909346,1789408060.9901962,14.895447095215937,-15.038619697551658,1.9507957848693072,-4.103491750852801,3.7184243308085296,-0.6720465062114553,2.338807759663163,93
1789408061.0008183,1789408061.000207,14.854554460381141,-15.001556587237593,1.9441070361791284,-3.99095885146207,3.618008009016813,-0.651918345566555,2.33510993369251,93
1789408061.0107481,1789408061.010224,14.814910430732976,-14.965608931421665,1.9376407374349616,-3.8734364010175324,3.5131252236461865,-0.6308123949849277,2.332516994445578,93
1789408061.0209594,1789408061.0202148,14.777139139841717,-14.931342736881108,1.9314994968471266,-3.753163469595764,3.4057439673884096,-0.6091839333976151,2.330956676512036,93
1789408061.0311074,1789408061.0302215,14.740537269667325,-14.898120270480753,1.9255692945433731,-3.628278117781641,3.294175609778503,-0.5867445035440721,2.3302926898328744,93
1789408061.0408187,1789408061.04022,14.704391475952258,-14.865293579184947,1.9197357328051392,-3.4962347482851874,3.176118251748942,-0.5630801829089875,2.33045611055048,93
1789408061.0508356,1789408061.0502124,14.670561931148223,-14.834552613182515,1.914298775233319,-3.364134870169962,3.0579003688659276,-0.5395002227575724,2.331345875175483,93
1789408061.0609748,1789408061.060187,14.63737998984478,-14.804381975208072,1.9089895059568784,-3.225840294909271,2.9340109302862327,-0.5149412487893924,2.3329096173760786,93
1789408061.0707462,1789408061.0702045,14.605700222036898,-14.775559088663544,1.9039444834294288,-3.0849846751507464,2.80768549989528,-0.4900808279026619,2.335039702963952,93
1789408061.0808942,1789408061.0801847,14.575245523578586,-14.747832850327379,1.8991185460271816,-2.9406407091823876,2.678077916342856,-0.4647812569815017,2.3376724856395112,93
1789408061.0908067,1789408061.0902116,14.547041185758324,-14.72213850979496,1.8946719831675942,-2.798337519927041,2.550147019979506,-0.4400261580140315,2.3406205382497425,93
1789408061.101041,1789408061.1002164,14.547041185758324,-14.72213850979496,1.8946719831675942,-2.798337519927041,2.550147019979506,-0.4400261580140315,2.3406205382497425,93
1789408061.1108582,1789408061.1103556,14.493834125653994,-14.673618092913747,1.8863498671009329,-2.5039174456531486,2.284962947461879,-0.3894333682233732,2.3475099199042453,93
1789408061.120855,1789408061.1202078,14.469389523790461,-14.651303343230088,1.8825587035999485,-2.3554467615721006,2.1509772509377942,-0.3642530915931182,2.351253581997383,93
1789408061.1308746,1789408061.1302142,14.446869468267042,-14.630731166387807,1.8790859528328974,-2.2100343338929305,2.019582599726491,-0.33981430413830327,2.355022764643194,93
1789408061.140936,1789408061.1403327,14.425397494204267,-14.611102693217907,1.875794079420486,-2.062639128906607,1.8862251875693843,-0.3152713321616914,2.358901096868446,93
1789408061.1507926,1789408061.1502013,14.40546975512233,-14.592872959268387,1.8727571682826987,-1.9171122499432331,1.7543885014033598,-0.29126930353836344,2.362747715902993,93
1789408061.160775,1789408061.16017,14.387083819662632,-14.576041742972539,1.8699721050911164,-1.7742600478049484,1.6248101210514374,-0.26793394497784967,2.366506626628161,93
1789408061.1708598,1789408061.1702929,14.369882591601378,-14.56028383816524,1.8673824667333323,-1.6319541032094464,1.4955638815197159,-0.24491347010858688,2.370204671220066,93
1789408061.1809804,1789408061.180241,14.354175004769207,-14.545883945050381,1.86503241857504,-1.4934455351036378,1.3696085537114326,-0.22272723824299379,2.3737338020625223,93
1789408061.190703,1789408061.190183,14.340070694478056,-14.5329447045585,1.8629353629931025,-1.3608527303523876,1.2488851240168017,-0.20169570145212692,2.377025728849045,93
1789408061.2009459,1789408061.2002127,14.340070694478056,-14.5329447045585,1.8629353629931025,-1.3608527303523876,1.2488851240168017,-0.20169570145212692,2.377025728849045,93
1789408061.2107692,1789408061.2102034,14.315525377653678,-14.510403608878837,1.859319514353359,-1.1066510184089415,1.0170262667774352,-0.1619581201331139,2.383029657732968,93
1789408061.220857,1789408061.2202048,14.304933585001747,-14.500666903901957,1.8577742188440318,-0.9848525423589517,0.905029458389135,-0.14331075266103258,2.3857277158489243,93
1789408061.2307658,1789408061.230202,14.295741852919042,-14.492301297661884,1.8564253062223253,-0.8659064409323208,0.772874467909493,-0.12979755910908805,2.3881739022845463,93
1789408061.2408457,1789408061.2402043,14.287649281813291,-14.485365374610078,1.8551431800663294,-0.7524536419201371,0.6100322872860487,-0.12879182338899012,2.390621828389276,93
1789408061.2508605,1789408061.2502227,14.280522674881613,-14.479986096869336,1.8537775297301757,-0.6630960869839613,0.46134420650128166,-0.14401310321928185,2.39323463741047,93
1789408061.2607093,1789408061.260171,14.274276816817574,-14.47592495264738,1.852233395490185,-0.6087885271429866,0.3737200915696338,-0.17026863171750856,2.3959262766931846,93
1789408061.2707586,1789408061.2702029,14.268381275909485,-14.47236069783735,1.8503983010450133,-0.5759175828975356,0.35089499341288455,-0.19670017163550432,2.3986385996235864,93
1789408061.2809637,1789408061.280203,14.262808294654302,-14.468809897392955,1.8483608299951508,-0.5371550241562646,0.3620851773355833,-0.20780782988738672,2.4011096416855855,93
1789408061.2908807,1789408061.2902105,14.257752910241187,-14.465174564196117,1.846331654900108,-0.4617176056149644,0.3546358761379137,-0.19107986039009145,2.403122370682728,93
1789408061.3009753,1789408061.3002002,14.257752910241187,-14.465174564196117,1.846331654900108,-0.4617176056149644,0.3546358761379137,-0.19107986039009145,2.403122370682728,93
1789408061.3108628,1789408061.3103037,14.251042096148424,-14.459495624401995,1.8434790048047467,-0.19307981024797966,0.1813347026768372,-0.08377391709997084,2.4053204597356173,93
1789408061.3207614,1789408061.3202057,14.249775109218358,-14.458269976417387,1.842927800240806,-0.06716889244523344,0.06744956300605986,-0.029293780516365137,2.4056498093388545,93
1789408061.3307133,1789408061.3302042,14.249471026963917,-14.457959052821058,1.84279513059186,-0.005781680426932279,0.006110239646205384,-0.0025225187002633764,2.4057193532205283,93
1789408061.3408325,1789408061.340239,14.249461098821584,-14.457948498889792,1.842790799740894,-4.440892098500626e-16,-1.9984014443252818e-15,1.1102230246251565e-16,2.4057213931258477,93
1789408061.3509042,1789408061.3502126,14.249461098821584,-14.457948498889792,1.842790799740894,-4.440892098500626e-16,-1.9984014443252818e-15,1.1102230246251565e-16,2.4057213931258477,93
1789408061.3607342,1789408061.360185,14.249461098821584,-14.457948498889792,1.842790799740894,-4.440892098500626e-16,-1.9984014443252818e-15,1.1102230246251565e-16,2.4057213931258477,93
1789408061.370834,1789408061.3702087,14.249461098821584,-14.457948498889792,1.842790799740894,-4.440892098500626e-16,-1.9984014443252818e-15,1.1102230246251565e-16,2.4057213931258477,93
1789408061.3812413,1789408061.380351,14.249461098821584,-14.457948498889792,1.842790799740894,-4.440892098500626e-16,-1.9984014443252818e-15,1.1102230246251565e-16,2.4057213931258477,93
1789408061.3910456,1789408061.3901913,14.249461098821584,-14.457948498889792,1.842790799740894,-4.440892098500626e-16,-1.9984014443252818e-15,1.1102230246251565e-16,2.4057213931258477,93
1789408061.4010277,1789408061.4002159,14.249461098821584,-14.457948498889792,1.842790799740894,-4.440892098500626e-16,-1.9984014443252818e-15,1.1102230246251565e-16,2.4057213931258477,93
1789408061.4109292,1789408061.410251,14.249461098821584,-14.457948498889792,1.842790799740894,-4.440892098500626e-16,-1.9984014443252818e-15,1.1102230246251565e-16,2.4057213931258477,93
1789408061.4208205,1789408061.420209,14.249461098821584,-14.457948498889792,1.842790799740894,-4.440892098500626e-16,-1.9984014443252818e-15,1.1102230246251565e-16,2.4057213931258477,93
1789408061.4308388,1789408061.430183,14.249461098821584,-14.457948498889792,1.842790799740894,-4.440892098500626e-16,-1.9984014443252818e-15,1.1102230246251565e-16,2.4057213931258477,93
1789408061.44079,1789408061.44021,14.249461098821584,-14.457948498889792,1.842790799740894,-4.440892098500626e-16,-1.9984014443252818e-15,1.1102230246251565e-16,2.4057213931258477,93
1789408061.4510236,1789408061.4502213,14.249461098821584,-14.457948498889792,1.842790799740894,-4.440892098500626e-16,-1.9984014443252818e-15,1.1102230246251565e-16,2.4057213931258477,93
1789408061.4608886,1789408061.4602025,14.249461098821584,-14.457948498889792,1.842790799740894,-4.440892098500626e-16,-1.9984014443252818e-15,1.1102230246251565e-16,2.4057213931258477,93
1789408061.4709816,1789408061.4702191,14.249461098821584,-14.457948498889792,1.842790799740894,-4.440892098500626e-16,-1.9984014443252818e-15,1.1102230246251565e-16,2.4057213931258477,93
1789408061.4810278,1789408061.4802158,14.249461098821584,-14.457948498889792,1.842790799740894,-4.440892098500626e-16,-1.9984014443252818e-15,1.1102230246251565e-16,2.4057213931258477,93
1789408061.4910944,1789408061.4902182,14.249461098821584,-14.457948498889792,1.842790799740894,-4.440892098500626e-16,-1.9984014443252818e-15,1.1102230246251565e-16,2.4057213931258477,93
1789408061.5011218,1789408061.5002084,14.249461098821584,-14.457948498889792,1.842790799740894,-4.440892098500626e-16,-1.9984014443252818e-15,1.1102230246251565e-16,2.4057213931258477,93
1789408061.5110164,1789408061.5102103,14.249461098821584,-14.457948498889792,1.842790799740894,-4.440892098500626e-16,-1.9984014443252818e-15,1.1102230246251565e-16,2.4057213931258477,93
1789408061.521047,1789408061.5202143,14.249461098821584,-14.457948498889792,1.842790799740894,-4.440892098500626e-16,-1.9984014443252818e-15,1.1102230246251565e-16,2.4057213931258477,93
1789408061.5310633,1789408061.5302083,14.249461098821584,-14.457948498889792,1.842790799740894,-4.440892098500626e-16,-1.9984014443252818e-15,1.1102230246251565e-16,2.4057213931258477,93
1789408061.5410297,1789408061.5402231,14.249461098821584,-14.457948498889792,1.842790799740894,-4.440892098500626e-16,-1.9984014443252818e-15,1.1102230246251565e-16,2.4057213931258477,93
1789408061.5510101,1789408061.550182,14.249461098821584,-14.457948498889792,1.842790799740894,-4.440892098500626e-16,-1.9984014443252818e-15,1.1102230246251565e-16,2.4057213931258477,93
1789408061.5610025,1789408061.5602086,14.249461098821584,-14.457948498889792,1.842790799740894,-4.440892098500626e-16,-1.9984014443252818e-15,1.1102230246251565e-16,2.4057213931258477,93
1789408061.5709932,1789408061.5702155,14.249461098821584,-14.457948498889792,1.842790799740894,-4.440892098500626e-16,-1.9984014443252818e-15,1.1102230246251565e-16,2.4057213931258477,93
1789408061.5810287,1789408061.5802171,14.249461098821584,-14.457948498889792,1.842790799740894,-4.440892098500626e-16,-1.9984014443252818e-15,1.1102230246251565e-16,2.4057213931258477,93
1789408061.591091,1789408061.5901878,14.249461098821584,-14.457948498889792,1.842790799740894,-4.440892098500626e-16,-1.9984014443252818e-15,1.1102230246251565e-16,2.4057213931258477,93
1789408061.6010437,1789408061.6002123,14.249461098821584,-14.457948498889792,1.842790799740894,-4.440892098500626e-16,-1.9984014443252818e-15,1.1102230246251565e-16,2.4057213931258477,93
1789408061.6109848,1789408061.6102283,14.249461098821584,-14.457948498889792,1.842790799740894,-4.440892098500626e-16,-1.9984014443252818e-15,1.1102230246251565e-16,2.4057213931258477,93
1789408061.620911,1789408061.6202075,14.249461098821584,-14.457948498889792,1.842790799740894,-4.440892098500626e-16,-1.9984014443252818e-15,1.1102230246251565e-16,2.4057213931258477,93
1789408061.6310077,1789408061.6302083,14.249461098821584,-14.457948498889792,1.842790799740894,-4.440892098500626e-16,-1.9984014443252818e-15,1.1102230246251565e-16,2.4057213931258477,93
1789408061.6407745,1789408061.640168,14.249461098821584,-14.457948498889792,1.842790799740894,-4.440892098500626e-16,-1.9984014443252818e-15,1.1102230246251565e-16,2.4057213931258477,93
1789408061.650803,1789408061.6502037,14.249461098821584,-14.457948498889792,1.842790799740894,-4.440892098500626e-16,-1.9984014443252818e-15,1.1102230246251565e-16,2.4057213931258477,93
1789408061.660746,1789408061.6602159,14.249461098821584,-14.457948498889792,1.842790799740894,-4.440892098500626e-16,-1.9984014443252818e-15,1.1102230246251565e-16,2.4057213931258477,93
1789408061.6709583,1789408061.6702082,14.141863872838295,-14.389095764702539,1.9079000065552671,-1.2484156180153785,1.2892322232640983,1.1385236545261708,2.4563707298222988,93
1789408061.6809392,1789408061.680236,14.128683691227081,-14.375485368686629,1.9197955708061663,-1.3706418433415202,1.415310781754481,1.2244330083789097,2.4601008139521,93
1789408061.6909297,1789408061.6901815,14.114454107682318,-14.360792760877827,1.932372473823222,-1.4943162485513142,1.542869071276845,1.3069279453220943,2.4642571632110473,93
1789408061.7010663,1789408061.7002351,14.114454107682318,-14.360792760877827,1.932372473823222,-1.4943162485513142,1.542869071276845,1.3069279453220943,2.4642571632110473,93
1789408061.7110052,1789408061.7102346,14.08207560403122,-14.327365263729522,1.9600524894132278,-1.7499918847601883,1.806539648906712,1.46294987899949,2.474211314729574,93
1789408061.7212377,1789408061.7202184,14.06355914698946,-14.308251244653906,1.9753428186419795,-1.8831018829240678,1.943799999944021,1.5361492771243541,2.4802115965634854,93
1789408061.7314293,1789408061.7302256,14.043911343664197,-14.28797085112777,1.9911692152951115,-2.015725916984914,2.080556038045043,1.6033696113040075,2.4868213003714987,93
1789408061.7416964,1789408061.7403328,14.02303201965527,-14.266420667907749,2.0075610501497647,-2.148168149516089,2.2171258069234088,1.6645812155545792,2.494117333344822,93
1789408061.7511916,1789408061.7502384,14.001058983014337,-14.24374286772151,2.0243590795350457,-2.2792282706944422,2.352276499018935,1.719075499587132,2.502095913379657,93
1789408061.7608283,1789408061.7602239,13.978068578234293,-14.220016117314955,2.041459634829194,-2.4082598385852716,2.485346787775204,1.766531971774346,2.5107709028728977,93
1789408061.7708094,1789408061.7702029,13.953346599708373,-14.194503193878568,2.0593277741635974,-2.5387733644224255,2.6199635328613873,1.8079484632425884,2.520469004714518,93
1789408061.7808745,1789408061.780216,13.927081964803389,-14.167398864404005,2.077742513152711,-2.6690567331975323,2.7543688529544967,1.8423028098489271,2.53118788099106,93
1789408061.790923,1789408061.7901807,13.899799092776714,-14.139244007842729,2.096273242755453,-2.796174593951023,2.885542513916004,1.8686670480805236,2.54277083605555,93
1789408061.800996,1789408061.800221,13.899799092776714,-14.139244007842729,2.096273242755453,-2.796174593951023,2.885542513916004,1.8686670480805236,2.54277083605555,93
1789408061.8108299,1789408061.810213,13.84160391935137,-14.0791879787449,2.1338534601087935,-3.042853739242023,3.1402301745681767,1.8977910537279432,2.5689805461846595,93
1789408061.820914,1789408061.8202224,13.81040399651004,-14.046988922886468,2.1529539221326144,-3.163019681780802,3.2643889468563914,1.900381542210468,2.583860388428846,93
1789408061.8309233,1789408061.8302047,13.77814605970641,-14.013696165267302,2.171962177630593,-3.2793970651489825,3.3847109798115476,1.8948594462506736,2.5998412697463484,93
1789408061.8409834,1789408061.840183,13.74478177089891,-13.979259037915433,2.1908519977228216,-3.3920526203073824,3.5012762383404583,1.8813315911063362,2.6169983605733513,93
1789408061.8511357,1789408061.850309,13.710470032430765,-13.943840674707765,2.209481825413664,-3.500380154912631,3.6134687454369896,1.8600353001886432,2.6352979229092535,93
1789408061.8608713,1789408061.8602118,13.674751623326616,-13.906965986282156,2.2280382860948253,-3.6056683173414745,3.722636723090446,1.8307934005132154,2.655041271579761,93
1789408061.8707185,1789408061.8702009,13.637851430621005,-13.868865879860712,2.2463328891505974,-3.7070301255988602,3.8278764849637232,1.793867523980806,2.6761671104873366,93
1789408061.8807142,1789408061.8802037,13.600942887453776,-13.830750862248454,2.2637613621948978,-3.8014313264188746,3.92604598766302,1.750899884104494,2.6980247103545856,93
1789408061.8907642,1789408061.8902123,13.561906554159163,-13.790430725190118,2.2812684553843603,-3.8942167019549276,4.022718573568683,1.6996848254298564,2.721917334794599,93
1789408061.9008174,1789408061.9002004,13.561906554159163,-13.790430725190118,2.2812684553843603,-3.8942167019549276,4.022718573568683,1.6996848254298564,2.721917334794599,93
1789408061.9107103,1789408061.9102037,13.482620627276482,-13.70850855110244,2.3139804774332995,-4.062365432816171,4.198535474164897,1.5804387758043958,2.7728266236150283,93
1789408061.9206758,1789408061.9202027,13.441361959578556,-13.665860493705946,2.3295373563935398,-4.140060860912528,4.280141591477447,1.5117763475184691,2.8005427336089714,93
1789408061.9307456,1789408061.9301953,13.399431614765685,-13.622504139976208,2.3443489088444944,-4.212743348203519,4.356768580637808,1.438288263442283,2.8295411582059815,93
1789408061.940817,1789408061.940218,13.35702965160777,-13.578644389261703,2.358325853062548,-4.280226309391632,4.4282283741319945,1.3608290115369386,2.8596962559328887,93
1789408061.9508953,1789408061.950218,13.313965289121938,-13.534081777492059,2.3715136651530773,-4.342967798922592,4.49501433065037,1.2795508752562683,2.8911550321653006,93
1789408061.9608734,1789408061.9602323,13.270267446585246,-13.488843826831836,2.383881436026794,-4.401041674047838,4.5572151520271555,1.194991744178311,2.9239112897203086,93
1789408061.970977,1789408061.970204,13.226307683106405,-13.443312886959056,2.3953169845525872,-4.454140396570154,4.614505453370287,1.1083758683144378,2.9576890169279286,93
1789408061.9810512,1789408061.9802144,13.1814984713217,-13.396877773564421,2.4059600749304764,-4.503117038632414,4.667811945466338,1.019035449637619,2.992947251090581,93
1789408061.990876,1789408061.9901795,13.136280113896388,-13.34999178830844,2.4156895203664823,-4.54760543283276,4.716743867085805,0.9283282177087929,3.0293503207891166,93
1789408062.0009482,1789408062.0002117,13.136280113896388,-13.34999178830844,2.4156895203664823,-4.54760543283276,4.716743867085805,0.9283282177087929,3.0293503207891166,93
1789408062.0107365,1789408062.010182,13.044818432075639,-13.255066115631568,2.4323756772045932,-4.62370870814288,4.802121776379043,0.745141053474878,3.1054100913094165,93
1789408062.0208585,1789408062.02023,12.997781485548401,-13.20619573043522,2.4394565347571118,-4.6562347401136925,4.839595634201995,0.6520226676247055,3.14574123356433,93
1789408062.0309987,1789408062.0301876,12.950934122159454,-13.157483992204918,2.4455370360276953,-4.6845601001904305,4.8729868575428705,0.5605973532434131,3.1866969201009523,93
1789408062.040907,1789408062.040212,12.904122025156859,-13.108768189691768,2.4506761242136434,-4.70908764804641,4.90272619812035,0.47095093459424275,3.2283820999560566,93
1789408062.0508406,1789408062.0501776,12.856731916280868,-13.059406748099757,2.454958023453516,-4.730346078517467,4.9294246865238,0.382310092627309,3.2713320960672467,93
1789408062.0607812,1789408062.0601842,12.8098592442028,-13.010537922575722,2.4583156170129135,-4.748096650154204,4.95272847239553,0.2970637243147857,3.3145324532922955,93
1789408062.070771,1789408062.070176,12.761408605477817,-12.959972596847448,2.460905280514919,-4.7632847235141655,4.973846916589016,0.2118066275436756,3.3599154438991876,93
1789408062.0808344,1789408062.080184,12.713965965062918,-12.91040580200525,2.462609870813858,-4.775295085844002,4.991860227975571,0.1314259880972256,3.405049198808272,93
1789408062.0909255,1789408062.0902982,12.666068888404874,-12.860307589675674,2.463534270923507,-4.784793567279815,5.007623379090823,0.05364789765581622,3.4512909130392617,93
1789408062.1010392,1789408062.1001768,12.666068888404874,-12.860307589675674,2.463534270923507,-4.784793567279815,5.007623379090823,0.05364789765581622,3.4512909130392617,93
1789408062.1108398,1789408062.1101735,12.570182369419923,-12.759831480574642,2.463135695463381,-4.796825585939299,5.03283742406023,-0.09099644002570048,3.5458194226813746,93
1789408062.1208572,1789408062.1201742,12.522338470796358,-12.709600147582629,2.4618945839442437,-4.799801965194364,5.042719400155115,-0.1572893525324699,3.593921308966499,93
1789408062.1308317,1789408062.130176,12.47484453139499,-12.65966811082738,2.4600296291443406,-4.801051516519395,5.051043587705813,-0.21903933499332157,3.642262395758316,93
1789408062.1407857,1789408062.1401768,12.426451848536754,-12.608718326141117,2.4575225296746175,-4.80079048964489,5.058216782400499,-0.2776949246176105,3.6921056587536927,93
1789408062.15077,1789408062.1501725,12.37828497987262,-12.557930226665759,2.4544612059694404,-4.799199464407941,5.064250590129562,-0.33173103075039945,3.742287470444474,93
1789408062.1606505,1789408062.1601744,12.330587035689955,-12.50755887505602,2.4509152267550047,-4.79651064223334,5.069331238940644,-0.38092784530092827,3.792525597353577,93
1789408062.170739,1789408062.1701727,12.28275599546001,-12.456966507329097,2.446887071638096,-4.7928878878515935,5.0737139198125405,-0.42594204406206837,3.843432488735287,93
1789408062.180754,1789408062.1801782,12.23486335780475,-12.406225537664552,2.442421636574376,-4.788507916075593,5.07755836503131,-0.4667003215906535,3.894920034860858,93
1789408062.1909392,1789408062.1902375,12.186937712519065,-12.355363407551435,2.437561903275141,-4.783538288007837,5.081019516218242,-0.5032154218176614,3.9469443686066157,93
1789408062.2010345,1789408062.2001765,12.186937712519065,-12.355363407551435,2.437561903275141,-4.783538288007837,5.081019516218242,-0.5032154218176614,3.9469443686066157,93
1789408062.210764,1789408062.2101748,12.091282407786947,-12.25357977501482,2.426855321552647,-4.772472729213179,5.087337729379238,-0.5636597286822329,3.966924025424806,177
1789408062.220791,1789408062.2201726,12.043575379545535,-12.202678856633511,2.4210931955154478,-4.766652353281742,5.090437531252169,-0.5878447373027732,3.937950751830532,177
1789408062.2308638,1789408062.2302046,11.995922310614857,-12.151741673037275,2.415107718438913,-4.760792323939222,5.093632275585357,-0.608233972801709,3.90982580427276,177
1789408062.240697,1789408062.2401853,11.94820975232969,-12.10064535260432,2.4089210298484995,-4.754973664365865,5.097005621463932,-0.6250440348251916,3.8824997195015456,177
1789408062.250944,1789408062.2501736,11.900436042677072,-12.049386419477829,2.4025671841105543,-4.749273495852164,5.100614252714148,-0.6384475799799956,3.8559923934705953,177
1789408062.2607489,1789408062.2601726,11.85365520005104,-11.999097587515273,2.3962230874779338,-4.743869734904191,5.1044050717983955,-0.6484407935046572,3.830881125747907,177
1789408062.2707198,1789408062.2701728,11.806002405433615,-11.947773814248599,2.3896671375138423,-4.738583183987811,5.108540018767958,-0.6556406292377885,3.806179416146456,177
1789408062.2808442,1789408062.2801733,11.758532447824944,-11.896548561086288,2.383071312066015,-4.733551843148105,5.112922605380675,-0.6600379231866059,3.782471099660135,177
1789408062.2907705,1789408062.290172,11.71105536078428,-11.845217214477396,2.3764364888654876,-4.728749164483148,5.117534602231012,-0.6618870038410277,3.7596745016060447,177
1789408062.3009593,1789408062.3001757,11.663821379453559,-11.794051193066558,2.369822399579434,-4.724171984420227,5.122292504002002,-0.6614192418278704,3.737921044937504,177
1789408062.3107913,1789408062.310175,11.61643426266076,-11.742621984853619,2.363195900843699,-4.719732505936881,5.127154420770869,-0.6588605296001577,3.7170437373880207,177
1789408062.320808,1789408062.3201735,11.569449830686992,-11.691534306982273,2.35665440713898,-4.715411747028309,5.131959196892004,-0.6544757187786938,3.697297842979841,177
1789408062.3309288,1789408062.3302019,11.522467942839048,-11.640355300331564,2.350159265287927,-4.711080963744845,5.136622275584114,-0.6484646440658187,3.678520514503473,177
1789408062.340749,1789408062.3401732,11.475721598400776,-11.589340737100537,2.3437573872701627,-4.7066509679289865,5.140975247016086,-0.6410745698115027,3.660814799513489,177
1789408062.3508751,1789408062.3501997,11.428029353903863,-11.537200730608316,2.3373017071906124,-4.701871318401715,5.144947896134046,-0.6322906450611827,3.643773219045189,177
1789408062.3606846,1789408062.3601723,11.381321433816337,-11.486047370101026,2.3310643490358602,-4.696782877888447,5.14818903475537,-0.6226603200946066,3.6281011345379555,177
1789408062.3707545,1789408062.3701756,11.334340174560001,-11.43450728794595,2.3248843435197526,-4.691085297118707,5.150589168424061,-0.6121276331235748,3.6133698389034827,177
1789408062.3806953,1789408062.3801746,11.287410662826979,-11.382938636040468,2.318812081944027,-4.684622918202318,5.151895068611507,-0.6009269620191869,3.5997045213894245,177
1789408062.3908286,1789408062.390175,11.240475800623845,-11.331281109721878,2.312845197956236,-4.677179415377428,5.151860060663426,-0.5892007337358037,3.58710241910757,177
1789408062.400952,1789408062.400172,11.240475800623845,-11.331281109721878,2.312845197956236,-4.677179415377428,5.151860060663426,-0.5892007337358037,3.58710241910757,177
1789408062.4107895,1789408062.4102006,11.14692930396101,-11.22808411341102,2.301281247706364,-4.6584995897022985,5.1467075064223105,-0.5648133292145696,3.5652192300204173,177
1789408062.4208293,1789408062.4202137,11.100739243776248,-11.177017330891863,2.2957352292623323,-4.646897053967308,5.141094889998161,-0.5525067108894003,3.5560291733496245,177
1789408062.4307775,1789408062.4301744,11.055082246794061,-11.126470792523524,2.2903591703998654,-4.633540225939396,5.133157838383418,-0.540298327217601,3.5480104382324797,177
1789408062.4408257,1789408062.4402175,11.00841294313737,-11.074735241624868,2.284971008930712,-4.617664908892387,5.122266188991474,-0.5278553049727914,3.5409196346387044,177
1789408062.4509745,1789408062.4502206,10.961933606917013,-11.023144415241616,2.279709650925482,-4.599321669113189,5.108284980449311,-0.5155667662533283,3.5349790399157954,177
1789408062.460798,1789408062.4601734,10.916067676977962,-10.972172735315596,2.274616833979437,-4.578434306527528,5.091071516707541,-0.5035947350653256,3.53022300380946,177
1789408062.4706957,1789408062.4701736,10.87057169027372,-10.921554254534993,2.2696582894877033,-4.5546657115385,5.070286408175071,-0.4919092082544423,3.526598820793929,177
1789408062.480721,1789408062.4802072,10.825133935114778,-10.87094557268313,2.2647941753567413,-4.527569565802598,5.045470722910617,-0.48045318350779853,3.5240730975489076,177
1789408062.4910314,1789408062.490214,10.780587112314425,-10.821278328368948,2.2601060881892177,-4.497418045435291,5.0168347976316365,-0.46944344514447,3.5226636898027794,177
1789408062.5011003,1789408062.5001838,10.735018117900298,-10.77042177674821,2.2553877819145147,-4.462546660919351,4.9827318357926975,-0.45841103654207177,3.522319541518478,177
1789408062.510757,1789408062.5101755,10.690527988656084,-10.720723201460428,2.250851293819942,-4.4242109029929,4.944338986558478,-0.4478569808473034,3.5230580762358907,177
1789408062.5208304,1789408062.5201716,10.646531318430991,-10.671533321552111,2.246427867576626,-4.38176601435752,4.901008526324066,-0.4376149678998411,3.524834997387267,177
1789408062.5310585,1789408062.5302262,10.602968077362613,-10.622788460204024,2.242104179126769,-4.3349243983588295,4.852432578649117,-0.42764125929683644,3.52762131725285,177
1789408062.5408683,1789408062.5401862,10.560614711396708,-10.57536154967155,2.23794908004005,-4.284421191218557,4.79938058796289,-0.4180748638764369,3.531310436736184,177
1789408062.550886,1789408062.5502048,10.517191147428774,-10.52670145796932,2.233733427857847,-4.227162701954772,4.738577752936284,-0.4083630829028514,3.5360957684936705,177
1789408062.5607111,1789408062.5602093,10.475293085039771,-10.479719185883013,2.2297035614079523,-4.166253180499303,4.673305980100763,-0.39904324483670056,3.5416744953272166,177
1789408062.570879,1789408062.570211,10.434178149612475,-10.43358644658139,2.2257802985504562,-4.100665758810154,4.60248847633468,-0.3899003858460614,3.548065156161338,177
1789408062.5807917,1789408062.580219,10.39346152303905,-10.387874149230864,2.221921088597232,-4.029612367517626,4.525277503743631,-0.38079900154434615,3.555285913896515,177
1789408062.5907378,1789408062.5901854,10.354116287343412,-10.343677781137536,2.218212330818734,-3.9547576095052546,4.4434958175042825,-0.37190755565801065,3.5631039437077408,177
1789408062.601154,1789408062.6002386,10.314344235315179,-10.298979523540629,2.2144796835937024,-3.8724417408245495,4.353145656348025,-0.362765333303479,3.5718429584832543,177
1789408062.6108835,1789408062.6101797,10.314344235315179,-10.298979523540629,2.2144796835937024,-3.8724417408245495,4.353145656348025,-0.362765333303479,3.5718429584832543,177
1789408062.6208642,1789408062.6202114,10.239197060126163,-10.214467158755705,2.2074573693639454,-3.6968157766939407,4.15927851171148,-0.34483233454295936,3.590635286593628,177
1789408062.6310282,1789408062.630211,10.202810173573925,-10.173520463933517,2.2040646177884624,-3.601357889614853,4.053428449413208,-0.3357137158741809,3.600798663391155,177
1789408062.64078,1789408062.6402252,10.167173026416272,-10.133402681558271,2.2007423260425667,-3.5005825159062867,3.941401577697644,-0.3264180844615741,3.611420195440053,177
1789408062.650898,1789408062.650336,10.132099026206527,-10.093905309505178,2.1974700574477097,-3.3937878967710247,3.822423805033926,-0.31684318060589856,3.6225147674917726,177
1789408062.6609197,1789408062.6602483,10.09919371102342,-10.056838541244105,2.194395195349234,-3.2861579760218196,3.7022907924189727,-0.3074027276667817,3.633497487484138,177
1789408062.670866,1789408062.670209,10.067038927550172,-10.020606937730937,2.191383356076234,-3.173427406514343,3.5762624464031503,-0.29767369831205304,3.6447629351067463,177
1789408062.680939,1789408062.6802056,10.035579823586383,-9.985149872979523,2.188427473481576,-3.0552648622602985,3.4439747171412884,-0.2875920999855552,3.656291130042009,177
1789408062.6908054,1789408062.6902025,10.005714048373376,-9.951480500820795,2.1856106411417624,-2.935214646288187,3.3094085226500924,-0.2774221315817361,3.6676956185714356,177
1789408062.700897,1789408062.7002027,9.976926539124067,-9.919019602858182,2.182883579133145,-2.8115374562341056,3.1706292503689726,-0.266979704360492,3.6791094895080954,177
1789408062.7108755,1789408062.710197,9.976926539124067,-9.919019602858182,2.182883579133145,-2.8115374562341056,3.1706292503689726,-0.266979704360492,3.6791094895080954,177
1789408062.7208412,1789408062.7202008,9.92355682006927,-9.85882242152634,2.1777894524609818,-2.5587359987722347,2.8865809998933494,-0.245609132032264,3.7013530211700094,177
1789408062.7309215,1789408062.7302432,9.898520402793894,-9.830575911965758,2.175379037275477,-2.4280759437617965,2.739609339438721,-0.23449484112623026,3.712268010168484,177
1789408062.7409,1789408062.740203,9.874671632047738,-9.80366530691662,2.1730684230179493,-2.2953255931716643,2.590194213383445,-0.2231243543995616,3.7229477415512684,177
1789408062.7508528,1789408062.750199,9.852413955514308,-9.778546706930403,2.170897576984688,-2.163241254416427,2.441449064786171,-0.2117142988034472,3.7331619306572557,177
1789408062.7608402,1789408062.7601736,9.831489101290796,-9.754929432266394,2.1688425610706523,-2.0309249981347177,2.2923737681041336,-0.20017221418428632,3.7429804862825065,177
1789408062.7708333,1789408062.7702026,9.811820046015969,-9.732727180848913,2.166896934376638,-1.89838082865317,2.1429815790559834,-0.1884846395598741,3.752399438213804,177
1789408062.7809124,1789408062.7802048,9.793632620130163,-9.712195448862387,2.1650845038585302,-1.7677710471963022,1.995718434377514,-0.17683331901601465,3.7612714263381153,177
1789408062.7908435,1789408062.7902138,9.776488071175594,-9.69283941046294,2.163362935928954,-1.6364952335870666,1.847659681980966,-0.16497801566824172,3.769776868839934,177
1789408062.8007662,1789408062.8002017,9.760846996075625,-9.675179496413138,2.161780052388285,-1.5087223049716862,1.7035141291719758,-0.15329081516027926,3.777656141560428,177
1789408062.8107762,1789408062.8101995,9.760846996075625,-9.675179496413138,2.161780052388285,-1.5087223049716862,1.7035141291719758,-0.15329081516027926,3.777656141560428,177
1789408062.8206701,1789408062.820201,9.733174015451224,-9.643931921207885,2.1589464624416372,-1.2595431909811072,1.4223165920018723,-0.13004584487375936,3.7918745183164746,177
1789408062.830827,1789408062.8301985,9.72111445967391,-9.630313596452769,2.1576963074662716,-1.1393441743484627,1.2866375035107378,-0.11860369145942329,3.798181162952156,177
1789408062.8407896,1789408062.8401818,9.710311636158641,-9.618113984522097,2.1565672187163383,-1.0240034385912842,1.1564246803467362,-0.10747405710013253,3.8038872003600295,177
1789408062.8508646,1789408062.8502078,9.700619589346381,-9.607168439205362,2.155545869454717,-0.9129970154825269,1.0310910048059183,-0.0966166271478988,3.809051894735653,177
1789408062.8608522,1789408062.8602118,9.692055529828291,-9.597476051579077,2.154663193105879,-0.7993624862937379,0.9098859259194778,-0.07564146563972722,3.813643898997274,177
1789408062.8709452,1789408062.8702152,9.684616402187373,-9.588898377240515,2.15412400195512,-0.6666048616155463,0.7809819510664854,-0.027980463946457867,3.8176045344457465,177
1789408062.8811395,1789408062.880245,9.67863336975818,-9.581799880392877,2.154082139364424,-0.5342059222544762,0.6390667197306485,0.015953139912739743,3.820739309608971,177
1789408062.8910928,1789408062.8902054,9.672193490159781,-9.575064569471786,2.1524921523712988,-0.5245740003316319,0.5924542392380538,-0.05737184269047868,3.8244457643773035,177
1789408062.901178,1789408062.9001803,9.667347843028695,-9.569591893176478,2.1519600718505876,-0.44292908826332544,0.5002438486643734,-0.04884141146261406,3.82710634824926,177
1789408062.9109614,1789408062.910189,9.663332566795455,-9.565057053060432,2.151515575479964,-0.36912461226034465,0.4168868339564815,-0.04103219916952905,3.8293190271612145,177
1789408062.9208782,1789408062.9202418,9.659918598028664,-9.561201356892308,2.1511345572677847,-0.3002827907696797,0.3391340103732938,-0.03365637193529181,3.831206064116616,177
1789408062.930891,1789408062.9302073,9.657274515307353,-9.55821519517393,2.1508370783140465,-0.24147785057734295,0.2727171902846388,-0.027278444102832755,3.8326711659791526,177
1789408062.94095,1789408062.94018,9.65512487898419,-9.555787485152328,2.150593313783224,-0.18844793624736944,0.21282334586865215,-0.021458303227696818,3.833864618014168,177
1789408062.951069,1789408062.950214,9.653477193339512,-9.553926691541193,2.1504049877883755,-0.14293490244630958,0.16142005264595305,-0.01640420423147615,3.834780808272992,177
1789408062.9608264,1789408062.9602127,9.652251149659243,-9.552542103645068,2.1502637587665525,-0.10464194284486839,0.11817212832054214,-0.012102955120566028,3.8354633457502256,177
1789408062.9707725,1789408062.970214,9.651364614661237,-9.551540951757222,2.150160846345938,-0.07291623495337962,0.08234216492364332,-0.00849915523509992,3.835957306884965,177
1789408062.980982,1789408062.9802227,9.650767994579539,-9.550867214869342,2.150091057300112,-0.0480405285008505,0.054249237055098654,-0.00564227728539457,3.8362899370241372,177
1789408062.9908025,1789408062.9902167,9.650385985250505,-9.550435841019718,2.1500460347116874,-0.02907434356708105,0.03283087725813427,-0.003440646580931128,3.836503004430406,177
1789408063.001273,1789408063.000208,9.650385985250505,-9.550435841019718,2.1500460347116874,-0.02907434356708105,0.03283087725813427,-0.003440646580931128,3.836503004430406,177
1789408063.0109088,1789408063.0102181,9.650055667322789,-9.550062854099412,2.1500067170598607,-0.006991181079729181,0.007893939766948854,-0.0008397220310625286,3.836687298755045,177
1789408063.0207536,1789408063.0202146,9.650012079456204,-9.55001363853767,2.1500014659696904,-0.002252428309292398,0.0025431875741812604,-0.00027251997243982196,3.8367116223330022,177
1789408063.0309622,1789408063.030206,9.650001006406661,-9.550001136268166,2.1500001228239447,-0.00035382066010392066,0.0003994793776627148,-4.311157806791144e-05,3.836717801771986,177
1789408063.0408697,1789408063.0402164,9.65000000014742,-9.550000000166435,2.150000000018094,-4.77251107966481e-07,5.388165469355499e-07,-5.856518336955219e-08,3.8367183633415722,177
1789408063.0508223,1789408063.0502062,9.649999999999999,-9.549999999999997,2.15,-8.881784197001252e-15,1.4210854715202004e-14,1.3322676295501878e-15,3.836718363423847,177
1789408063.06087,1789408063.0601742,9.649999999999999,-9.549999999999997,2.15,-8.881784197001252e-15,1.4210854715202004e-14,1.3322676295501878e-15,3.836718363423847,177
1789408063.0709658,1789408063.0702045,9.649999999999999,-9.549999999999997,2.15,-8.881784197001252e-15,1.4210854715202004e-14,1.3322676295501878e-15,3.836718363423847,177
1789408063.080992,1789408063.0802002,9.649999999999999,-9.549999999999997,2.15,-8.881784197001252e-15,1.4210854715202004e-14,1.3322676295501878e-15,3.836718363423847,177
1789408063.0911357,1789408063.090286,9.649999999999999,-9.549999999999997,2.15,-8.881784197001252e-15,1.4210854715202004e-14,1.3322676295501878e-15,3.836718363423847,177
1789408063.1011288,1789408063.1002078,9.649999999999999,-9.549999999999997,2.15,-8.881784197001252e-15,1.4210854715202004e-14,1.3322676295501878e-15,3.836718363423847,177
1789408063.1107347,1789408063.1101873,9.649999999999999,-9.549999999999997,2.15,-8.881784197001252e-15,1.4210854715202004e-14,1.3322676295501878e-15,3.836718363423847,177
1789408063.120843,1789408063.120207,9.649999999999999,-9.549999999999997,2.15,-8.881784197001252e-15,1.4210854715202004e-14,1.3322676295501878e-15,3.836718363423847,177
1789408063.1311216,1789408063.130208,9.649999999999999,-9.549999999999997,2.15,-8.881784197001252e-15,1.4210854715202004e-14,1.3322676295501878e-15,3.836718363423847,177
1789408063.1406388,1789408063.1402097,9.649999999999999,-9.549999999999997,2.15,-8.881784197001252e-15,1.4210854715202004e-14,1.3322676295501878e-15,3.836718363423847,177
1789408063.1507676,1789408063.1502075,9.649999999999999,-9.549999999999997,2.15,-8.881784197001252e-15,1.4210854715202004e-14,1.3322676295501878e-15,3.836718363423847,177
1789408063.160664,1789408063.1602132,9.649999999999999,-9.549999999999997,2.15,-8.881784197001252e-15,1.4210854715202004e-14,1.3322676295501878e-15,3.836718363423847,177
1789408063.1707375,1789408063.1702073,9.649999999999999,-9.549999999999997,2.15,-8.881784197001252e-15,1.4210854715202004e-14,1.3322676295501878e-15,3.836718363423847,177
1789408063.1807935,1789408063.1802151,9.649999999999999,-9.549999999999997,2.15,-8.881784197001252e-15,1.4210854715202004e-14,1.3322676295501878e-15,3.836718363423847,177
1789408063.1909156,1789408063.1902094,9.649999999999999,-9.549999999999997,2.15,-8.881784197001252e-15,1.4210854715202004e-14,1.3322676295501878e-15,3.836718363423847,177
1789408063.2009609,1789408063.2002063,9.649999999999999,-9.549999999999997,2.15,-8.881784197001252e-15,1.4210854715202004e-14,1.3322676295501878e-15,3.836718363423847,177
1789408063.2106314,1789408063.210212,9.649999999999999,-9.549999999999997,2.15,-8.881784197001252e-15,1.4210854715202004e-14,1.3322676295501878e-15,3.836718363423847,177
1789408063.2206728,1789408063.2201989,9.649999999999999,-9.549999999999997,2.15,-8.881784197001252e-15,1.4210854715202004e-14,1.3322676295501878e-15,3.836718363423847,177
1789408063.2307067,1789408063.2301986,9.649999999999999,-9.549999999999997,2.15,-8.881784197001252e-15,1.4210854715202004e-14,1.3322676295501878e-15,3.836718363423847,177
1789408063.2407,1789408063.2402017,9.649999999999999,-9.549999999999997,2.15,-8.881784197001252e-15,1.4210854715202004e-14,1.3322676295501878e-15,3.836718363423847,177
1789408063.2511203,1789408063.2502234,9.649999999999999,-9.549999999999997,2.15,-8.881784197001252e-15,1.4210854715202004e-14,1.3322676295501878e-15,3.836718363423847,177
1789408063.260899,1789408063.2602034,9.649999999999999,-9.549999999999997,2.15,-8.881784197001252e-15,1.4210854715202004e-14,1.3322676295501878e-15,3.836718363423847,177
1789408063.2708664,1789408063.2702,9.649999999999999,-9.549999999999997,2.15,-8.881784197001252e-15,1.4210854715202004e-14,1.3322676295501878e-15,3.836718363423847,177
1789408063.2810123,1789408063.2801995,9.649999999999999,-9.549999999999997,2.15,-8.881784197001252e-15,1.4210854715202004e-14,1.3322676295501878e-15,3.836718363423847,177
1789408063.2909322,1789408063.2902029,9.649999999999999,-9.549999999999997,2.15,-8.881784197001252e-15,1.4210854715202004e-14,1.3322676295501878e-15,3.836718363423847,177
1789408063.3010852,1789408063.3001988,9.649999999999999,-9.549999999999997,2.15,-8.881784197001252e-15,1.4210854715202004e-14,1.3322676295501878e-15,3.836718363423847,177
1789408063.3111024,1789408063.3103447,9.649999999999999,-9.549999999999997,2.15,-8.881784197001252e-15,1.4210854715202004e-14,1.3322676295501878e-15,3.836718363423847,177
1789408063.3208213,1789408063.3201957,9.649999999999999,-9.549999999999997,2.15,-8.881784197001252e-15,1.4210854715202004e-14,1.3322676295501878e-15,3.836718363423847,177
1789408063.3309898,1789408063.3301907,9.649999999999999,-9.549999999999997,2.15,-8.881784197001252e-15,1.4210854715202004e-14,1.3322676295501878e-15,3.836718363423847,177
1789408063.340678,1789408063.3402333,9.649999999999999,-9.549999999999997,2.15,-8.881784197001252e-15,1.4210854715202004e-14,1.3322676295501878e-15,3.836718363423847,177
1789408063.3507826,1789408063.3502107,9.649999999999999,-9.549999999999997,2.15,-8.881784197001252e-15,1.4210854715202004e-14,1.3322676295501878e-15,3.836718363423847,177
1789408063.3607767,1789408063.360216,9.649999999999999,-9.549999999999997,2.15,-8.881784197001252e-15,1.4210854715202004e-14,1.3322676295501878e-15,3.836718363423847,177
1789408063.3707995,1789408063.3702137,9.649999999999999,-9.549999999999997,2.15,-8.881784197001252e-15,1.4210854715202004e-14,1.3322676295501878e-15,3.836718363423847,177
1789408063.3809319,1789408063.380213,9.649999999999999,-9.549999999999997,2.15,-8.881784197001252e-15,1.4210854715202004e-14,1.3322676295501878e-15,3.836718363423847,177
1789408063.3908205,1789408063.390181,9.649999999999999,-9.549999999999997,2.15,-8.881784197001252e-15,1.4210854715202004e-14,1.3322676295501878e-15,3.836718363423847,177
1789408063.4009666,1789408063.4002018,9.649999999999999,-9.549999999999997,2.15,-8.881784197001252e-15,1.4210854715202004e-14,1.3322676295501878e-15,3.836718363423847,177
1789408063.4107049,1789408063.4101799,9.649999999999999,-9.549999999999997,2.15,-8.881784197001252e-15,1.4210854715202004e-14,1.3322676295501878e-15,3.836718363423847,177
1789408063.4208262,1789408063.4202068,9.649999999999999,-9.549999999999997,2.15,-8.881784197001252e-15,1.4210854715202004e-14,1.3322676295501878e-15,3.836718363423847,177
1789408063.4307852,1789408063.4302092,9.649999999999999,-9.549999999999997,2.15,-8.881784197001252e-15,1.4210854715202004e-14,1.3322676295501878e-15,3.836718363423847,177
1789408063.440654,1789408063.4402072,9.649999999999999,-9.549999999999997,2.15,-8.881784197001252e-15,1.4210854715202004e-14,1.3322676295501878e-15,3.836718363423847,177
1789408063.4507287,1789408063.4502108,9.649999999999999,-9.549999999999997,2.15,-8.881784197001252e-15,1.4210854715202004e-14,1.3322676295501878e-15,3.836718363423847,177
1789408063.4606607,1789408063.4602323,9.649999999999999,-9.549999999999997,2.15,-8.881784197001252e-15,1.4210854715202004e-14,1.3322676295501878e-15,3.836718363423847,177
1789408063.4706311,1789408063.470209,9.649999999999999,-9.549999999999997,2.15,-8.881784197001252e-15,1.4210854715202004e-14,1.3322676295501878e-15,3.836718363423847,177
1789408063.480923,1789408063.480203,9.649999999999999,-9.549999999999997,2.15,-8.881784197001252e-15,1.4210854715202004e-14,1.3322676295501878e-15,3.836718363423847,177
1789408063.4909973,1789408063.4901981,9.649999999999999,-9.549999999999997,2.15,-8.881784197001252e-15,1.4210854715202004e-14,1.3322676295501878e-15,3.836718363423847,177
1789408063.5008492,1789408063.500199,9.649999999999999,-9.549999999999997,2.15,-8.881784197001252e-15,1.4210854715202004e-14,1.3322676295501878e-15,3.836718363423847,177
1789408063.5106997,1789408063.5101979,9.649999999999999,-9.549999999999997,2.15,-8.881784197001252e-15,1.4210854715202004e-14,1.3322676295501878e-15,3.836718363423847,177
1789408063.5206902,1789408063.520197,9.649999999999999,-9.549999999999997,2.15,-8.881784197001252e-15,1.4210854715202004e-14,1.3322676295501878e-15,3.836718363423847,177
1789408063.53097,1789408063.5301995,9.649999999999999,-9.549999999999997,2.15,-8.881784197001252e-15,1.4210854715202004e-14,1.3322676295501878e-15,3.836718363423847,177
1789408063.5406966,1789408063.5401785,9.649999999999999,-9.549999999999997,2.15,-8.881784197001252e-15,1.4210854715202004e-14,1.3322676295501878e-15,3.836718363423847,177
1789408063.5507054,1789408063.5501988,9.649999999999999,-9.549999999999997,2.15,-8.881784197001252e-15,1.4210854715202004e-14,1.3322676295501878e-15,3.836718363423847,177
1789408063.5606484,1789408063.56018,9.649999999999999,-9.549999999999997,2.15,-8.881784197001252e-15,1.4210854715202004e-14,1.3322676295501878e-15,3.836718363423847,177
1789408063.5706654,1789408063.5702002,9.649999999999999,-9.549999999999997,2.15,-8.881784197001252e-15,1.4210854715202004e-14,1.3322676295501878e-15,3.836718363423847,177
1789408063.5810287,1789408063.5802095,9.649999999999999,-9.549999999999997,2.15,-8.881784197001252e-15,1.4210854715202004e-14,1.3322676295501878e-15,3.836718363423847,177
1789408063.590789,1789408063.5901804,9.649999999999999,-9.549999999999997,2.15,-8.881784197001252e-15,1.4210854715202004e-14,1.3322676295501878e-15,3.836718363423847,177
1789408063.6007242,1789408063.6002016,9.649999999999999,-9.549999999999997,2.15,-8.881784197001252e-15,1.4210854715202004e-14,1.3322676295501878e-15,3.836718363423847,177
1789408063.610549,1789408063.6101677,9.649999999999999,-9.549999999999997,2.15,-8.881784197001252e-15,1.4210854715202004e-14,1.3322676295501878e-15,3.836718363423847,177
1789408063.620669,1789408063.6201973,9.649999999999999,-9.549999999999997,2.15,-8.881784197001252e-15,1.4210854715202004e-14,1.3322676295501878e-15,3.836718363423847,177
1789408063.6309366,1789408063.6302414,9.649999999999999,-9.549999999999997,2.15,-8.881784197001252e-15,1.4210854715202004e-14,1.3322676295501878e-15,3.836718363423847,177
1789408063.6407328,1789408063.6402133,9.649999999999999,-9.549999999999997,2.15,-8.881784197001252e-15,1.4210854715202004e-14,1.3322676295501878e-15,3.836718363423847,177
1789408063.650692,1789408063.650208,9.649999999999999,-9.549999999999997,2.15,-8.881784197001252e-15,1.4210854715202004e-14,1.3322676295501878e-15,3.836718363423847,177
1789408063.6607487,1789408063.6602182,9.649999999999999,-9.549999999999997,2.15,-8.881784197001252e-15,1.4210854715202004e-14,1.3322676295501878e-15,3.836718363423847,177
1789408063.6707864,1789408063.6702158,9.649999999999999,-9.549999999999997,2.15,-8.881784197001252e-15,1.4210854715202004e-14,1.3322676295501878e-15,3.836718363423847,177
1789408063.6807904,1789408063.6801775,9.649999999999999,-9.549999999999997,2.15,-8.881784197001252e-15,1.4210854715202004e-14,1.3322676295501878e-15,3.836718363423847,177
1789408063.6908133,1789408063.6902077,9.649999999999999,-9.549999999999997,2.15,-8.881784197001252e-15,1.4210854715202004e-14,1.3322676295501878e-15,3.836718363423847,177
1789408063.7008402,1789408063.7001972,9.649999999999999,-9.549999999999997,2.15,-8.881784197001252e-15,1.4210854715202004e-14,1.3322676295501878e-15,3.836718363423847,177
1789408063.7109058,1789408063.710339,9.649999999999999,-9.549999999999997,2.15,-8.881784197001252e-15,1.4210854715202004e-14,1.3322676295501878e-15,3.836718363423847,177
1789408063.72076,1789408063.7202103,9.649999999999999,-9.549999999999997,2.15,-8.881784197001252e-15,1.4210854715202004e-14,1.3322676295501878e-15,3.836718363423847,177
1789408063.7310135,1789408063.7302153,9.649999999999999,-9.549999999999997,2.15,-8.881784197001252e-15,1.4210854715202004e-14,1.3322676295501878e-15,3.836718363423847,177
1789408063.7406864,1789408063.7401779,9.649999999999999,-9.549999999999997,2.15,-8.881784197001252e-15,1.4210854715202004e-14,1.3322676295501878e-15,3.836718363423847,177
1789408063.7507172,1789408063.7502062,9.649999999999999,-9.549999999999997,2.15,-8.881784197001252e-15,1.4210854715202004e-14,1.3322676295501878e-15,3.836718363423847,177
1789408063.7606666,1789408063.7601876,9.649999999999999,-9.549999999999997,2.15,-8.881784197001252e-15,1.4210854715202004e-14,1.3322676295501878e-15,3.836718363423847,177
1789408063.7707868,1789408063.7702198,9.649999999999999,-9.549999999999997,2.15,-8.881784197001252e-15,1.4210854715202004e-14,1.3322676295501878e-15,3.836718363423847,177
1789408063.7809296,1789408063.7802348,9.649999999999999,-9.549999999999997,2.15,-8.881784197001252e-15,1.4210854715202004e-14,1.3322676295501878e-15,3.836718363423847,177
1789408063.7908099,1789408063.7902176,9.649999999999999,-9.549999999999997,2.15,-8.881784197001252e-15,1.4210854715202004e-14,1.3322676295501878e-15,3.836718363423847,177
1789408063.8009248,1789408063.8002064,9.649999999999999,-9.549999999999997,2.15,-8.881784197001252e-15,1.4210854715202004e-14,1.3322676295501878e-15,3.836718363423847,177
1789408063.810636,1789408063.8101947,9.649999999999999,-9.549999999999997,2.15,-8.881784197001252e-15,1.4210854715202004e-14,1.3322676295501878e-15,3.836718363423847,177
1789408063.820545,1789408063.8201802,9.649999999999999,-9.549999999999997,2.15,-8.881784197001252e-15,1.4210854715202004e-14,1.3322676295501878e-15,3.836718363423847,177
1789408063.83101,1789408063.8302133,9.649999999999999,-9.549999999999997,2.15,-8.881784197001252e-15,1.4210854715202004e-14,1.3322676295501878e-15,3.836718363423847,177
1789408063.8407323,1789408063.8402073,9.649999999999999,-9.549999999999997,2.15,-8.881784197001252e-15,1.4210854715202004e-14,1.3322676295501878e-15,3.836718363423847,177
1789408063.8507178,1789408063.8502054,9.649999999999999,-9.549999999999997,2.15,-8.881784197001252e-15,1.4210854715202004e-14,1.3322676295501878e-15,3.836718363423847,177
1789408063.8607352,1789408063.8602052,9.649999999999999,-9.549999999999997,2.15,-8.881784197001252e-15,1.4210854715202004e-14,1.3322676295501878e-15,3.836718363423847,177
1789408063.8707266,1789408063.8701813,9.649999999999999,-9.549999999999997,2.15,-8.881784197001252e-15,1.4210854715202004e-14,1.3322676295501878e-15,3.836718363423847,177
1789408063.8807998,1789408063.88021,9.649999999999999,-9.549999999999997,2.15,-8.881784197001252e-15,1.4210854715202004e-14,1.3322676295501878e-15,3.836718363423847,177
1789408063.8909242,1789408063.890211,9.649999999999999,-9.549999999999997,2.15,-8.881784197001252e-15,1.4210854715202004e-14,1.3322676295501878e-15,3.836718363423847,177
1789408063.9010592,1789408063.9002287,9.649999999999999,-9.549999999999997,2.15,-8.881784197001252e-15,1.4210854715202004e-14,1.3322676295501878e-15,3.836718363423847,177
1789408063.910997,1789408063.9102054,9.649999999999999,-9.549999999999997,2.15,-8.881784197001252e-15,1.4210854715202004e-14,1.3322676295501878e-15,3.836718363423847,177
1789408063.9210181,1789408063.9202347,9.649999999999999,-9.549999999999997,2.15,-8.881784197001252e-15,1.4210854715202004e-14,1.3322676295501878e-15,3.836718363423847,177
1789408063.931012,1789408063.9302256,9.649999999999999,-9.549999999999997,2.15,-8.881784197001252e-15,1.4210854715202004e-14,1.3322676295501878e-15,3.836718363423847,177
1789408063.9408395,1789408063.9402435,9.649999999999999,-9.549999999999997,2.15,-8.881784197001252e-15,1.4210854715202004e-14,1.3322676295501878e-15,3.836718363423847,177
1789408063.9509628,1789408063.950198,9.649999999999999,-9.549999999999997,2.15,-8.881784197001252e-15,1.4210854715202004e-14,1.3322676295501878e-15,3.836718363423847,177
1789408063.9607525,1789408063.9602168,9.649999999999999,-9.549999999999997,2.15,-8.881784197001252e-15,1.4210854715202004e-14,1.3322676295501878e-15,3.836718363423847,177
1789408063.9708664,1789408063.9702082,9.649999999999999,-9.549999999999997,2.15,-8.881784197001252e-15,1.4210854715202004e-14,1.3322676295501878e-15,3.836718363423847,177
1789408063.9809642,1789408063.9802127,9.649999999999999,-9.549999999999997,2.15,-8.881784197001252e-15,1.4210854715202004e-14,1.3322676295501878e-15,3.836718363423847,177
1789408063.9910345,1789408063.9902077,9.649999999999999,-9.549999999999997,2.15,-8.881784197001252e-15,1.4210854715202004e-14,1.3322676295501878e-15,3.836718363423847,177
1789408064.0011792,1789408064.0002077,9.649999999999999,-9.549999999999997,2.15,-8.881784197001252e-15,1.4210854715202004e-14,1.3322676295501878e-15,3.836718363423847,177
1789408064.011043,1789408064.010221,9.649999999999999,-9.549999999999997,2.15,-8.881784197001252e-15,1.4210854715202004e-14,1.3322676295501878e-15,3.836718363423847,177
1789408064.0209591,1789408064.0201857,9.649999999999999,-9.549999999999997,2.15,-8.881784197001252e-15,1.4210854715202004e-14,1.3322676295501878e-15,3.836718363423847,177
1789408064.0310495,1789408064.0301826,9.649999999999999,-9.549999999999997,2.15,-8.881784197001252e-15,1.4210854715202004e-14,1.3322676295501878e-15,3.836718363423847,177
1789408064.0410795,1789408064.0402136,9.649999999999999,-9.549999999999997,2.15,-8.881784197001252e-15,1.4210854715202004e-14,1.3322676295501878e-15,3.836718363423847,177
1789408064.051,1789408064.0501916,9.649999999999999,-9.549999999999997,2.15,-8.881784197001252e-15,1.4210854715202004e-14,1.3322676295501878e-15,3.836718363423847,177
1789408064.0608997,1789408064.0602064,9.649999999999999,-9.549999999999997,2.15,-8.881784197001252e-15,1.4210854715202004e-14,1.3322676295501878e-15,3.836718363423847,177
1789408064.070901,1789408064.0702074,9.649999999999999,-9.549999999999997,2.15,-8.881784197001252e-15,1.4210854715202004e-14,1.3322676295501878e-15,3.836718363423847,177
1789408064.0809226,1789408064.0802147,9.649999999999999,-9.549999999999997,2.15,-8.881784197001252e-15,1.4210854715202004e-14,1.3322676295501878e-15,3.836718363423847,177
1789408064.0907826,1789408064.0902123,9.649999999999999,-9.549999999999997,2.15,-8.881784197001252e-15,1.4210854715202004e-14,1.3322676295501878e-15,3.836718363423847,177
1789408064.1008644,1789408064.1002011,9.649999999999999,-9.549999999999997,2.15,-8.881784197001252e-15,1.4210854715202004e-14,1.3322676295501878e-15,3.836718363423847,177
1789408064.1107337,1789408064.1101968,9.649999999999999,-9.549999999999997,2.15,-8.881784197001252e-15,1.4210854715202004e-14,1.3322676295501878e-15,3.836718363423847,177
1789408064.120695,1789408064.1201975,9.649999999999999,-9.549999999999997,2.15,-8.881784197001252e-15,1.4210854715202004e-14,1.3322676295501878e-15,3.836718363423847,177
1789408064.1310205,1789408064.1302958,9.649999999999999,-9.549999999999997,2.15,-8.881784197001252e-15,1.4210854715202004e-14,1.3322676295501878e-15,3.836718363423847,177
1789408064.1407013,1789408064.1401975,9.649999999999999,-9.549999999999997,2.15,-8.881784197001252e-15,1.4210854715202004e-14,1.3322676295501878e-15,3.836718363423847,177
1789408064.1506767,1789408064.1502001,9.649999999999999,-9.549999999999997,2.15,-8.881784197001252e-15,1.4210854715202004e-14,1.3322676295501878e-15,3.836718363423847,177
1789408064.160772,1789408064.1601646,9.649999999999999,-9.549999999999997,2.15,-8.881784197001252e-15,1.4210854715202004e-14,1.3322676295501878e-15,3.836718363423847,177
1789408064.1708937,1789408064.1702077,9.649999999999999,-9.549999999999997,2.15,-8.881784197001252e-15,1.4210854715202004e-14,1.3322676295501878e-15,3.836718363423847,177
1789408064.1808178,1789408064.1802008,9.649999999999999,-9.549999999999997,2.15,-8.881784197001252e-15,1.4210854715202004e-14,1.3322676295501878e-15,3.836718363423847,177
1789408064.1909184,1789408064.1901762,9.649999999999999,-9.549999999999997,2.15,-8.881784197001252e-15,1.4210854715202004e-14,1.3322676295501878e-15,3.836718363423847,177
1789408064.201013,1789408064.2002053,9.649999999999999,-9.549999999999997,2.15,-8.881784197001252e-15,1.4210854715202004e-14,1.3322676295501878e-15,3.836718363423847,177
1789408064.2109077,1789408064.2102325,9.649999999999999,-9.549999999999997,2.15,-8.881784197001252e-15,1.4210854715202004e-14,1.3322676295501878e-15,3.836718363423847,177
1789408064.220911,1789408064.2202055,9.649999999999999,-9.549999999999997,2.15,-8.881784197001252e-15,1.4210854715202004e-14,1.3322676295501878e-15,3.836718363423847,177
1789408064.2308595,1789408064.2302206,9.649999999999999,-9.549999999999997,2.15,-8.881784197001252e-15,1.4210854715202004e-14,1.3322676295501878e-15,3.836718363423847,177
1789408064.2408235,1789408064.240215,9.649999999999999,-9.549999999999997,2.15,-8.881784197001252e-15,1.4210854715202004e-14,1.3322676295501878e-15,3.836718363423847,177
1789408064.2510815,1789408064.2501988,9.649999999999999,-9.549999999999997,2.15,-8.881784197001252e-15,1.4210854715202004e-14,1.3322676295501878e-15,3.836718363423847,177
1789408064.260792,1789408064.260224,9.649999999999999,-9.549999999999997,2.15,-8.881784197001252e-15,1.4210854715202004e-14,1.3322676295501878e-15,3.836718363423847,177
1789408064.270829,1789408064.270176,9.649999999999999,-9.549999999999997,2.15,-8.881784197001252e-15,1.4210854715202004e-14,1.3322676295501878e-15,3.836718363423847,177
1789408064.2810442,1789408064.28024,9.537865798749788,-9.423767061848023,2.0898855137179377,-1.2797616464415182,1.4681059023749328,-1.1181383228136097,3.9021843821679,177
1789408064.2908807,1789408064.2902164,9.524443235099943,-9.408390791393375,2.0783090682371217,-1.4016572883832503,1.603456979952885,-1.1934774663080414,3.9103044089236025,177
1789408064.3010817,1789408064.3002338,9.524443235099943,-9.408390791393375,2.0783090682371217,-1.4016572883832503,1.603456979952885,-1.1934774663080414,3.9103044089236025,177
1789408064.310944,1789408064.3101864,9.494167363110849,-9.373857417379284,2.0532315276944466,-1.651677837766758,1.8786229529651044,-1.3313581523512747,3.8936283084524,68
1789408064.321232,1789408064.3202314,9.476510044104355,-9.35380534195181,2.0392146493265244,-1.7845842293729062,2.0234980635150075,-1.3952285134429223,3.878635747018489,68
1789408064.3311863,1789408064.3302062,9.458379740565999,-9.333279290604985,2.0252556299193603,-1.9129097609715082,2.1624129670224743,-1.4504254651838104,3.8634179184569906,68
1789408064.3407416,1789408064.3402088,9.4385949192812,-9.310949725961205,2.0104986521965054,-2.0447549073289726,2.304104946982926,-1.5002596099960366,3.8470130769030053,68
1789408064.350866,1789408064.3502018,9.417659471723892,-9.287397346668573,1.9953994800260835,-2.1760989866197185,2.4441667536213183,-1.5426779163546631,3.8298815708827654,68
1789408064.360671,1789408064.3602037,9.39492110408018,-9.261901547099031,1.979575287265489,-2.310362943891006,2.586154875200022,-1.5782260594367576,3.8115380197688777,68
1789408064.370886,1789408064.3701942,9.371110756301933,-9.235295106062175,1.9636215702775635,-2.442650058499001,2.7248086897658896,-1.6051172369633022,3.792622314929638,68
1789408064.3808842,1789408064.3801954,9.346018341488524,-9.207353857857475,1.9474661165365712,-2.5738607459264107,2.8610360725812054,-1.623354548948401,3.7730113115117967,68
1789408064.3907707,1789408064.3901777,9.319854799474257,-9.178323606767373,1.931314895264499,-2.702635753942931,2.993390763665314,-1.6325795520263666,3.7529161132841646,68
1789408064.4010682,1789408064.4002068,9.319854799474257,-9.178323606767373,1.931314895264499,-2.702635753942931,2.993390763665314,-1.6325795520263666,3.7529161132841646,68
1789408064.4108527,1789408064.4102259,9.26324290950538,-9.115858499645366,1.8986913362579287,-2.9568069926254377,3.2503226736617075,-1.6232653686846792,3.7106695692596987,68
1789408064.4208794,1789408064.4201767,9.23282511939729,-9.082487147298485,1.882426049945178,-3.0812423572205474,3.373796234412725,-1.6040614337924188,3.6886701731364213,68
1789408064.430787,1789408064.4302096,9.20138324584019,-9.04812904132773,1.8665097131823272,-3.201992162051294,3.491986088546103,-1.5752363501580793,3.666446823869712,68
1789408064.4405687,1789408064.4401994,9.168829294851072,-9.01269951352745,1.850967853641947,-3.319294090094287,3.605121871226941,-1.5368021547887811,3.643993571124296,68
1789408064.450711,1789408064.4501984,9.134962449084206,-8.975993804934781,1.8357887939705617,-3.433674658781912,3.7136875914749052,-1.4885334184803187,3.621238583081142,68
1789408064.460694,1789408064.4602015,9.100373363256272,-8.938663617797244,1.8213058771064756,-3.543075383260506,3.815738268406599,-1.431453957539245,3.5986377946792376,68
1789408064.4706676,1789408064.470197,9.064379355849113,-8.89998470218293,1.8073072235642482,-3.649568538625048,3.9132123303425246,-1.3646247865865537,3.575809688527673,68
1789408064.4807193,1789408064.4801936,9.027249884058175,-8.86026242887731,1.793991443188395,-3.752149026286472,4.005164814401718,-1.288644462820372,3.553004719822311,68
1789408064.4907563,1789408064.4901972,8.989082732324764,-8.819615016813556,1.7814720198337084,-3.850458039895701,4.09128395747908,-1.2039665250481972,3.5303548999443897,68
1789408064.501009,1789408064.5001976,8.989082732324764,-8.819615016813556,1.7814720198337084,-3.850458039895701,4.09128395747908,-1.2039665250481972,3.5303548999443897,68
1789408064.5107694,1789408064.510221,8.910166954717123,-8.736157505551542,1.7592547821532096,-4.032905893819642,4.244997955606329,-1.0112108366668462,3.486096781184855,68
1789408064.5207462,1789408064.5202196,8.869298054802844,-8.693243339760746,1.749647833425337,-4.117360072737997,4.312960769477145,-0.9037023289908923,3.4645534488094403,68
1789408064.5309863,1789408064.5302193,8.828450330607842,-8.65055811155468,1.741311141680836,-4.195534543631862,4.373716337978046,-0.7920625077071275,3.4439692462776246,68
1789408064.5407305,1789408064.5402274,8.785246060577265,-8.605633233253982,1.7338457946749468,-4.271884694429847,4.430749289534571,-0.6702397769304618,3.4232360181206793,68
1789408064.5508966,1789408064.5502086,8.743041423030709,-8.561967132881701,1.7278713812817985,-4.340591407810595,4.479816350681404,-0.5482848803462765,3.4040200909145457,68
1789408064.5607886,1789408064.5602052,8.699109952350966,-8.51674259386276,1.72301025420965,-4.406344026514398,4.524436959012394,-0.4190159409051226,3.3851138289006926,68
1789408064.570778,1789408064.5702045,8.654601187613645,-8.47115893936245,1.7194697397589846,-4.467353867857085,4.56343887793403,-0.2863989966402496,3.3671054105575178,68
1789408064.5808756,1789408064.580179,8.6097870962981,-8.425499362084343,1.7172831375459314,-4.523455003280241,4.596889499453612,-0.1519513270286108,3.350144826349983,68
1789408064.5907688,1789408064.5901895,8.563948247319338,-8.37903886311781,1.7164448464157671,-4.575674624281522,4.625547618335406,-0.014230106553024884,3.3340174563102556,68
1789408064.6009705,1789408064.6001968,8.563948247319338,-8.37903886311781,1.7164448464157671,-4.575674624281522,4.625547618335406,-0.014230106553024884,3.3340174563102556,68
1789408064.6107674,1789408064.610177,8.471499857283076,-8.286072931689196,1.7189136860278071,-4.666499953175694,4.668107658006925,0.2611754022883579,3.3052638177187754,68
1789408064.6208186,1789408064.6201797,8.42488865100463,-8.239567335382409,1.7221898625033603,-4.705603584998001,4.6827234834823,0.3974115310322797,3.2926841813933136,68
1789408064.6309292,1789408064.6302183,8.37766120195046,-8.192692388935264,1.7268414111088906,-4.741069719941722,4.693421021851597,0.532734810882709,3.281250600472902,68
1789408064.640837,1789408064.640176,8.329905362554536,-8.145539838462923,1.7328611236633071,-4.7729832177394735,4.7004422872051155,0.6661211291707759,3.2710315732153483,68
1789408064.6508324,1789408064.6502097,8.282572694481098,-8.099045228370466,1.7400836680225944,-4.800980661711506,4.704025568103372,0.794264981324529,3.2622329393534013,68
1789408064.6608377,1789408064.6602051,8.233957546270286,-8.051534211912294,1.7487488837566203,-4.8262543847372035,4.704596538783504,0.9210432392321863,3.2545702619939583,68
1789408064.6707542,1789408064.6702044,8.185591059436797,-8.004504919108694,1.7585653264126109,-4.848168457236287,4.702412326437206,1.041709477754308,3.2483233657573654,68
1789408064.6809042,1789408064.6802175,8.136843692817772,-7.957339536508815,1.7696030301083028,-4.867257911627794,4.697797328620652,1.1572395500109527,3.243409419152392,68
1789408064.6908734,1789408064.6902053,8.088231712098185,-7.910532141574449,1.7816879524159654,-4.883548262240156,4.691129510389195,1.2658304978411716,3.2398821482213234,68
1789408064.7011158,1789408064.7002044,8.088231712098185,-7.910532141574449,1.7816879524159654,-4.883548262240156,4.691129510389195,1.2658304978411716,3.2398821482213234,68
1789408064.7107103,1789408064.7102196,7.990933703543925,-7.817495229156318,1.808830062522944,-4.908860747564212,4.672899805950792,1.4613872839478406,3.236897996200374,68
1789408064.7207143,1789408064.720203,7.9413232262194295,-7.770372789321867,1.82403371183872,-4.918481207393134,4.661734381339552,1.5490188979682842,3.237442899917914,68
1789408064.7308347,1789408064.7301977,7.892179813067643,-7.723891018643016,1.8398961046177769,-4.926110448365714,4.649827556253781,1.627260407340025,3.2393389824789067,68
1789408064.7407749,1789408064.7402132,7.843049923544019,-7.677607532071436,1.8564682492955675,-4.932048785120711,4.637361488347139,1.6966260312715815,3.2425673863280027,68
1789408064.7508974,1789408064.7502134,7.793154027068817,-7.630780814886843,1.8739410995454333,-4.936547443483972,4.624395530029002,1.7577203645176998,3.2471919218679015,68
1789408064.7607512,1789408064.760228,7.744406771029237,-7.585193999181648,1.8915485806012664,-4.939630672802647,4.611676508802083,1.8080732660349839,3.2530009446527406,68
1789408064.770849,1789408064.7702074,7.694582680258935,-7.538752926314495,1.9100006928650197,-4.941614756646736,4.598858703278156,1.8498185777451468,3.260236473020072,68
1789408064.7810616,1789408064.7802203,7.645525122902272,-7.49316427898551,1.9285263158028314,-4.942573455803796,4.586631033807932,1.8811925682203308,3.2686220619346704,68
1789408064.790964,1789408064.790203,7.596118239973496,-7.447375770928866,1.9474476190474699,-4.94268860613192,4.5749065519573024,1.9029586042721274,3.278310578033239,68
1789408064.801094,1789408064.8002143,7.596118239973496,-7.447375770928866,1.9474476190474699,-4.94268860613192,4.5749065519573024,1.9029586042721274,3.278310578033239,68
1789408064.8107648,1789408064.8102014,7.497278615113452,-7.356093797974808,1.985711592126426,-4.940886031648394,4.553919093151791,1.9168751212867352,3.301346811426885,68
1789408064.8209543,1789408064.820213,7.446973471991028,-7.309768205629811,2.0051993629887725,-4.939166449464228,4.5448043962008065,1.9089271518772082,3.314894594353859,68
1789408064.831154,1789408064.8302114,7.397860348130077,-7.264606645067053,2.02410631538905,-4.937098075504725,4.537087570711541,1.891571540057628,3.3292764496391936,68
1789408064.8408246,1789408064.840205,7.349183503357816,-7.219895844857553,2.0426378801764673,-4.934747654133112,4.53068311568554,1.865218905026455,3.34463352554426,68
1789408064.8508008,1789408064.8502057,7.299757285043308,-7.174531827386172,2.0611527892914423,-4.932120935617785,4.525517806478382,1.8293987858667773,3.3613271803879075,68
1789408064.860686,1789408064.860177,7.250333685319795,-7.129189943755678,2.079273440136289,-4.929304068016,4.521749455300367,1.7847647590679676,3.3791049481450415,68
1789408064.8706932,1789408064.8701968,7.2008968235988196,-7.083839917230122,2.096919040939467,-4.926332623762774,4.519403340420297,1.7316654421241533,3.3979495273462237,68
1789408064.880859,1789408064.8802042,7.152177110504128,-7.039136478508447,2.1137583598509724,-4.923274059786597,4.51848657566813,1.671466305794242,3.4175375030572,68
1789408064.8908057,1789408064.8902001,7.102061853752268,-6.993125210541526,2.1304302068942587,-4.919997873409865,4.518967847108653,1.6018518510482396,3.4387167855898855,68
1789408064.9010434,1789408064.9001942,7.053117706808625,-6.948147388247003,2.146002996199599,-4.916659730390766,4.520788638660774,1.5268223912529921,3.460387743119673,68
1789408064.9109633,1789408064.9103184,7.053117706808625,-6.948147388247003,2.146002996199599,-4.916659730390766,4.520788638660774,1.5268223912529921,3.460387743119673,68
1789408064.9210753,1789408064.9201877,6.954774868935664,-6.857591133320365,2.1749055332559757,-4.909413309178932,4.528196128856146,1.3571260266588312,3.5067941403633873,68
1789408064.930917,1789408064.930222,6.905719185056591,-6.812300496730141,2.1880109521815956,-4.9054271960447595,4.533565189230233,1.2641256347295644,3.5313317820337695,68
1789408064.9408016,1789408064.9402273,6.8569643793499475,-6.767191655313842,2.2001009360602457,-4.901127011039704,4.539839955444944,1.1669455217474476,3.556609583423714,68
1789408064.9508297,1789408064.950208,6.808181972112173,-6.721949197808306,2.211219702393962,-4.896397543241998,4.546905985414708,1.0655524175689837,3.582772249099525,68
1789408064.9607384,1789408064.9602177,6.7589547462569,-6.676172756914366,2.2214081081151975,-4.891086216886719,4.554664140080646,0.9596169150084686,3.6100385274466116,68
1789408064.970651,1789408064.9701993,6.70984819940508,-6.630375779192415,2.2305046195394014,-4.885127159281403,4.562840527619249,0.8509243505290842,3.6380866921681387,68
1789408064.9807444,1789408064.9801974,6.661549745525796,-6.585192897442724,2.2383842719999634,-4.8784897671964265,4.571104798698483,0.741668037089498,3.6664842828104898,68
1789408064.9907436,1789408064.9902043,6.612185552307305,-6.538860305093643,2.2453214027273445,-4.8707594124275255,4.5795525906923755,0.6281886019449051,3.696323924306179,68
1789408065.0011225,1789408065.0003033,6.563354874065442,-6.492867654628453,2.251056022379949,-4.86200698276226,4.587667911566961,0.5147205854619405,3.7266372080901227,68
1789408065.0109627,1789408065.01029,6.563354874065442,-6.492867654628453,2.251056022379949,-4.86200698276226,4.587667911566961,0.5147205854619405,3.7266372080901227,68
1789408065.0209033,1789408065.0202045,6.466508317543888,-6.401145346902294,2.2590699089414117,-4.8406819920294675,4.602023517154857,0.2883566738498134,3.789045146198371,68
1789408065.0309582,1789408065.0301929,6.4185357751962115,-6.355449140144858,2.261376254797596,-4.827783285512029,4.607736066278069,0.1766500463377392,3.8210592239976524,68
1789408065.040674,1789408065.0401664,6.3699402384037915,-6.308974602612774,2.2625903264142475,-4.812858740146307,4.612187474404881,0.06447792392421478,3.7807657680407023,297
1789408065.0508168,1789408065.0502186,6.321800271744074,-6.262747196609594,2.2626853295005587,-4.796004433794159,4.614963446946549,-0.0451641500947077,3.7151510621914157,297
1789408065.0607371,1789408065.060204,6.273895943564419,-6.216555401428338,2.2616949183397077,-4.776951181279627,4.61579224473656,-0.152330237623442,3.6497373060580744,297
1789408065.070785,1789408065.0701945,6.226284974308588,-6.1704543243072445,2.259650671329581,-4.755513264682929,4.614376355298666,-0.2564694913950486,3.5846029564700275,297
1789408065.0807967,1789408065.080192,6.178850342432421,-6.124330397862301,2.2565783515906377,-4.7314174057819525,4.610406220777245,-0.35744104655986764,3.5195878836009222,297
1789408065.0908937,1789408065.090192,6.131815418612203,-6.078401814217384,2.2525285394879275,-4.7045595419269395,4.603599224224777,-0.45441208189831184,3.4549991272924543,297
1789408065.100901,1789408065.100198,6.131815418612203,-6.078401814217384,2.2525285394879275,-4.7045595419269395,4.603599224224777,-0.45441208189831184,3.4549991272924543,297
1789408065.1106348,1789408065.1102023,6.03868045597971,-5.986882042275426,2.241638939001246,-4.64155111829146,4.580256787222634,-0.6356600710992006,3.326745270592598,297
1789408065.1206474,1789408065.1201942,5.992621267310538,-5.9413363387218485,2.2348859069338607,-4.604979200424972,4.563127543785104,-0.7193009071949886,3.2631409024150417,297
1789408065.1307623,1789408065.13018,5.946464465019729,-5.8955035293162705,2.2272406597979386,-4.564318827318197,4.541731393492887,-0.7986907949525769,3.1992842053078117,297
1789408065.140831,1789408065.1402123,5.900706364269411,-5.849877826030001,2.218817480502426,-4.519712860239459,4.515928128454968,-0.8727001802711739,3.1358635527249192,297
1789408065.1508777,1789408065.1502137,5.85630404551648,-5.805424072162198,2.2098634382441475,-4.4720029003281665,4.486108075334111,-0.939754095727908,3.074212863653417,297
1789408065.1607902,1789408065.1602256,5.811875614099018,-5.760766824367539,2.200157629730664,-4.419551050109517,4.451131573649853,-1.001870166809886,3.0124193886810473,297
1789408065.1708112,1789408065.1702046,5.768197849148634,-5.716691354296929,2.1899102826539605,-4.363026157915918,4.411298862906475,-1.0578141809479762,2.9515673647316727,297
1789408065.18089,1789408065.1802235,5.724704247615746,-5.672631831173422,2.1790331934310845,-4.301469807627941,4.365809447103132,-1.1082110921061123,2.890872257514745,297
1789408065.1908684,1789408065.190229,5.681731616776178,-5.628933956270777,2.167648477160541,-4.235082474399251,4.314678147824798,-1.1525392463859419,2.830808073283696,297
1789408065.201063,1789408065.2001948,5.6394342959120936,-5.585762011412106,2.1558442244769425,-4.16391091098205,4.257847637388061,-1.1906097062964285,2.771596202155233,297
1789408065.2108426,1789408065.2102213,5.6394342959120936,-5.585762011412106,2.1558442244769425,-4.16391091098205,4.257847637388061,-1.1906097062964285,2.771596202155233,297
1789408065.2208495,1789408065.2202032,5.5580470101711175,-5.502244846535909,2.1315351000425964,-4.008990458092046,4.128348551830097,-1.2473674012452187,2.657413521814055,297
1789408065.2309186,1789408065.230193,5.5183481430771435,-5.461294463890353,2.118950164832431,-3.9239381308272314,4.0545126751585,-1.2666843527107354,2.601602354974313,297
1789408065.240789,1789408065.2401886,5.479924824356054,-5.421527525653157,2.106336004390501,-3.8350702457582684,3.9756649026592394,-1.2798274336682232,2.54751454870084,297
1789408065.2509103,1789408065.250209,5.441652707207896,-5.381787929918764,2.0933619580696696,-3.7396374626841027,3.8893189458901025,-1.2872273815265254,2.4935728946928943,297
1789408065.2608788,1789408065.2601867,5.404797489350804,-5.343397875342925,2.0804949938271413,-3.640686463588486,3.7981982080423866,-1.2887185222461666,2.4415668952029597,297
1789408065.2707567,1789408065.2701948,5.368729429108407,-5.305712185476365,2.0675601846104597,-3.536593754885822,3.7008152714657596,-1.2845476247545802,2.3906148194306716,297
1789408065.2809517,1789408065.2802439,5.334241301458545,-5.269570260234901,2.054885344134613,-3.4297813071530574,3.5994578248268674,-1.2750698292985265,2.3418433887241386,297
1789408065.2909636,1789408065.2902188,5.3006567399234426,-5.234274446518732,2.042263714146948,-3.318334986471467,3.4923398530758316,-1.2603903798508382,2.2943027355539303,297
1789408065.3010592,1789408065.3001819,5.267516741734426,-5.199347998430156,2.0295478782605247,-3.2005301799465338,3.3777679955738487,-1.2403166353939654,2.247346982869123,297
1789408065.3108084,1789408065.3102126,5.267516741734426,-5.199347998430156,2.0295478782605247,-3.2005301799465338,3.3777679955738487,-1.2403166353939654,2.247346982869123,297
1789408065.3209252,1789408065.3202212,5.206145068484731,-5.134409315644235,2.0053412043279706,-2.959221192198094,3.139380376777929,-1.187205591699837,2.1602768028594252,297
1789408065.3308463,1789408065.3301756,5.177398786554326,-5.103875414724134,1.9937200288747543,-2.834483285945832,3.0144635553457277,-1.1545367049873574,2.1194440592623374,297
1789408065.3407457,1789408065.3402147,5.149437285793273,-5.074102495424863,1.9822492571310066,-2.7049829776334158,2.8837139488996044,-1.1174982696444684,2.0796963836531956,297
1789408065.3506882,1789408065.350195,5.1232751419541165,-5.046179734702702,1.9713713814345757,-2.5757329700364453,2.7522347837244308,-1.0777562974779822,2.0424802110331224,297
1789408065.360786,1789408065.3602962,5.097798323452355,-5.018926261639035,1.9606466895466335,-2.44150162652395,2.6147398230743444,-1.033907086314215,2.006214512743647,297
1789408065.3706224,1789408065.370195,5.073993594666515,-4.993404933245733,1.9505109524690514,-2.307728973636763,2.4768320605234297,-0.987906689113835,1.9723070929650823,297
1789408065.3806481,1789408065.3802025,5.051758015864966,-4.969515396902154,1.9409450555916237,-2.174573380564001,2.33875312404257,-0.9401003418488357,1.9406153726438757,297
1789408065.390808,1789408065.3902235,5.03054263754148,-4.946675231197016,1.9317311416061997,-2.039172253969307,2.1975795138572574,-0.8896535177615899,1.9103598259796526,297
1789408065.4008586,1789408065.4002056,5.0106566021936905,-4.925223511074836,1.923018717987431,-1.90381966802614,2.0557366827460033,-0.8375766372525008,1.8819836583912213,297
1789408065.4106934,1789408065.4101617,5.0106566021936905,-4.925223511074836,1.923018717987431,-1.90381966802614,2.0557366827460033,-0.8375766372525008,1.8819836583912213,297
1789408065.4209926,1789408065.4202125,4.9754029665794235,-4.887087822751256,1.9073961137157487,-1.6397741622978141,1.7771253479346913,-0.7318831803036835,1.8316372621444874,297
1789408065.4309428,1789408065.4302807,4.9598384724014295,-4.8702051570081375,1.9004274819814715,-1.5112734298198298,1.640690826898478,-0.678740404677465,1.809390916449016,297
1789408065.4409497,1789408065.440207,4.9451964625081555,-4.854295830003163,1.8938323652670468,-1.3821547992817318,1.5030786221745966,-0.6243598254976256,1.7884516662981198,297
1789408065.4510314,1789408065.450234,4.932037249632468,-4.83997382439025,1.8878725372638079,-1.2580490415097294,1.3703364705573955,-0.5712475566037044,1.7696225897716695,297
1789408065.4607534,1789408065.4602075,4.920175780634091,-4.8270437112406155,1.8824739923169378,-1.1383599491435619,1.2418950080832645,-0.5193120497242196,1.7526411108047093,297
1789408065.4708385,1789408065.4702244,4.909381966434111,-4.815259363179835,1.8775394712930293,-1.021657537114673,1.1162699426346225,-0.46805531344249757,1.7371795612655634,297
1789408065.4808886,1789408065.4802177,4.899671638237995,-4.804642078053924,1.8730823052562726,-0.9089142330062399,0.9945503476549179,-0.41800608789981064,1.7232621439393279,297
1789408065.491006,1789408065.490229,4.891146384669177,-4.795307113945672,1.8691549024557776,-0.8024205337049133,0.8792612392655209,-0.3702894202753913,1.7110361941384264,297
1789408065.5010405,1789408065.500206,4.883555402768857,-4.786984259641223,1.8656554296675831,-0.696911599587899,0.7642739128655115,-0.31831280989550476,1.7001442794863657,297
1789408065.5108209,1789408065.5102148,4.883555402768857,-4.786984259641223,1.8656554296675831,-0.696911599587899,0.7642739128655115,-0.31831280989550476,1.7001442794863657,297
1789408065.5207527,1789408065.5202096,4.871927806467681,-4.774431509042607,1.8608758865282085,-0.47709305413832803,0.49204061654018666,-0.16094934129076485,1.6836414714065662,297
1789408065.530842,1789408065.5302062,4.867612384855221,-4.770189567824692,1.8595522225492636,-0.38230110556048735,0.3527565960229119,-0.1079187872430753,1.6778891312134319,297
1789408065.5407553,1789408065.5402176,4.8642643588365235,-4.767309941572827,1.8586181723697126,-0.2907650554039859,0.23015144494796388,-0.08296246643186747,1.6737928151287316,297
1789408065.5508313,1789408065.550207,4.861868734921444,-4.765547228224606,1.8578897811698583,-0.18321268281513492,0.12395180209902296,-0.06053044002424514,1.6711270809019416,297
1789408065.5608163,1789408065.560213,4.860588971309742,-4.764729960391345,1.8574360624954247,-0.07464955164383025,0.044351702752359584,-0.028882506793060002,1.6698138873312274,297
1789408065.5708752,1789408065.5702271,4.854777552624888,-4.7552970458802575,1.8522430223234148,-0.18098206845252296,0.20024877430086652,-0.08485817990563455,1.6587665444798316,297
1789408065.581033,1789408065.580335,4.8531988999481825,-4.753549466631887,1.8515025141226868,-0.13595739825838615,0.15058717262348797,-0.06380198102511997,1.6564899876655248,297
1789408065.5909185,1789408065.5902145,4.852031260866175,-4.75225556358436,1.8509543847269634,-0.09813635912849117,0.10880584560586248,-0.04608390361311132,1.6548050824774367,297
1789408065.6010451,1789408065.6002028,4.851211316986517,-4.751346059383729,1.850569255327928,-0.06755854330745903,0.07497609846464481,-0.03173993470768166,1.653621160351922,297
1789408065.6108394,1789408065.6102176,4.850655630145848,-4.750729087709156,1.8503081450455856,-0.043249603608964016,0.04804387082328798,-0.020325519058662866,1.652818302477548,297
1789408065.6208615,1789408065.6201804,4.850318127137023,-4.750354016260023,1.8501495203228182,-0.025497822354196842,0.028349936628895733,-0.011984620873203511,1.6523303791459687,297
1789408065.6310704,1789408065.6302395,4.8501310685441394,-4.750145952773348,1.8500615972606116,-0.013292322389717448,0.014791989493323499,-0.006247690582104948,1.6520597918062492,297
1789408065.6412022,1789408065.6402442,4.850039023657494,-4.750043484767931,1.8500183363610638,-0.005433073674568245,0.006051319043121062,-0.0025532835270007936,1.6519265685534499,297
1789408065.6512086,1789408065.6502287,4.850007100510035,-4.750007917306973,1.850003335515622,-0.001533960670627721,0.0017099104186231173,-0.0007206891999402831,1.6518803378912488,297
1789408065.661278,1789408065.660226,4.850000302829476,-4.750000337879539,1.850000142207842,-0.00014589705336298664,0.0001627623300812786,-6.851821373454747e-05,1.6518704884965223,297
1789408065.6716444,1789408065.6702507,4.8500000000000005,-4.75,1.8500000000000023,4.440892098500626e-15,-5.329070518200751e-15,5.329070518200751e-15,1.651870049517228,297
1789408065.681313,1789408065.680208,4.8500000000000005,-4.75,1.8500000000000023,4.440892098500626e-15,-5.329070518200751e-15,5.329070518200751e-15,1.651870049517228,297
1789408065.6909168,1789408065.6902306,4.8500000000000005,-4.75,1.8500000000000023,4.440892098500626e-15,-5.329070518200751e-15,5.329070518200751e-15,1.651870049517228,297
1789408065.701027,1789408065.7002,4.8500000000000005,-4.75,1.8500000000000023,4.440892098500626e-15,-5.329070518200751e-15,5.329070518200751e-15,1.651870049517228,297
1789408065.710837,1789408065.7102094,4.8500000000000005,-4.75,1.8500000000000023,4.440892098500626e-15,-5.329070518200751e-15,5.329070518200751e-15,1.651870049517228,297
1789408065.7208664,1789408065.7202208,4.8500000000000005,-4.75,1.8500000000000023,4.440892098500626e-15,-5.329070518200751e-15,5.329070518200751e-15,1.651870049517228,297
1789408065.7308607,1789408065.7301993,4.8500000000000005,-4.75,1.8500000000000023,4.440892098500626e-15,-5.329070518200751e-15,5.329070518200751e-15,1.651870049517228,297
1789408065.7407997,1789408065.7402086,4.8500000000000005,-4.75,1.8500000000000023,4.440892098500626e-15,-5.329070518200751e-15,5.329070518200751e-15,1.651870049517228,297
1789408065.750807,1789408065.7501986,4.8500000000000005,-4.75,1.8500000000000023,4.440892098500626e-15,-5.329070518200751e-15,5.329070518200751e-15,1.651870049517228,297
1789408065.7607427,1789408065.7602026,4.8500000000000005,-4.75,1.8500000000000023,4.440892098500626e-15,-5.329070518200751e-15,5.329070518200751e-15,1.651870049517228,297
1789408065.7708714,1789408065.7701936,4.8500000000000005,-4.75,1.8500000000000023,4.440892098500626e-15,-5.329070518200751e-15,5.329070518200751e-15,1.651870049517228,297
1789408065.7808218,1789408065.7802017,4.8500000000000005,-4.75,1.8500000000000023,4.440892098500626e-15,-5.329070518200751e-15,5.329070518200751e-15,1.651870049517228,297
1789408065.7908504,1789408065.7902093,4.8500000000000005,-4.75,1.8500000000000023,4.440892098500626e-15,-5.329070518200751e-15,5.329070518200751e-15,1.651870049517228,297
1789408065.801018,1789408065.800237,4.8500000000000005,-4.75,1.8500000000000023,4.440892098500626e-15,-5.329070518200751e-15,5.329070518200751e-15,1.651870049517228,297
1789408065.810823,1789408065.8102028,4.854767411543774,-4.7211385956827385,1.872193283681697,-0.5621172910946961,0.11627965476024081,-0.08194195436035073,1.6284554593345912,297
1789408065.8208423,1789408065.820206,4.848485883069486,-4.719818485393358,1.8712686683445934,-0.6766661084284141,0.14432909729021134,-0.10051524634131599,1.6243741558446783,297
1789408065.8310182,1789408065.8302314,4.841201636916712,-4.718240643954929,1.8701763073623434,-0.7979694285108866,0.17538216703381304,-0.12074506460015895,1.6196137898499676,297
1789408065.8412735,1789408065.8402793,4.832477816030083,-4.716292722433154,1.8688433183490891,-0.9311796026824202,0.2110561759378047,-0.14360690462555215,1.6138808364132669,297
1789408065.8511636,1789408065.8502362,4.822438834972023,-4.713981216241241,1.8672799460905227,-1.0721235814642924,0.25058569732367286,-0.16852023525816273,1.6072482902001302,297
1789408065.8610954,1789408065.8602173,4.810978800768624,-4.711260103053134,1.8654609255765267,-1.2205202614987174,0.29420135535918074,-0.19555062522438713,1.599638638959761,297
1789408065.8712907,1789408065.8702214,4.798036787545031,-4.708090817560617,1.8633669367939825,-1.3754678635084836,0.34196489125429275,-0.22465306168556487,1.5910041479951265,297
1789408065.8812542,1789408065.8803182,4.783461710173847,-4.70440901583246,1.860962720083226,-1.5370922197805534,0.39427202438928394,-0.25597899962344217,1.5812369350966275,297
1789408065.8910506,1789408065.8902106,4.767254339031964,-4.700184690494535,1.8582366204334084,-1.703778218017842,0.450974367539517,-0.2893463542861917,1.5703310238197117,297
1789408065.9009113,1789408065.9002295,4.749463848642662,-4.695399788657579,1.8551850741736586,-1.873698496344613,0.5117931462975207,-0.3245044277044168,1.5583144960112503,297
1789408065.9107573,1789408065.9102123,4.730164907517452,-4.6900437329891815,1.8518093595523606,-2.045110712906425,0.5764037317061336,-0.361187722018975,1.5452344493920045,297
1789408065.9209585,1789408065.920336,4.70844511184305,-4.683819907537939,1.847933609774389,-2.224438538737104,0.647730352606072,-0.40093724582649,1.5304677422096666,297
1789408065.93102,1789408065.930218,4.685492029905552,-4.677026735965444,1.8437543694170961,-2.400591762675689,0.7217898068750042,-0.4414286613507763,1.5148193160892938,297
1789408065.940622,1789408065.9402182,4.660756067753855,-4.669466515836705,1.8391591692887237,-2.5771779325984077,0.8003445332659599,-0.48355435762981336,1.497915289656483,297
1789408065.9510975,1789408065.950171,4.633719707836919,-4.660927887402245,1.8340329133228266,-2.756503256998685,0.8849584792652663,-0.5280265592460396,1.4794016738953542,297
1789408065.9611866,1789408065.9602065,4.605564433764853,-4.651738001564262,1.8285837728667511,-2.9299150656656554,0.9719115385462322,-0.5727946693683437,1.4600900764306612,297
1789408065.9709904,1789408065.9702108,4.57503575511533,-4.641437051876653,1.8225519592931105,-3.1043503862503656,1.0650630700127879,-0.6197447001176717,1.4391242269274638,297
1789408065.9808884,1789408065.9802086,4.543485265848092,-4.630429302478537,1.8161874081653464,-3.271370243181176,1.1602818850990642,-0.6666937499679217,1.417437988358197,297
1789408065.9908664,1789408065.9902563,4.509816620703595,-4.618281191358742,1.8092526451646092,-3.436265326875775,1.260889142494762,-0.7151874640393434,1.3942854368080113,297
1789408066.000826,1789408066.0002,4.509816620703595,-4.618281191358742,1.8092526451646092,-3.436265326875775,1.260889142494762,-0.7151874640393434,1.3942854368080113,297
1789408066.01074,1789408066.0102253,4.438168405876808,-4.591060909909654,1.7940179112293393,-3.7470367209296382,1.4721723485957912,-0.8134245108075241,1.3450247352574254,297
1789408066.0207665,1789408066.020202,4.399622450860938,-4.575646949837098,1.7855591782516462,-3.8942497673720124,1.584541891553743,-0.863729927023392,1.3185514463597208,297
1789408066.0309029,1789408066.030179,4.360358412112035,-4.559389143043274,1.7767572265555427,-4.031366642585429,1.6982329636365456,-0.9132777216725216,1.291621486951197,297
1789408066.0407124,1789408066.040208,4.319552908965516,-4.54189255012479,1.767413090190225,-4.161169615676631,1.8156673149822313,-0.963042125150488,1.2636862219171132,297
1789408066.05092,1789408066.0502055,4.277300997262095,-4.523122936125186,1.7575280188869637,-4.282898000449648,1.936585166887234,-1.0127846446190087,1.234830536442341,297
1789408066.0609484,1789408066.0601897,4.233912227114835,-4.50314635185409,1.7471559542680022,-4.395372595898064,2.06012072163,-1.062031995407885,1.2052876715567964,297
1789408066.0709383,1789408066.0701845,4.189518295879805,-4.48195707092052,1.7363124086326112,-4.498134704890238,2.1859232392800254,-1.1105406912359135,1.1751708846840507,297
1789408066.0810773,1789408066.0801973,4.144008557333988,-4.459430774115484,1.7249537520570033,-4.591307757189426,2.314324084760159,-1.1583248654074512,1.1444320597592557,297
1789408066.0907845,1789408066.090207,4.09799895470163,-4.435808818231073,1.7132204626448706,-4.673669970344177,2.4436043390586915,-1.2046486644207692,1.1135155150324205,297
1789408066.1008985,1789408066.1002195,4.050753483289806,-4.410640501327046,1.7009099460175614,-4.746508708397704,2.5758401737250844,-1.250140534825098,1.0819600416718924,297
1789408066.1109858,1789408066.1101956,4.050753483289806,-4.410640501327046,1.7009099460175614,-4.746508708397704,2.5758401737250844,-1.250140534825098,1.0819600416718924,297
1789408066.1208389,1789408066.120201,3.9542614518061434,-4.3562485522607775,1.6749385425118999,-4.8607126202205,2.8443828409270955,-1.3364442478277845,1.01823239642017,297
1789408066.1309,1789408066.1302102,3.905687562995709,-4.327280307487536,1.6614409357990865,-4.901712175093574,2.9788074435362253,-1.3764601401501257,0.9865864706169176,297
1789408066.1409292,1789408066.140231,3.8566038372581706,-4.296875530173183,1.6475116408038188,-4.932570997019967,3.1141175518207556,-1.4144895458620723,0.954958553509486,297
1789408066.150926,1789408066.1502047,3.806965113584294,-4.264924002875692,1.6331270391629775,-4.9534224169050995,3.2503969783861306,-1.4504132145730302,0.9233806016830315,297
1789408066.1606805,1789408066.1601684,3.7577591059638102,-4.232008335988399,1.6185711890619938,-4.964233124857966,3.384894913544912,-1.4834169569404896,0.8925390239450797,297
1789408066.1707637,1789408066.1701689,3.7069052797300546,-4.1966346330078155,1.6032168405064922,-4.965513119605889,3.523221494100317,-1.5146873093960223,0.8612159435965936,297
1789408066.1810355,1789408066.180169,3.657623353819988,-4.160981514700869,1.5880353592874337,-4.957552918349597,3.6565487331692417,-1.5421141711005744,0.8314727718839825,297
1789408066.1908932,1789408066.1901681,3.6080490311762126,-4.123691589688493,1.5724649107252555,-4.9407934659913355,3.7898630459057245,-1.5667066611702514,0.8022493597689098,297
1789408066.2015457,1789408066.2001796,3.5593970285874783,-4.085641916880043,1.556894463836108,-4.916181375586495,3.9198131883128124,-1.587767707480918,0.7743473756293779,297
1789408066.2106717,1789408066.2101665,3.5593970285874783,-4.085641916880043,1.556894463836108,-4.916181375586495,3.9198131883128124,-1.587767707480918,0.7743473756293779,297
1789408066.2207742,1789408066.220167,3.4615630863296643,-4.004494582728047,1.5247294068413946,-4.8437204318026765,4.177980685553282,-1.620210908061973,0.7210455677601417,297
1789408066.2309968,1789408066.230229,3.4132958300610015,-3.962035767188254,1.5084514571273062,-4.797441621543652,4.303294598149031,-1.630954479897807,0.6964072209936114,297
1789408066.2408657,1789408066.2402074,3.365739667009489,-3.918557913387433,1.4921604087555311,-4.745354839163521,4.419829434045693,-1.6377180067202728,0.6734353006788079,297
1789408066.2510014,1789408066.2501988,3.3185675198024227,-3.8738402658117597,1.4757656523436364,-4.687211461985167,4.519312674926874,-1.6401680045614206,0.6521954214732171,297
1789408066.261085,1789408066.260189,3.2719398214711837,-3.8281776603966216,1.4593462205813745,-4.623159940637896,4.594895222543719,-1.6379034852313483,0.6330563507853093,297
1789408066.2710698,1789408066.2701905,3.226158617334182,-3.7820750849565927,1.443037431792278,-4.553569024153453,4.64240165758486,-1.6306401307429697,0.6164360697431897,297
1789408066.2814808,1789408066.280185,3.1805785890676064,-3.735101246351515,1.4266384896763022,-4.477253753870879,4.660551620640519,-1.617943815421629,0.6024130948168727,297
1789408066.291126,1789408066.2902408,3.1361386005030596,-3.688455205635923,1.4105192879053032,-4.395586116045787,4.6489674931334015,-1.5998294188949944,0.591526145923392,297
1789408066.3011513,1789408066.3002102,3.092635847722957,-3.6421622918073275,1.3946422949448638,-4.308125379185905,4.609607776340412,-1.5761467902875672,0.5838442114341524,297
1789408066.3110924,1789408066.310193,3.092635847722957,-3.6421622918073275,1.3946422949448638,-4.308125379185905,4.609607776340412,-1.5761467902875672,0.5838442114341524,297
1789408066.3209548,1789408066.3201835,3.008558352012973,-3.5515425782807304,1.3637966779095245,-4.115502856617981,4.459454051662705,-1.511971009817546,0.5782491575462205,297
1789408066.3308895,1789408066.3301964,2.9680325582895826,-3.5075689079988837,1.3489139826140406,-4.010165678520282,4.35603949753608,-1.4715602410380075,0.5801945845163163,297
1789408066.3407621,1789408066.3401916,2.9282369361976426,-3.464315960268096,1.334333064545384,-3.8977950553817857,4.23813452874964,-1.4253582260682578,0.5851290433303753,297
1789408066.3511004,1789408066.3502116,2.889940507689078,-3.4226674831712014,1.3203663759236188,-3.7804783195844114,4.112097422622666,-1.374432836847346,0.5927016197439186,297
1789408066.3609266,1789408066.3601723,2.8526931664127098,-3.382141373526718,1.3068777405151784,-3.656869542284342,3.9804526812099903,-1.3184759946458082,0.6026766139311903,297
1789408066.37108,1789408066.370194,2.816772632309406,-3.343009351774623,1.2939936985072298,-3.527874820399824,3.8477090181150753,-1.258186751304732,0.6146583706929027,297
1789408066.3812404,1789408066.3802142,2.7822357570250986,-3.3052707085462165,1.2817562795379616,-3.3938354051666892,3.7171893783976366,-1.1940626729121606,0.6282740007743812,297
1789408066.3909657,1789408066.390188,2.7486765334536636,-3.2683885296289175,1.2700431028894326,-3.253172670838213,3.5898731947332063,-1.1256879615941453,0.643372986021757,297
1789408066.4008508,1789408066.4001968,2.7172240280212954,-3.23349826995803,1.2592604161438041,-3.110989968454947,3.4718990817995303,-1.0559262359732329,0.6591027409090593,297
1789408066.4110587,1789408066.4103212,2.7172240280212954,-3.23349826995803,1.2592604161438041,-3.110989968454947,3.4718990817995303,-1.0559262359732329,0.6591027409090593,297
1789408066.4209023,1789408066.4202063,2.657853819890788,-3.1661188709765704,1.2395646339667454,-2.8110586954527177,3.2575146323029007,-0.9084083793489786,0.6926386490670577,297
1789408066.4309332,1789408066.430208,2.6306429441852184,-3.1341761205639926,1.230897358625925,-2.657566044640719,3.163944232512711,-0.8335195740363178,0.7095626493307374,297
1789408066.4407136,1789408066.4402015,2.6047596147860963,-3.1028654310450494,1.2229126380987687,-2.5006004205321624,3.0773853897599976,-0.7578472622490676,0.7265071508305545,297
1789408066.4508295,1789408066.4501798,2.5805458488091095,-3.072500604144493,1.2157102116205873,-2.342795206442139,2.997508776856389,-0.6830382926534699,0.7430798939998255,297
1789408066.4608479,1789408066.4601803,2.5579188421182653,-3.0429176214326676,1.2092512400214739,-2.184411311029549,2.9220356318997336,-0.609559824320977,0.7591863669174761,297
1789408066.4708464,1789408066.4702098,2.536784803289871,-3.013950597178858,1.2034933651335367,-2.0255469737893232,2.8482456190180887,-0.5377937682731528,0.7747745521230891,297
1789408066.4810205,1789408066.4802139,2.517544508417807,-2.986175856449027,1.1985190908364522,-1.8703168924567106,2.7750315954143754,-0.4698492928079055,0.7894388061543569,297
1789408066.490917,1789408066.4901829,2.4996124047949304,-2.9587979586094035,1.1941493316006093,-1.7150542929842962,2.697553187337751,-0.4043550239674164,0.8035377445122427,297
1789408066.5009086,1789408066.5002105,2.483152285431507,-2.9321094921782813,1.1904008174153005,-1.5619791248708697,2.6137262198451716,-0.3425092113224874,0.8168805658976839,297
1789408066.5109584,1789408066.5102,2.483152285431507,-2.9321094921782813,1.1904008174153005,-1.5619791248708697,2.6137262198451716,-0.3425092113224874,0.8168805658976839,297
1789408066.5208426,1789408066.520203,2.454921599213371,-2.881803048740646,1.1846870120243933,-1.2698519530838697,2.4203219617287144,-0.23321766574180186,0.8408129582646848,297
1789408066.5308733,1789408066.5302205,2.4429552093960303,-2.8582269549250174,1.1826010495285122,-1.1315365808916618,2.3069722506650066,-0.1860877548973859,0.8514424312671307,297
1789408066.5408266,1789408066.540247,2.432257341274131,-2.8356662704301745,1.1809471697660578,-0.9982723756609823,2.1801266264173162,-0.1439139579058299,0.8612499909354765,297
1789408066.5506651,1789408066.5501757,2.422867239861896,-2.8144506819306434,1.1796901067659349,-0.871956128435663,2.0405577044409497,-0.10720457065878791,0.8701415463438746,297
1789408066.560728,1789408066.560178,2.4147662474464076,-2.794843181473353,1.1787803170777482,-0.7540652343261113,1.8900006203537987,-0.07614802380208875,0.8780676228015614,297
1789408066.5708513,1789408066.5702434,2.4077280832143346,-2.77659499100365,1.1781482694937186,-0.6429635890537473,1.7268141341562018,-0.05005898582265823,0.8851853818474262,297
1789408066.5809042,1789408066.5801795,2.40181011483762,-2.7601633802446206,1.177755606067872,-0.5412972446120896,1.5560461058898152,-0.02923755092699728,0.8913720854681582,297
1789408066.5910811,1789408066.5901804,2.396902889234579,-2.7455899549322362,1.1775484871382758,-0.4492733193716291,1.3805523847687846,-0.013251173233364623,0.8966720906214538,297
1789408066.6011553,1789408066.6001985,2.392844685396893,-2.7327116365697632,1.1774785184940826,-0.36584321159341604,1.201039134660814,-0.001452347027798116,0.901197109782127,297
1789408066.6110263,1789408066.610202,2.392844685396893,-2.7327116365697632,1.1774785184940826,-0.36584321159341604,1.201039134660814,-0.001452347027798116,0.901197109782127,297
1789408066.6210434,1789408066.6201792,2.386982906593763,-2.7122646087303943,1.1775987246491963,-0.22652395542892792,0.8464245236964725,0.011286592080374351,0.9080288799196816,297
1789408066.6310966,1789408066.6302161,2.385007035086018,-2.704655015636195,1.177723536124828,-0.1708902457545078,0.6799856580272282,0.013324785826434933,0.9104370460830078,297
1789408066.6410995,1789408066.6402514,2.3835202025837923,-2.6985589785310244,1.1778601172752503,-0.12353079309619608,0.5233592681511396,0.013277997276982444,0.9122980170634969,297
1789408066.6510746,1789408066.65019,2.3824918691844976,-2.6940769095728703,1.1779848722612198,-0.08601374723287382,0.3868815318335283,0.011789478001832353,0.9136172286858881,297
1789408066.6610868,1789408066.660184,2.3817885063667923,-2.6908246783256566,1.1780912760791193,-0.056213447340735245,0.2679451388534768,0.009431112958715404,0.9145400531583221,297
1789408066.6709068,1789408066.6701877,2.3813435778426584,-2.688664312739586,1.178172154207774,-0.03438384142090005,0.16873637065548291,0.006798095731549031,0.9151346751606841,297
1789408066.6809025,1789408066.6801815,2.381075239814019,-2.6873920787442955,1.1782279906681612,-0.020368115750245414,0.08761279455507036,0.004401487616989052,0.9154925914891161,297
1789408066.6909137,1789408066.690179,2.380907311949573,-2.6868428430100617,1.1782630911558054,-0.014326372099396313,0.024464252792583397,0.0027296208205941862,0.9156993864578402,297
1789408066.7009718,1789408066.7001958,2.3807603036116074,-2.6868413367663813,1.178286730602119,-0.016222002151736737,-0.021357567550793932,0.0021894181612383606,0.9158461241699933,297
1789408066.711024,1789408066.710188,2.3807603036116074,-2.6868413367663813,1.178286730602119,-0.016222002151736737,-0.021357567550793932,0.0021894181612383606,0.9158461241699933,297
1789408066.7210197,1789408066.720191,2.380221533562447,-2.6877960038433515,1.1783539693852934,-0.04296618493916197,-0.06438861771837859,0.005699722807912674,0.9163153672958326,297
1789408066.7312136,1789408066.7301986,2.3796709944616192,-2.6884515371751503,1.1784325051914202,-0.06783997363843017,-0.0636541078562806,0.010268079200844946,0.9168181020228616,297
1789408066.7412302,1789408066.7401958,2.378839560329093,-2.689025240716935,1.1785663006839255,-0.09991049075813947,-0.04901108931129471,0.016879633903636383,0.9176071061046034,297
1789408066.7511096,1789408066.7502074,2.377655768910461,-2.689385837441999,1.1787756066975827,-0.1390379152216434,-0.02128880816851692,0.025484177754190287,0.9187627514303534,297
1789408066.7610927,1789408066.7604604,2.3760514567963527,-2.6894082955487932,1.1790792569893815,-0.18501949117143748,0.018778992197526868,0.03593355765004457,0.9203615823717397,297
1789408066.770832,1789408066.7701924,2.373945922306252,-2.688970589061836,1.17949757443555,-0.2379866781264838,0.07084420123593228,0.048163794009649125,0.9224925501384365,297
1789408066.781216,1789408066.7802126,2.371242916849906,-2.6879406833707638,1.1800535157361873,-0.2982809177557542,0.1349176836106018,0.062167326998916,0.9252612195384404,297
1789408066.791068,1789408066.7902005,2.3679595071428103,-2.6862439202906607,1.1807454683062601,-0.36388588864124055,0.2084213632357174,0.07739260166263506,0.9286568361168508,297
1789408066.8011413,1789408066.8002105,2.3639636624558586,-2.683747461923526,1.1816018849354524,-0.4360291426552331,0.29231097800195355,0.0940474561775784,0.9328226071763852,297
1789408066.8109965,1789408066.810211,2.35916508405598,-2.680326256715477,1.1826422332681537,-0.5148000685272045,0.38642166805486866,0.11207734728405941,0.9378612531158457,297
1789408066.821118,1789408066.8201883,2.3536281306464857,-2.675979765805472,1.1838514283202244,-0.5979580744048222,0.48775722619145656,0.1309034864424904,0.943713908492495,297
1789408066.8312218,1789408066.8303392,2.347183282275074,-2.670537630942696,1.1852645382836562,-0.6869924435230381,0.5978351030177378,0.150789690599302,0.9505700065435236,297
1789408066.8409016,1789408066.8401992,2.3398772517268815,-2.6640059172687507,1.1868685055577037,-0.7802404743991692,0.7143461201892847,0.17126284232953753,0.9583923015247462,297
1789408066.8508744,1789408066.8501978,2.331552269031926,-2.6562160577796137,1.1886940897340217,-0.8787724119039085,0.83839622056813,0.19246224607112924,0.9673645740835302,297
1789408066.8607607,1789408066.8601875,2.322307851910374,-2.647240104388374,1.1907147845310138,-0.9805708648287018,0.9672388619528225,0.21387323776628228,0.9773965697414837,297
1789408066.8708434,1789408066.8702235,2.311960327901855,-2.636883441935269,1.1929653315054198,-1.0868882546454222,1.1022732858565225,0.2356906603214654,0.9887072356409299,297
1789408066.881028,1789408066.880214,2.300685287099259,-2.6253111563656395,1.195401763191202,-1.195260465186997,1.2402066375670788,0.2573552817519585,1.0011260114047953,297
1789408066.8909123,1789408066.8902094,2.2881626580261796,-2.6121848077286858,1.198086858197895,-1.3080857905565244,1.3839492555086366,0.27929739290272027,1.015030339865495,297
1789408066.9010856,1789408066.9002154,2.274466093915659,-2.597568798457519,1.200997609698564,-1.4239064769643976,1.531521563549803,0.30117934627002485,1.0303683728555615,297
1789408066.9119232,1789408066.910217,2.274466093915659,-2.597568798457519,1.200997609698564,-1.4239064769643976,1.531521563549803,0.30117934627002485,1.0303683728555615,297
1789408066.9211504,1789408066.9201987,2.2434129240259337,-2.5636959582428496,1.2074961151464565,-1.6630726726096945,1.835875452739621,0.34435166844807197,1.0656273659088484,297
1789408066.9310477,1789408066.9302213,2.2263415636449015,-2.544751984422499,1.2110107700599282,-1.7831959469422534,1.9884146484763776,0.3650541695069821,1.0852858433723485,297
1789408066.9408984,1789408066.9401991,2.207979595714,-2.5241842965582784,1.2147475662729859,-1.904886777458562,2.1426647886547308,0.3853876860199531,1.1066392645587493,297
1789408066.9511285,1789408066.9502034,2.188196510591736,-2.5018445288058606,1.2187254328588253,-2.0283395199820813,2.2988246909327836,0.4053736799862982,1.1298791281471388,297
1789408066.9611545,1789408066.9602168,2.1673933983883624,-2.47818861452284,1.2228573205698519,-2.150596235367262,2.4531189796193633,0.42453872024845446,1.154569209652055,297
1789408066.9711316,1789408066.9701943,2.1452780140310113,-2.452889501148863,1.2271955265976562,-2.27302504156449,2.607250125839042,0.44311003985432296,1.1810888211132735,297
1789408066.9812567,1789408066.9802628,2.1219716552166754,-2.4260898602948977,1.231710097241594,-2.3945470761592667,2.759836932445658,0.46092981369210495,1.2093272802015866,297
1789408066.9912078,1789408066.9902072,2.097460753392538,-2.3977794943951043,1.2363981018223666,-2.51490708307039,2.910544155577243,0.47797208187619916,1.2393326511193352,297
1789408067.0012262,1789408067.0001986,2.0714683343140052,-2.367642260809305,1.2413060812783028,-2.6350339663270272,3.0605174145675975,0.4943702878317368,1.271479676056712,297
1789408067.0112507,1789408067.0101936,2.0714683343140052,-2.367642260809305,1.2413060812783028,-2.6350339663270272,3.0605174145675975,0.4943702878317368,1.271479676056712,297
1789408067.0211387,1789408067.0201933,2.016234937403901,-2.303296395765787,1.251534443773944,-2.8677614181169147,3.3497052420397226,0.5243443641189995,1.3408370741391,297
1789408067.0311782,1789408067.0302117,1.987636010760759,-2.2698539962771487,1.256730580861756,-2.9775804394192447,3.485489318946903,0.5376269712943619,1.3772685365205295,297
1789408067.0410664,1789408067.0402212,1.9568096671473536,-2.233734045174609,1.262260202180288,-3.08865813383879,3.6223496732306875,0.550464564097235,1.4169049326427003,297
1789408067.051064,1789408067.0502203,1.9253482869197378,-2.1968067481349878,1.2678313240264671,-3.194813299210517,3.7526636658414487,0.5621390405260128,1.4577278587241886,297
1789408067.0608766,1789408067.0601637,1.8933917644655505,-2.1592457129563933,1.2734188468254246,-3.295719535225253,3.8760672491612387,0.5726605937806631,1.499552636806803,297
1789408067.071107,1789408067.070174,1.8594223146726345,-2.1192726054503135,1.2792832428772225,-3.3958557971643613,3.9980450112001726,0.5825022885417461,1.5443842177866636,297
1789408067.0812204,1789408067.080174,1.8252349190421682,-2.079005569990913,1.2851106737273357,-3.489694156751923,4.111877124362178,0.5911321330645725,1.5898659966790405,297
1789408067.09122,1789408067.0902317,1.7899713073088384,-2.0374409863181024,1.2910465933791548,-3.579665881467826,4.220548483249781,0.5988107357424862,1.6371355790266182,297
1789408067.1013799,1789408067.1002216,1.7536260549384257,-1.994578144540902,1.2970882718548968,-3.6656513229407697,4.323932152469191,0.6055421127189414,1.6862081793874533,297
1789408067.111479,1789408067.110404,1.7162136301944513,-1.9504396872714294,1.303229712098009,-3.747458000187653,4.421816358193598,0.6113242703161179,1.737070513890197,297
1789408067.1210096,1789408067.1201975,1.6784367691168718,-1.9058604367427228,1.3093541868685492,-3.8235396130839066,4.512384957283127,0.6160762135090966,1.788762550381598,297
1789408067.1312592,1789408067.130234,1.6399132043229545,-1.8603947477433136,1.31552325831226,-3.894695618113275,4.596629216779419,0.6198807139212551,1.8417980468118051,297
1789408067.1412923,1789408067.1402187,1.6006670893155819,-1.8140760739408428,1.3217315501049762,-3.9607801903671165,4.674407753449426,0.6227489184664262,1.8961388126959513,297
1789408067.1512341,1789408067.150211,1.560337473416463,-1.7664831460492378,1.3280336959638555,-4.022185063385652,4.746205850979095,0.6247036129138381,1.9522830568020602,297
1789408067.1611426,1789408067.160169,1.520207162933903,-1.7191340278203744,1.3342293979534912,-4.076929589011943,4.809746305641097,0.6257075378712353,2.008433108081914,297
1789408067.1711798,1789408067.170199,1.479167559805695,-1.6707245367116275,1.3404904421734507,-4.126509135681468,4.866804587446282,0.6258144054649787,2.0661266545152586,297
1789408067.1812146,1789408067.1802063,1.4375788042238635,-1.6216833361110958,1.3467604129057411,-4.170265786762642,4.9166455407086715,0.6250189283469552,2.1248518476348224,297
1789408067.1910546,1789408067.1901646,1.3955959242368972,-1.5721965760681058,1.3530158504268837,-4.207906691318049,4.9589644014544705,0.6233326151849484,2.184379475739286,297
1789408067.2010932,1789408067.200217,1.3529760299464215,-1.521981132275187,1.3592926023864245,-4.239472434912927,4.993829321828063,0.6207474304277543,2.2450447037431815,297
1789408067.211013,1789408067.2101736,1.3108024101768037,-1.4723155940177621,1.365432867626675,-4.264153490429257,5.020383378913577,0.6173518448221805,2.305290339720025,297
1789408067.2209704,1789408067.2202077,1.2685219815970241,-1.422550122709752,1.3715201113463333,-4.282365054507669,5.039121860526848,0.6131349995852768,2.3658883913905338,297
1789408067.230952,1789408067.2301846,1.2253287738094716,-1.3717385964716668,1.3776698945822352,-4.294204943598088,5.050136603104584,0.6080066315961832,2.427986492314648,297
1789408067.240838,1789408067.240172,1.1824259815467237,-1.3212984155368879,1.3837113173961195,-4.29916242277668,5.0529373138785525,0.6021073695731205,2.489845256767243,297
1789408067.2509787,1789408067.250204,1.13938482364275,-1.2707265081168817,1.389706900396204,-4.297265537150556,5.047558695515895,0.5953941268895497,2.552069215060685,297
1789408067.2607942,1789408067.2601678,1.096634594220226,-1.220528145201177,1.3955988330180997,-4.288490056653296,5.034033430968202,0.5879457574073379,2.614025226048049,297
1789408067.270886,1789408067.270186,1.0534967996240463,-1.169907643962279,1.4014819586990919,-4.272569316258095,5.012024949850053,0.5796455004803411,2.676686227324981,297
1789408067.280971,1789408067.28021,1.0103768977104879,-1.1193420298595465,1.407301621408465,-4.249432988527862,4.981507957533006,0.5705617901142908,2.7394549732033515,297
1789408067.2910328,1789408067.290227,0.9682224759957961,-1.0699420655773124,1.412933284829989,-4.21968554956428,4.943292217971369,0.5609180042933856,2.800938497476249,297
1789408067.3011672,1789408067.300199,0.926344678192572,-1.0208996434926036,1.4184726583728222,-4.182983354862719,4.896944769788873,0.5505838249500072,2.862128088817327,297
1789408067.311046,1789408067.3102024,0.8853120695366706,-0.9728798182228634,1.4238477413635227,-4.139920331190667,4.843228932712292,0.5397203094102824,2.9221814030074187,297
1789408067.3209085,1789408067.3202105,0.8442268523262373,-0.9248314735531014,1.4291785544632087,-4.089543815482362,4.780978002076603,0.5280984943199112,2.9824029292054317,297
1789408067.3312256,1789408067.3301945,0.8034916314247648,-0.8772255740383473,1.4344142075314525,-4.032182866409053,4.710629696537159,0.5158243817613677,3.0421954720074806,297
1789408067.3409905,1789408067.340196,0.7630992686398461,-0.8300534052107131,1.4395575759322123,-3.9677422420678923,4.632091222676654,0.5028954329893368,3.101561789219524,297
1789408067.3508468,1789408067.350207,0.7238302663250654,-0.7842251435023055,1.4445124458238332,-3.897578906232869,4.547027066539206,0.48957994721527953,3.1593456485551266,297
1789408067.3608797,1789408067.360168,0.6855708628760784,-0.7396058841075254,1.4492972848503485,-3.8217784004360715,4.455541004934224,0.47587434973098414,3.215704593440274,297
1789408067.3711572,1789408067.3702059,0.6470296647194145,-0.6946891369392068,1.4540751877669227,-3.7376375671491116,4.354392624772472,0.46130761597454556,3.272535171696849,297
1789408067.3812816,1789408067.38021,0.6102252589138526,-0.6518261095287794,1.4585985392431908,-3.6496211048870535,4.248959767574826,0.44665332591479484,3.3268542082727617,297
1789408067.3912742,1789408067.390209,0.574629588700077,-0.610398765146619,1.4629370395581032,-3.556974878119309,4.1383283844550105,0.43175482684466726,3.3794321662407163,297
1789408067.400858,1789408067.4001963,0.5390831123298242,-0.5690565821592753,1.4672340258952992,-3.4566401046050066,4.018858967817816,0.41612663391777716,3.4319767235469665,297
1789408067.4109228,1789408067.410166,0.5390831123298242,-0.5690565821592753,1.4672340258952992,-3.4566401046050066,4.018858967817816,0.41612663391777716,3.4319767235469665,297
1789408067.4211812,1789408067.4202037,0.47245353794120143,-0.491640291699317,1.4751928271444563,-3.2457107755125003,3.7686681144755436,0.38465053593116755,3.530564545542538,297
1789408067.431297,1789408067.4301949,0.4404041451423472,-0.4544391144561717,1.478976483675624,-3.132633812796693,3.6349981998821006,0.3684060750038485,3.5780268766379852,297
1789408067.4412572,1789408067.4402027,0.40968945247666244,-0.418810234093629,1.4825751675213368,-3.0164642446736174,3.4979568290078547,0.35209916820030485,3.6235351469878663,297
1789408067.451168,1789408067.450207,0.3800354698519006,-0.3844337035757083,1.4860238914778705,-2.896472232856543,3.356679515170061,0.3356148063911882,3.6674912036707297,297
1789408067.4612591,1789408067.4601836,0.3514029263714466,-0.35126227469766347,1.4893295928019665,-2.772678081608257,3.211190594640657,0.3189492028526904,3.709949883264661,297
1789408067.4712331,1789408067.470235,0.324639798372041,-0.32027579325384686,1.4923976199852689,-2.6492731929032765,3.0664050073863227,0.3026462576621194,3.7496501040036985,297
1789408067.4814112,1789408067.4802265,0.29864044463149725,-0.2901919259917271,1.4953575158325103,-2.5215820311449653,2.9168293818478155,0.28607281459879497,3.788228931259082,297
1789408067.4909768,1789408067.4901721,0.27428291723457604,-0.262024744947997,1.4981117158366077,-2.3942615178459628,2.767913123216382,0.26982131910775076,3.82438098610238,297
1789408067.5008595,1789408067.5002148,0.2506994340324238,-0.23476885400533098,1.5007606551440604,-2.2631240814611564,2.6147526574793014,0.2533456623536324,3.859392025259269,297
1789408067.5108283,1789408067.5101628,0.2290497402018439,-0.2097624542522783,1.5031765979602771,-2.1351500822956684,2.46548988271314,0.23750599589026372,3.8915382973960426,297
1789408067.520989,1789408067.5202305,0.20837710215860522,-0.1858981818910494,1.505468955886904,-2.0053477973193363,2.314288850273682,0.2216645836372258,3.922238542185844,297
1789408067.53121,1789408067.5302372,0.18873559586647035,-0.16323710480462789,1.507633334035436,-1.8742538315551118,2.1617724230515893,0.20588101939638764,3.9514111600197035,297
1789408067.5413609,1789408067.5402155,0.17079905213783458,-0.14255461034472972,1.509597762856142,-1.7470269071761586,2.013929282898373,0.1907586308680529,3.9780540546100367,297
1789408067.5512314,1789408067.5502043,0.1539735753110839,-0.12316381441564986,1.5114295656587342,-1.6202192638469755,1.8667380836054108,0.17586827446239034,4.003048312078354,297
1789408067.5612981,1789408067.5602257,0.13834214238865453,-0.10515879405020817,1.5131214163630833,-1.4949489871026684,1.721487918763649,0.16132924562772577,4.026269866267516,297
1789408067.5712805,1789408067.5702083,0.12386879263229966,-0.08849655817970059,1.514678906952332,-1.3715047087238807,1.5785033547812346,0.14716189126123808,4.047771484102464,297
1789408067.5815442,1789408067.5802212,0.11080178535359536,-0.07346117315571038,1.5160771655515637,-1.2528307038670863,1.4411802855025764,0.13368671498164145,4.067183846337626,297
1789408067.5910046,1789408067.5901673,0.09888206376815256,-0.05975285716265305,1.517345692292438,-1.1374969563478734,1.3078484620951887,0.12072321667069835,4.084891454734265,297
1789408067.6008432,1789408067.600193,0.08804521373087743,-0.04729613317734427,1.5184927934466486,-1.0256336062998654,1.1786463804856853,0.10827202160256977,4.100335553329366,298
1789408067.6107817,1789408067.6101928,0.07841313613661416,-0.03622969067166876,1.5195070315637096,-0.9194384458561835,1.056098167721359,0.09656164085283836,4.113630295728706,298
1789408067.620987,1789408067.620197,0.0697109572660185,-0.026236431406139127,1.5204186590917077,-0.8167978420480146,0.9377514815849555,0.0853443070397969,4.125646657914824,298
1789408067.6311514,1789408067.6301963,0.06204912937179613,-0.01744204443450459,1.5212172596309619,-0.7199099160922984,0.8261285995356209,0.07484689251125154,4.135682230592443,299
1789408067.6415985,1789408067.6402228,0.05530347479786524,-0.00970286002293419,1.52191690346515,-0.6282556209696244,0.7206180247251224,0.06499874196902161,4.143888126441883,299
1789408067.651132,1789408067.650211,0.049372666819676114,-0.002901670577857507,1.5225290422453377,-0.5413909255041052,0.6206973724597429,0.05574023518257132,4.1506282287726295,275
1789408067.6611412,1789408067.6602125,0.04446966933865781,0.002718356042701209,1.523032714158845,-0.46381457631263423,0.5315260493839968,0.04753499888050816,4.155531115850093,275
1789408067.6713521,1789408067.6702037,0.040153121071126674,0.007664003119019713,1.5234741033865358,-0.3897891282250896,0.4464960483011513,0.039762961984662115,4.159130958442482,276
1789408067.6811988,1789408067.6802096,0.03658713600469621,0.011747917890252313,1.5238370790007472,-0.32315679070059566,0.3700108181777466,0.0328174712976278,4.161771448115616,276
1789408067.691152,1789408067.690202,0.033705531604471095,0.015046659300837373,1.5241291001751796,-0.26427885506287474,0.30247091221406563,0.02672226644028375,4.163088484552097,277
1789408067.7008188,1789408067.7001913,0.031315799040092296,0.01778119098558073,1.5243702279325773,-0.21056921364633396,0.2408988270651644,0.021198941983711972,4.164160683775386,277
1789408067.7107346,1789408067.7102835,0.029446455920240533,0.019919369105432683,1.52455804041903,-0.16399012180338346,0.18753432750778032,0.016439873055525855,4.164469410483218,278
1789408067.7209213,1789408067.7202032,0.027995127623640093,0.021578745062849958,1.5247032432032481,-0.12355047404535568,0.14123159279468922,0.012333946546799313,4.164668158685916,278
1789408067.7310443,1789408067.730222,0.02693216933599163,0.02279359540222381,1.524809153004413,-0.09008273439496861,0.10293399104656231,0.008956465744633713,4.164814654816466,278
1789408067.7413144,1789408067.7401867,0.02617769180028584,0.02365555182541157,1.5248840272894189,-0.06292771650721818,0.07187756085940578,0.006231932484943137,4.164905402471043,279
1789408067.7511826,1789408067.7502065,0.02566130718126436,0.024245274860270616,1.5249350736115839,-0.04133309077920799,0.04719382462266353,0.004077432146424975,4.164812147357776,279
1789408067.7610998,1789408067.7602148,0.025332847821138316,0.024620243160021094,1.5249674184500945,-0.02500668658693428,0.028541824525721182,0.002457428049271071,4.164753000893881,279
1789408067.7712138,1789408067.7702289,0.0251438909555719,0.024835876957853387,1.524985956059239,-0.013495613205904533,0.015397837584576024,0.001321264375335085,4.164719057135221,279
1789408067.7815068,1789408067.7803695,0.025049071085684993,0.024944044907319718,1.5249952243727882,-0.006095493086114345,0.006952171757696135,0.0005945828731066527,4.164702059087644,279
1789408067.7912853,1789408067.7901812,0.02501117564501687,0.02498726006595753,1.5249989154321715,-0.0020332914289227233,0.002318248968716574,0.00019763152069485201,4.164695278011256,279
1789408067.8011127,1789408067.8002093,0.025000931253027492,0.024998938690947714,1.5249999098797042,-0.0003191150247126018,0.0003637105874574331,3.090680729922468e-05,4.164693447852165,279
1789408067.8107345,1789408067.8101742,0.025000000413797352,0.024999999528540595,1.5249999999600652,-9.879345697072495e-07,1.1256169756279633e-06,9.535520506531725e-08,4.1646932817988445,279
1789408067.821093,1789408067.8202214,0.02499999999999991,0.0250000000000008,1.5250000000000006,1.4210854715202004e-14,0.0,-8.881784197001252e-16,4.164693281725122,279
1789408067.831202,1789408067.8302429,0.02499999999999991,0.0250000000000008,1.5250000000000006,1.4210854715202004e-14,0.0,-8.881784197001252e-16,4.164693281725122,279
1789408067.8413668,1789408067.8402224,0.02499999999999991,0.0250000000000008,1.5250000000000006,1.4210854715202004e-14,0.0,-8.881784197001252e-16,4.164693281725122,279
1789408067.8512287,1789408067.8502214,0.02499999999999991,0.0250000000000008,1.5250000000000006,1.4210854715202004e-14,0.0,-8.881784197001252e-16,4.164693281725122,279
1789408067.8612335,1789408067.8602047,0.02499999999999991,0.0250000000000008,1.5250000000000006,1.4210854715202004e-14,0.0,-8.881784197001252e-16,4.164693281725122,279
1789408067.8713212,1789408067.870206,0.02499999999999991,0.0250000000000008,1.5250000000000006,1.4210854715202004e-14,0.0,-8.881784197001252e-16,4.164693281725122,279
1789408067.881279,1789408067.8802338,0.02499999999999991,0.0250000000000008,1.5250000000000006,1.4210854715202004e-14,0.0,-8.881784197001252e-16,4.164693281725122,279
1789408067.891336,1789408067.8901966,0.02499999999999991,0.0250000000000008,1.5250000000000006,1.4210854715202004e-14,0.0,-8.881784197001252e-16,4.164693281725122,279
1789408067.9011855,1789408067.9002178,0.02499999999999991,0.0250000000000008,1.5250000000000006,1.4210854715202004e-14,0.0,-8.881784197001252e-16,4.164693281725122,279
1789408067.9110055,1789408067.9102006,0.02499999999999991,0.0250000000000008,1.5250000000000006,1.4210854715202004e-14,0.0,-8.881784197001252e-16,4.164693281725122,279
1789408067.921272,1789408067.9202263,0.02499999999999991,0.0250000000000008,1.5250000000000006,1.4210854715202004e-14,0.0,-8.881784197001252e-16,4.164693281725122,279
1789408067.9313014,1789408067.9302225,0.02499999999999991,0.0250000000000008,1.5250000000000006,1.4210854715202004e-14,0.0,-8.881784197001252e-16,4.164693281725122,279
1789408067.941773,1789408067.940299,0.02499999999999991,0.0250000000000008,1.5250000000000006,1.4210854715202004e-14,0.0,-8.881784197001252e-16,4.164693281725122,279
1789408067.9516153,1789408067.9501889,0.02499999999999991,0.0250000000000008,1.5250000000000006,1.4210854715202004e-14,0.0,-8.881784197001252e-16,4.164693281725122,279
1789408067.9616446,1789408067.9602208,0.02499999999999991,0.0250000000000008,1.5250000000000006,1.4210854715202004e-14,0.0,-8.881784197001252e-16,4.164693281725122,279
1789408067.97148,1789408067.970207,0.02499999999999991,0.0250000000000008,1.5250000000000006,1.4210854715202004e-14,0.0,-8.881784197001252e-16,4.164693281725122,279
1789408067.981633,1789408067.9802046,0.02499999999999991,0.0250000000000008,1.5250000000000006,1.4210854715202004e-14,0.0,-8.881784197001252e-16,4.164693281725122,279
1789408067.9913876,1789408067.9901981,0.02499999999999991,0.0250000000000008,1.5250000000000006,1.4210854715202004e-14,0.0,-8.881784197001252e-16,4.164693281725122,279
1789408068.001168,1789408068.0002203,0.02499999999999991,0.0250000000000008,1.5250000000000006,1.4210854715202004e-14,0.0,-8.881784197001252e-16,4.164693281725122,279
1789408068.0107522,1789408068.01016,0.02499999999999991,0.0250000000000008,1.5250000000000006,1.4210854715202004e-14,0.0,-8.881784197001252e-16,4.164693281725122,279
1789408068.021684,1789408068.0201993,0.02499999999999991,0.0250000000000008,1.5250000000000006,1.4210854715202004e-14,0.0,-8.881784197001252e-16,4.164693281725122,279
1789408068.0312543,1789408068.0302236,0.02499999999999991,0.0250000000000008,1.5250000000000006,1.4210854715202004e-14,0.0,-8.881784197001252e-16,4.164693281725122,279
1789408068.0409229,1789408068.040169,0.02499999999999991,0.0250000000000008,1.5250000000000006,1.4210854715202004e-14,0.0,-8.881784197001252e-16,4.164693281725122,279
1789408068.0511584,1789408068.0501971,0.02499999999999991,0.0250000000000008,1.5250000000000006,1.4210854715202004e-14,0.0,-8.881784197001252e-16,4.164693281725122,279
1789408068.0610464,1789408068.060164,0.02499999999999991,0.0250000000000008,1.5250000000000006,1.4210854715202004e-14,0.0,-8.881784197001252e-16,4.164693281725122,279
1789408068.0710204,1789408068.0701911,0.02499999999999991,0.0250000000000008,1.5250000000000006,1.4210854715202004e-14,0.0,-8.881784197001252e-16,4.164693281725122,279
1789408068.081339,1789408068.0802233,0.02499999999999991,0.0250000000000008,1.5250000000000006,1.4210854715202004e-14,0.0,-8.881784197001252e-16,4.164693281725122,279
1789408068.0910573,1789408068.0902133,0.02499999999999991,0.0250000000000008,1.5250000000000006,1.4210854715202004e-14,0.0,-8.881784197001252e-16,4.164693281725122,279
1789408068.1011178,1789408068.1001897,0.02499999999999991,0.0250000000000008,1.5250000000000006,1.4210854715202004e-14,0.0,-8.881784197001252e-16,4.164693281725122,279
1789408068.1113064,1789408068.1101646,0.02499999999999991,0.0250000000000008,1.5250000000000006,1.4210854715202004e-14,0.0,-8.881784197001252e-16,4.164693281725122,279
1789408068.121275,1789408068.120199,0.02499999999999991,0.0250000000000008,1.5250000000000006,1.4210854715202004e-14,0.0,-8.881784197001252e-16,4.164693281725122,279
1789408068.1312714,1789408068.1302238,0.02499999999999991,0.0250000000000008,1.5250000000000006,1.4210854715202004e-14,0.0,-8.881784197001252e-16,4.164693281725122,279
1789408068.1408577,1789408068.1401718,0.02499999999999991,0.0250000000000008,1.5250000000000006,1.4210854715202004e-14,0.0,-8.881784197001252e-16,4.164693281725122,279
1789408068.1511056,1789408068.1501966,0.02499999999999991,0.0250000000000008,1.5250000000000006,1.4210854715202004e-14,0.0,-8.881784197001252e-16,4.164693281725122,279
